0.05,0,55,55,55.0
0.05,1,63,118,59.0
0.05,2,66,184,61.333333333333336
0.05,3,91,275,68.75
0.05,4,42,317,63.4
0.05,5,21,338,56.333333333333336
0.05,6,-11,327,46.714285714285715
0.05,7,82,409,51.125
0.05,8,94,503,55.888888888888886
0.05,9,20,523,52.3
0.05,10,66,589,53.54545454545455
0.05,11,18,607,50.583333333333336
0.05,12,29,636,48.92307692307692
0.05,13,85,721,51.5
0.05,14,71,792,52.8
0.05,15,36,828,51.75
0.05,16,65,893,52.529411764705884
0.05,17,61,954,53.0
0.05,18,-43,911,47.94736842105263
0.05,19,6,917,45.85
0.05,20,-190,727,34.61904761904762
0.05,21,84,811,36.86363636363637
0.05,22,-70,741,32.21739130434783
0.05,23,48,789,32.875
0.05,24,-420,369,14.76
0.05,25,-8,361,13.884615384615385
0.05,26,18,379,14.037037037037036
0.05,27,91,470,16.785714285714285
0.05,28,84,554,19.103448275862068
0.05,29,-27,527,17.566666666666666
0.05,30,-14,513,16.548387096774192
0.05,31,-59,454,14.1875
0.05,32,90,544,16.484848484848484
0.05,33,34,578,17.0
0.05,34,44,622,17.771428571428572
0.05,35,92,714,19.833333333333332
0.05,36,-20,694,18.756756756756758
0.05,37,92,786,20.68421052631579
0.05,38,-34,752,19.28205128205128
0.05,39,81,833,20.825
0.05,40,76,909,22.170731707317074
0.05,41,75,984,23.428571428571427
0.05,42,-210,774,18.0
0.05,43,-31,743,16.886363636363637
0.05,44,-345,398,8.844444444444445
0.05,45,78,476,10.347826086956522
0.05,46,35,511,10.872340425531915
0.05,47,87,598,12.458333333333334
0.05,48,91,689,14.061224489795919
0.05,49,79,768,15.36
0.05,50,88,856,16.784313725490197
0.05,51,-58,798,15.346153846153847
0.05,52,90,888,16.754716981132077
0.05,53,-31,857,15.87037037037037
0.05,54,26,883,16.054545454545455
0.05,55,-212,671,11.982142857142858
0.05,56,77,748,13.12280701754386
0.05,57,-3,745,12.844827586206897
0.05,58,38,783,13.271186440677965
0.05,59,-146,637,10.616666666666667
0.05,60,83,720,11.80327868852459
0.05,61,85,805,12.983870967741936
0.05,62,93,898,14.253968253968255
0.05,63,21,919,14.359375
0.05,64,-172,747,11.492307692307692
0.05,65,-141,606,9.181818181818182
0.05,66,72,678,10.119402985074627
0.05,67,66,744,10.941176470588236
0.05,68,-55,689,9.985507246376812
0.05,69,91,780,11.142857142857142
0.05,70,17,797,11.225352112676056
0.05,71,52,849,11.791666666666666
0.05,72,92,941,12.89041095890411
0.05,73,-49,892,12.054054054054054
0.05,74,-84,808,10.773333333333333
0.05,75,22,830,10.921052631578947
0.05,76,42,872,11.324675324675324
0.05,77,75,947,12.14102564102564
0.05,78,-43,904,11.443037974683545
0.05,79,79,983,12.2875
0.05,80,22,1005,12.407407407407407
0.05,81,-12,993,12.109756097560975
0.05,82,86,1079,13.0
0.05,83,60,1139,13.55952380952381
0.05,84,15,1154,13.576470588235294
0.05,85,0,1154,13.418604651162791
0.05,86,81,1235,14.195402298850574
0.05,87,22,1257,14.284090909090908
0.05,88,81,1338,15.03370786516854
0.05,89,48,1386,15.4
0.05,90,64,1450,15.934065934065934
0.05,91,83,1533,16.66304347826087
0.05,92,-184,1349,14.505376344086022
0.05,93,-105,1244,13.23404255319149
0.05,94,79,1323,13.926315789473684
0.05,95,89,1412,14.708333333333334
0.05,96,89,1501,15.474226804123711
0.05,97,93,1594,16.26530612244898
0.05,98,76,1670,16.86868686868687
0.05,99,8,1678,16.78
0.05,100,48,1726,17.08910891089109
0.05,101,33,1759,17.245098039215687
0.05,102,35,1794,17.41747572815534
0.05,103,72,1866,17.942307692307693
0.05,104,63,1929,18.37142857142857
0.05,105,54,1983,18.70754716981132
0.05,106,73,2056,19.214953271028037
0.05,107,45,2101,19.453703703703702
0.05,108,74,2175,19.954128440366972
0.05,109,-70,2105,19.136363636363637
0.05,110,94,2199,19.81081081081081
0.05,111,82,2281,20.366071428571427
0.05,112,29,2310,20.442477876106196
0.05,113,77,2387,20.93859649122807
0.05,114,83,2470,21.47826086956522
0.05,115,74,2544,21.93103448275862
0.05,116,-12,2532,21.641025641025642
0.05,117,67,2599,22.02542372881356
0.05,118,93,2692,22.6218487394958
0.05,119,82,2774,23.116666666666667
0.05,120,-21,2753,22.75206611570248
0.05,121,42,2795,22.90983606557377
0.05,122,-31,2764,22.471544715447155
0.05,123,-9,2755,22.217741935483872
0.05,124,-64,2691,21.528
0.05,125,81,2772,22.0
0.05,126,92,2864,22.551181102362204
0.05,127,88,2952,23.0625
0.05,128,92,3044,23.5968992248062
0.05,129,75,3119,23.99230769230769
0.05,130,27,3146,24.015267175572518
0.05,131,-317,2829,21.431818181818183
0.05,132,55,2884,21.68421052631579
0.05,133,-15,2869,21.41044776119403
0.05,134,19,2888,21.392592592592592
0.05,135,70,2958,21.75
0.05,136,-134,2824,20.613138686131386
0.05,137,94,2918,21.144927536231883
0.05,138,24,2942,21.165467625899282
0.05,139,11,2953,21.09285714285714
0.05,140,3,2956,20.9645390070922
0.05,141,75,3031,21.345070422535212
0.05,142,-88,2943,20.58041958041958
0.05,143,70,3013,20.92361111111111
0.05,144,24,3037,20.944827586206898
0.05,145,10,3047,20.86986301369863
0.05,146,-152,2895,19.693877551020407
0.05,147,29,2924,19.756756756756758
0.05,148,72,2996,20.107382550335572
0.05,149,-34,2962,19.746666666666666
0.05,150,94,3056,20.23841059602649
0.05,151,-241,2815,18.519736842105264
0.05,152,-32,2783,18.18954248366013
0.05,153,75,2858,18.558441558441558
0.05,154,61,2919,18.83225806451613
0.05,155,89,3008,19.28205128205128
0.05,156,-165,2843,18.10828025477707
0.05,157,80,2923,18.5
0.05,158,6,2929,18.42138364779874
0.05,159,84,3013,18.83125
0.05,160,-18,2995,18.60248447204969
0.05,161,88,3083,19.030864197530864
0.05,162,0,3083,18.914110429447852
0.05,163,79,3162,19.28048780487805
0.05,164,-162,3000,18.181818181818183
0.05,165,86,3086,18.59036144578313
0.05,166,93,3179,19.035928143712574
0.05,167,90,3269,19.458333333333332
0.05,168,-30,3239,19.16568047337278
0.05,169,-48,3191,18.770588235294117
0.05,170,95,3286,19.216374269005847
0.05,171,-82,3204,18.627906976744185
0.05,172,64,3268,18.890173410404625
0.05,173,55,3323,19.097701149425287
0.05,174,-53,3270,18.685714285714287
0.05,175,91,3361,19.09659090909091
0.05,176,92,3453,19.508474576271187
0.05,177,-23,3430,19.269662921348313
0.05,178,27,3457,19.312849162011172
0.05,179,94,3551,19.727777777777778
0.05,180,17,3568,19.712707182320443
0.05,181,88,3656,20.087912087912088
0.05,182,29,3685,20.136612021857925
0.05,183,92,3777,20.527173913043477
0.05,184,-7,3770,20.37837837837838
0.05,185,56,3826,20.56989247311828
0.05,186,9,3835,20.50802139037433
0.05,187,-55,3780,20.106382978723403
0.05,188,86,3866,20.455026455026456
0.05,189,50,3916,20.610526315789475
0.05,190,-10,3906,20.45026178010471
0.05,191,90,3996,20.8125
0.05,192,65,4061,21.041450777202073
0.05,193,58,4119,21.2319587628866
0.05,194,-1,4118,21.117948717948718
0.05,195,86,4204,21.448979591836736
0.05,196,60,4264,21.64467005076142
0.05,197,-5,4259,21.51010101010101
0.05,198,79,4338,21.798994974874372
0.05,199,44,4382,21.91
0.05,200,81,4463,22.203980099502488
0.05,201,54,4517,22.361386138613863
0.05,202,93,4610,22.70935960591133
0.05,203,48,4658,22.833333333333332
0.05,204,80,4738,23.11219512195122
0.05,205,60,4798,23.29126213592233
0.05,206,81,4879,23.570048309178745
0.05,207,92,4971,23.89903846153846
0.05,208,57,5028,24.057416267942585
0.05,209,94,5122,24.39047619047619
0.05,210,88,5210,24.691943127962084
0.05,211,79,5289,24.94811320754717
0.05,212,47,5336,25.051643192488264
0.05,213,87,5423,25.3411214953271
0.05,214,94,5517,25.66046511627907
0.05,215,64,5581,25.837962962962962
0.05,216,55,5636,25.972350230414747
0.05,217,76,5712,26.201834862385322
0.05,218,41,5753,26.269406392694062
0.05,219,-243,5510,25.045454545454547
0.05,220,81,5591,25.29864253393665
0.05,221,25,5616,25.2972972972973
0.05,222,92,5708,25.59641255605381
0.05,223,50,5758,25.705357142857142
0.05,224,25,5783,25.702222222222222
0.05,225,-26,5757,25.47345132743363
0.05,226,-197,5560,24.493392070484582
0.05,227,87,5647,24.767543859649123
0.05,228,80,5727,25.00873362445415
0.05,229,47,5774,25.104347826086958
0.05,230,61,5835,25.25974025974026
0.05,231,88,5923,25.530172413793103
0.05,232,88,6011,25.798283261802574
0.05,233,19,6030,25.76923076923077
0.05,234,-50,5980,25.4468085106383
0.05,235,73,6053,25.64830508474576
0.05,236,89,6142,25.91561181434599
0.05,237,29,6171,25.928571428571427
0.05,238,-62,6109,25.560669456066947
0.05,239,77,6186,25.775
0.05,240,-82,6104,25.327800829875518
0.05,241,81,6185,25.55785123966942
0.05,242,66,6251,25.724279835390945
0.05,243,-78,6173,25.299180327868854
0.05,244,76,6249,25.506122448979593
0.05,245,1,6250,25.40650406504065
0.05,246,86,6336,25.65182186234818
0.05,247,93,6429,25.923387096774192
0.05,248,-24,6405,25.72289156626506
0.05,249,88,6493,25.972
0.05,250,15,6508,25.92828685258964
0.05,251,78,6586,26.134920634920636
0.05,252,89,6675,26.383399209486164
0.05,253,26,6701,26.381889763779526
0.05,254,71,6772,26.55686274509804
0.05,255,85,6857,26.78515625
0.05,256,45,6902,26.85603112840467
0.05,257,80,6982,27.06201550387597
0.05,258,62,7044,27.1969111969112
0.05,259,-112,6932,26.661538461538463
0.05,260,-63,6869,26.31800766283525
0.05,261,-80,6789,25.912213740458014
0.05,262,-42,6747,25.653992395437264
0.05,263,84,6831,25.875
0.05,264,-57,6774,25.562264150943395
0.05,265,42,6816,25.62406015037594
0.05,266,-17,6799,25.46441947565543
0.05,267,91,6890,25.708955223880597
0.05,268,-22,6868,25.53159851301115
0.05,269,11,6879,25.477777777777778
0.05,270,89,6968,25.71217712177122
0.05,271,79,7047,25.908088235294116
0.05,272,92,7139,26.15018315018315
0.05,273,78,7217,26.33941605839416
0.05,274,86,7303,26.556363636363635
0.05,275,93,7396,26.797101449275363
0.05,276,-131,7265,26.227436823104693
0.05,277,-143,7122,25.618705035971225
0.05,278,55,7177,25.724014336917563
0.05,279,74,7251,25.896428571428572
0.05,280,9,7260,25.83629893238434
0.05,281,-69,7191,25.5
0.05,282,92,7283,25.73498233215548
0.05,283,82,7365,25.933098591549296
0.05,284,-24,7341,25.757894736842104
0.05,285,90,7431,25.982517482517483
0.05,286,38,7469,26.024390243902438
0.05,287,57,7526,26.131944444444443
0.05,288,62,7588,26.2560553633218
0.05,289,41,7629,26.306896551724137
0.05,290,-117,7512,25.814432989690722
0.05,291,38,7550,25.856164383561644
0.05,292,24,7574,25.849829351535835
0.05,293,89,7663,26.064625850340136
0.05,294,14,7677,26.023728813559323
0.05,295,92,7769,26.24662162162162
0.05,296,71,7840,26.397306397306398
0.05,297,21,7861,26.379194630872483
0.05,298,76,7937,26.54515050167224
0.05,299,94,8031,26.77
0.05,300,59,8090,26.877076411960132
0.05,301,-12,8078,26.748344370860927
0.05,302,92,8170,26.963696369636963
0.05,303,83,8253,27.148026315789473
0.05,304,85,8338,27.337704918032788
0.05,305,-8,8330,27.22222222222222
0.05,306,-28,8302,27.042345276872965
0.05,307,55,8357,27.133116883116884
0.05,308,-34,8323,26.93527508090615
0.05,309,-232,8091,26.1
0.05,310,92,8183,26.311897106109324
0.05,311,-13,8170,26.185897435897434
0.05,312,77,8247,26.3482428115016
0.05,313,24,8271,26.340764331210192
0.05,314,-74,8197,26.022222222222222
0.05,315,-21,8176,25.873417721518987
0.05,316,85,8261,26.05993690851735
0.05,317,62,8323,26.17295597484277
0.05,318,16,8339,26.141065830721004
0.05,319,72,8411,26.284375
0.05,320,43,8454,26.33644859813084
0.05,321,59,8513,26.437888198757765
0.05,322,54,8567,26.523219814241486
0.05,323,63,8630,26.635802469135804
0.05,324,66,8696,26.756923076923076
0.05,325,-5,8691,26.65950920245399
0.05,326,78,8769,26.81651376146789
0.05,327,31,8800,26.829268292682926
0.05,328,92,8892,27.027355623100306
0.05,329,-78,8814,26.70909090909091
0.05,330,-112,8702,26.290030211480364
0.05,331,-49,8653,26.063253012048193
0.05,332,20,8673,26.045045045045047
0.05,333,83,8756,26.21556886227545
0.05,334,94,8850,26.417910447761194
0.05,335,72,8922,26.553571428571427
0.05,336,8,8930,26.498516320474778
0.05,337,30,8960,26.50887573964497
0.05,338,-109,8851,26.10914454277286
0.05,339,64,8915,26.220588235294116
0.05,340,77,8992,26.36950146627566
0.05,341,92,9084,26.56140350877193
0.05,342,80,9164,26.717201166180757
0.05,343,-16,9148,26.593023255813954
0.05,344,48,9196,26.655072463768114
0.05,345,55,9251,26.73699421965318
0.05,346,-121,9130,26.311239193083573
0.05,347,76,9206,26.45402298850575
0.05,348,59,9265,26.54727793696275
0.05,349,89,9354,26.725714285714286
0.05,350,-214,9140,26.03988603988604
0.05,351,-164,8976,25.5
0.05,352,-78,8898,25.206798866855525
0.05,353,-18,8880,25.084745762711865
0.05,354,-181,8699,24.504225352112677
0.05,355,-255,8444,23.719101123595507
0.05,356,-53,8391,23.50420168067227
0.05,357,47,8438,23.56983240223464
0.05,358,-232,8206,22.857938718662954
0.05,359,94,8300,23.055555555555557
0.05,360,64,8364,23.168975069252078
0.05,361,25,8389,23.174033149171272
0.05,362,64,8453,23.286501377410467
0.05,363,54,8507,23.37087912087912
0.05,364,94,8601,23.564383561643837
0.05,365,87,8688,23.737704918032787
0.05,366,-1,8687,23.670299727520437
0.05,367,56,8743,23.758152173913043
0.05,368,87,8830,23.929539295392953
0.05,369,33,8863,23.954054054054055
0.05,370,-693,8170,22.02156334231806
0.05,371,-43,8127,21.846774193548388
0.05,372,-4,8123,21.777479892761395
0.05,373,-151,7972,21.315508021390375
0.05,374,13,7985,21.293333333333333
0.05,375,-5,7980,21.22340425531915
0.05,376,56,8036,21.315649867374006
0.05,377,5,8041,21.272486772486772
0.05,378,15,8056,21.25593667546174
0.05,379,88,8144,21.431578947368422
0.05,380,66,8210,21.548556430446194
0.05,381,67,8277,21.667539267015705
0.05,382,79,8356,21.817232375979113
0.05,383,92,8448,22.0
0.05,384,-81,8367,21.73246753246753
0.05,385,-100,8267,21.417098445595855
0.05,386,39,8306,21.462532299741603
0.05,387,88,8394,21.6340206185567
0.05,388,-20,8374,21.52699228791774
0.05,389,21,8395,21.525641025641026
0.05,390,87,8482,21.69309462915601
0.05,391,-48,8434,21.51530612244898
0.05,392,-136,8298,21.114503816793892
0.05,393,85,8383,21.276649746192895
0.05,394,73,8456,21.40759493670886
0.05,395,92,8548,21.585858585858585
0.05,396,95,8643,21.770780856423173
0.05,397,76,8719,21.907035175879397
0.05,398,-111,8608,21.573934837092732
0.05,399,-282,8326,20.815
0.05,400,-12,8314,20.733167082294266
0.05,401,-130,8184,20.35820895522388
0.05,402,95,8279,20.543424317617866
0.05,403,93,8372,20.722772277227723
0.05,404,94,8466,20.903703703703705
0.05,405,70,8536,21.02463054187192
0.05,406,25,8561,21.034398034398034
0.05,407,85,8646,21.191176470588236
0.05,408,64,8710,21.295843520782395
0.05,409,72,8782,21.41951219512195
0.05,410,-18,8764,21.323600973236008
0.05,411,78,8842,21.461165048543688
0.05,412,-104,8738,21.15738498789346
0.05,413,54,8792,21.23671497584541
0.05,414,59,8851,21.327710843373495
0.05,415,34,8885,21.358173076923077
0.05,416,88,8973,21.51798561151079
0.05,417,84,9057,21.667464114832537
0.05,418,89,9146,21.828162291169452
0.05,419,-52,9094,21.652380952380952
0.05,420,24,9118,21.65795724465558
0.05,421,-34,9084,21.526066350710902
0.05,422,92,9176,21.692671394799053
0.05,423,29,9205,21.70990566037736
0.05,424,41,9246,21.755294117647058
0.05,425,93,9339,21.922535211267604
0.05,426,80,9419,22.05854800936768
0.05,427,75,9494,22.182242990654206
0.05,428,88,9582,22.335664335664337
0.05,429,80,9662,22.469767441860466
0.05,430,-8,9654,22.39907192575406
0.05,431,92,9746,22.560185185185187
0.05,432,-23,9723,22.454965357967666
0.05,433,-43,9680,22.304147465437786
0.05,434,-11,9669,22.22758620689655
0.05,435,-321,9348,21.440366972477065
0.05,436,54,9402,21.51487414187643
0.05,437,91,9493,21.67351598173516
0.05,438,66,9559,21.774487471526196
0.05,439,89,9648,21.927272727272726
0.05,440,78,9726,22.05442176870748
0.05,441,78,9804,22.18099547511312
0.05,442,91,9895,22.336343115124155
0.05,443,74,9969,22.4527027027027
0.05,444,89,10058,22.602247191011237
0.05,445,-137,9921,22.244394618834082
0.05,446,88,10009,22.39149888143177
0.05,447,74,10083,22.506696428571427
0.05,448,33,10116,22.530066815144767
0.05,449,-28,10088,22.41777777777778
0.05,450,-21,10067,22.32150776053215
0.05,451,67,10134,22.420353982300885
0.05,452,73,10207,22.532008830022075
0.05,453,78,10285,22.654185022026432
0.05,454,90,10375,22.802197802197803
0.05,455,14,10389,22.782894736842106
0.05,456,81,10470,22.910284463894968
0.05,457,94,10564,23.065502183406114
0.05,458,62,10626,23.15032679738562
0.05,459,80,10706,23.27391304347826
0.05,460,80,10786,23.39696312364425
0.05,461,84,10870,23.528138528138527
0.05,462,93,10963,23.67818574514039
0.05,463,-546,10417,22.450431034482758
0.05,464,-494,9923,21.33978494623656
0.05,465,78,10001,21.46137339055794
0.05,466,56,10057,21.535331905781586
0.05,467,33,10090,21.55982905982906
0.05,468,18,10108,21.55223880597015
0.05,469,88,10196,21.693617021276594
0.05,470,33,10229,21.717622080679405
0.05,471,-22,10207,21.625
0.05,472,78,10285,21.74418604651163
0.05,473,-37,10248,21.620253164556964
0.05,474,85,10333,21.753684210526316
0.05,475,86,10419,21.888655462184875
0.05,476,86,10505,22.0230607966457
0.05,477,39,10544,22.05857740585774
0.05,478,62,10606,22.1419624217119
0.05,479,92,10698,22.2875
0.05,480,64,10762,22.374220374220375
0.05,481,80,10842,22.493775933609957
0.05,482,80,10922,22.612836438923395
0.05,483,68,10990,22.706611570247933
0.05,484,62,11052,22.787628865979382
0.05,485,39,11091,22.820987654320987
0.05,486,95,11186,22.969199178644764
0.05,487,85,11271,23.096311475409838
0.05,488,73,11344,23.198364008179958
0.05,489,17,11361,23.185714285714287
0.05,490,64,11425,23.268839103869652
0.05,491,-1,11424,23.21951219512195
0.05,492,86,11510,23.34685598377282
0.05,493,23,11533,23.346153846153847
0.05,494,10,11543,23.31919191919192
0.05,495,84,11627,23.441532258064516
0.05,496,76,11703,23.547283702213278
0.05,497,45,11748,23.59036144578313
0.05,498,66,11814,23.675350701402806
0.05,499,93,11907,23.814
0.05,500,-33,11874,23.70059880239521
0.05,501,92,11966,23.836653386454184
0.05,502,25,11991,23.8389662027833
0.05,503,92,12083,23.974206349206348
0.05,504,27,12110,23.980198019801982
0.05,505,55,12165,24.041501976284586
0.05,506,13,12178,24.01972386587771
0.05,507,-11,12167,23.950787401574804
0.05,508,15,12182,23.93320235756385
0.05,509,-42,12140,23.80392156862745
0.05,510,68,12208,23.89041095890411
0.05,511,77,12285,23.994140625
0.05,512,30,12315,24.005847953216374
0.05,513,-120,12195,23.72568093385214
0.05,514,-22,12173,23.636893203883496
0.05,515,64,12237,23.71511627906977
0.05,516,66,12303,23.796905222437136
0.05,517,11,12314,23.772200772200772
0.05,518,-97,12217,23.539499036608863
0.05,519,8,12225,23.509615384615383
0.05,520,18,12243,23.499040307101726
0.05,521,26,12269,23.50383141762452
0.05,522,84,12353,23.619502868068835
0.05,523,76,12429,23.71946564885496
0.05,524,72,12501,23.81142857142857
0.05,525,-18,12483,23.731939163498097
0.05,526,91,12574,23.859582542694497
0.05,527,81,12655,23.96780303030303
0.05,528,39,12694,23.996219281663517
0.05,529,82,12776,24.10566037735849
0.05,530,-54,12722,23.958568738229754
0.05,531,-15,12707,23.88533834586466
0.05,532,30,12737,23.896810506566606
0.05,533,83,12820,24.00749063670412
0.05,534,21,12841,24.001869158878506
0.05,535,-33,12808,23.895522388059703
0.05,536,52,12860,23.94785847299814
0.05,537,94,12954,24.07806691449814
0.05,538,92,13046,24.20408163265306
0.05,539,9,13055,24.175925925925927
0.05,540,10,13065,24.149722735674676
0.05,541,47,13112,24.19188191881919
0.05,542,5,13117,24.156537753222835
0.05,543,86,13203,24.270220588235293
0.05,544,-2,13201,24.222018348623852
0.05,545,55,13256,24.278388278388277
0.05,546,71,13327,24.363802559414992
0.05,547,-72,13255,24.187956204379564
0.05,548,57,13312,24.247723132969035
0.05,549,54,13366,24.30181818181818
0.05,550,74,13440,24.39201451905626
0.05,551,-34,13406,24.286231884057973
0.05,552,19,13425,24.276672694394215
0.05,553,-243,13182,23.794223826714802
0.05,554,-29,13153,23.6990990990991
0.05,555,49,13202,23.744604316546763
0.05,556,17,13219,23.732495511669658
0.05,557,-14,13205,23.664874551971327
0.05,558,75,13280,23.756708407871198
0.05,559,-49,13231,23.626785714285713
0.05,560,-43,13188,23.50802139037433
0.05,561,88,13276,23.622775800711743
0.05,562,62,13338,23.69094138543517
0.05,563,85,13423,23.79964539007092
0.05,564,85,13508,23.907964601769912
0.05,565,88,13596,24.021201413427562
0.05,566,91,13687,24.13932980599647
0.05,567,-44,13643,24.0193661971831
0.05,568,84,13727,24.124780316344463
0.05,569,85,13812,24.231578947368423
0.05,570,38,13850,24.25569176882662
0.05,571,45,13895,24.291958041958043
0.05,572,19,13914,24.282722513089006
0.05,573,91,14005,24.398954703832754
0.05,574,88,14093,24.509565217391305
0.05,575,-111,13982,24.274305555555557
0.05,576,90,14072,24.388214904679376
0.05,577,79,14151,24.482698961937718
0.05,578,24,14175,24.481865284974095
0.05,579,45,14220,24.517241379310345
0.05,580,3,14223,24.480206540447504
0.05,581,45,14268,24.515463917525775
0.05,582,-99,14169,24.30360205831904
0.05,583,56,14225,24.357876712328768
0.05,584,73,14298,24.44102564102564
0.05,585,58,14356,24.498293515358363
0.05,586,88,14444,24.60647359454855
0.05,587,-41,14403,24.494897959183675
0.05,588,-30,14373,24.40237691001698
0.05,589,77,14450,24.491525423728813
0.05,590,66,14516,24.56175972927242
0.05,591,73,14589,24.64358108108108
0.05,592,76,14665,24.73018549747049
0.05,593,73,14738,24.811447811447813
0.05,594,84,14822,24.9109243697479
0.05,595,68,14890,24.983221476510067
0.05,596,-196,14694,24.613065326633166
0.05,597,70,14764,24.68896321070234
0.05,598,63,14827,24.752921535893154
0.05,599,-151,14676,24.46
0.05,600,18,14694,24.449251247920134
0.05,601,6,14700,24.41860465116279
0.05,602,29,14729,24.42620232172471
0.05,603,93,14822,24.539735099337747
0.05,604,47,14869,24.57685950413223
0.05,605,-90,14779,24.387788778877887
0.05,606,55,14834,24.43822075782537
0.05,607,50,14884,24.480263157894736
0.05,608,80,14964,24.571428571428573
0.05,609,-174,14790,24.24590163934426
0.05,610,94,14884,24.360065466448447
0.05,611,73,14957,24.43954248366013
0.05,612,72,15029,24.517128874388256
0.05,613,76,15105,24.60097719869707
0.05,614,69,15174,24.673170731707316
0.05,615,91,15265,24.780844155844157
0.05,616,92,15357,24.889789303079418
0.05,617,84,15441,24.985436893203882
0.05,618,83,15524,25.079159935379643
0.05,619,94,15618,25.190322580645162
0.05,620,76,15694,25.272141706924316
0.05,621,81,15775,25.361736334405144
0.05,622,84,15859,25.45585874799358
0.05,623,-106,15753,25.245192307692307
0.05,624,34,15787,25.2592
0.05,625,37,15824,25.277955271565496
0.05,626,-126,15698,25.036682615629985
0.05,627,94,15792,25.146496815286625
0.05,628,85,15877,25.241653418124006
0.05,629,34,15911,25.255555555555556
0.05,630,73,15984,25.33122028526149
0.05,631,59,16043,25.384493670886076
0.05,632,83,16126,25.475513428120063
0.05,633,81,16207,25.563091482649842
0.05,634,61,16268,25.618897637795275
0.05,635,-79,16189,25.45440251572327
0.05,636,94,16283,25.562009419152275
0.05,637,88,16371,25.65987460815047
0.05,638,23,16394,25.655712050078247
0.05,639,-20,16374,25.584375
0.05,640,93,16467,25.689547581903277
0.05,641,26,16493,25.690031152647975
0.05,642,29,16522,25.695178849144636
0.05,643,46,16568,25.726708074534162
0.05,644,-195,16373,25.384496124031006
0.05,645,34,16407,25.397832817337463
0.05,646,51,16458,25.43740340030912
0.05,647,82,16540,25.52469135802469
0.05,648,-56,16484,25.399075500770415
0.05,649,-250,16234,24.975384615384616
0.05,650,82,16316,25.062980030721967
0.05,651,52,16368,25.104294478527606
0.05,652,88,16456,25.20061255742726
0.05,653,-126,16330,24.96941896024465
0.05,654,47,16377,25.003053435114502
0.05,655,81,16458,25.088414634146343
0.05,656,63,16521,25.14611872146119
0.05,657,94,16615,25.25075987841945
0.05,658,92,16707,25.352048558421853
0.05,659,88,16795,25.446969696969695
0.05,660,19,16814,25.437216338880486
0.05,661,72,16886,25.507552870090635
0.05,662,72,16958,25.57767722473605
0.05,663,62,17020,25.632530120481928
0.05,664,26,17046,25.633082706766917
0.05,665,25,17071,25.63213213213213
0.05,666,14,17085,25.614692653673163
0.05,667,89,17174,25.709580838323355
0.05,668,85,17259,25.798206278026907
0.05,669,-166,17093,25.51194029850746
0.05,670,-17,17076,25.448584202682564
0.05,671,89,17165,25.543154761904763
0.05,672,82,17247,25.62704309063893
0.05,673,-138,17109,25.384272997032642
0.05,674,71,17180,25.451851851851853
0.05,675,94,17274,25.55325443786982
0.05,676,93,17367,25.65288035450517
0.05,677,84,17451,25.738938053097346
0.05,678,-1,17450,25.69955817378498
0.05,679,93,17543,25.798529411764704
0.05,680,-30,17513,25.716593245227607
0.05,681,-3,17510,25.674486803519063
0.05,682,20,17530,25.66617862371889
0.05,683,-62,17468,25.538011695906434
0.05,684,-18,17450,25.474452554744527
0.05,685,72,17522,25.542274052478135
0.05,686,83,17605,25.625909752547308
0.05,687,37,17642,25.642441860465116
0.05,688,75,17717,25.714078374455735
0.05,689,83,17800,25.797101449275363
0.05,690,89,17889,25.888567293777136
0.05,691,39,17928,25.90751445086705
0.05,692,93,18021,26.004329004329005
0.05,693,-1,18020,25.965417867435157
0.05,694,22,18042,25.95971223021583
0.05,695,90,18132,26.051724137931036
0.05,696,88,18220,26.140602582496413
0.05,697,80,18300,26.21776504297994
0.05,698,94,18394,26.314735336194563
0.05,699,90,18484,26.405714285714286
0.05,700,36,18520,26.419400855920113
0.05,701,-29,18491,26.340455840455842
0.05,702,94,18585,26.43669985775249
0.05,703,-31,18554,26.355113636363637
0.05,704,64,18618,26.408510638297873
0.05,705,77,18695,26.480169971671387
0.05,706,85,18780,26.562942008486562
0.05,707,85,18865,26.6454802259887
0.05,708,-9,18856,26.595204513399153
0.05,709,-26,18830,26.52112676056338
0.05,710,68,18898,26.57946554149086
0.05,711,-20,18878,26.514044943820224
0.05,712,82,18960,26.59186535764376
0.05,713,-15,18945,26.53361344537815
0.05,714,26,18971,26.532867132867132
0.05,715,-8,18963,26.48463687150838
0.05,716,1,18964,26.449093444909344
0.05,717,53,19017,26.48607242339833
0.05,718,86,19103,26.56884561891516
0.05,719,-25,19078,26.497222222222224
0.05,720,84,19162,26.576976421636616
0.05,721,-174,18988,26.299168975069254
0.05,722,-34,18954,26.21576763485477
0.05,723,92,19046,26.306629834254142
0.05,724,45,19091,26.33241379310345
0.05,725,-76,19015,26.191460055096417
0.05,726,94,19109,26.284731774415405
0.05,727,-124,18985,26.078296703296704
0.05,728,-494,18491,25.364883401920437
0.05,729,89,18580,25.45205479452055
0.05,730,51,18631,25.48700410396717
0.05,731,-9,18622,25.439890710382514
0.05,732,43,18665,25.463847203274216
0.05,733,9,18674,25.44141689373297
0.05,734,19,18693,25.43265306122449
0.05,735,-80,18613,25.289402173913043
0.05,736,87,18700,25.37313432835821
0.05,737,-82,18618,25.227642276422763
0.05,738,10,18628,25.20703653585927
0.05,739,14,18642,25.191891891891892
0.05,740,-38,18604,25.106612685560055
0.05,741,-78,18526,24.967654986522913
0.05,742,94,18620,25.06056527590848
0.05,743,94,18714,25.153225806451612
0.05,744,45,18759,25.179865771812082
0.05,745,50,18809,25.21313672922252
0.05,746,81,18890,25.287817938420346
0.05,747,-64,18826,25.168449197860962
0.05,748,83,18909,25.2456608811749
0.05,749,21,18930,25.24
0.05,750,-52,18878,25.137150466045274
0.05,751,5,18883,25.11037234042553
0.05,752,81,18964,25.184594953519255
0.05,753,50,19014,25.217506631299734
0.05,754,93,19107,25.30728476821192
0.05,755,35,19142,25.32010582010582
0.05,756,30,19172,25.326287978863938
0.05,757,3,19175,25.296833773087073
0.05,758,21,19196,25.291172595520422
0.05,759,71,19267,25.351315789473684
0.05,760,79,19346,25.421813403416557
0.05,761,80,19426,25.493438320209975
0.05,762,28,19454,25.496723460026214
0.05,763,-98,19356,25.335078534031414
0.05,764,-71,19285,25.209150326797385
0.05,765,76,19361,25.27545691906005
0.05,766,73,19434,25.33767926988266
0.05,767,34,19468,25.348958333333332
0.05,768,-66,19402,25.230169050715215
0.05,769,33,19435,25.24025974025974
0.05,770,93,19528,25.328145265888455
0.05,771,90,19618,25.411917098445596
0.05,772,70,19688,25.46959896507115
0.05,773,46,19734,25.496124031007753
0.05,774,73,19807,25.55741935483871
0.05,775,94,19901,25.64561855670103
0.05,776,68,19969,25.7001287001287
0.05,777,88,20057,25.78020565552699
0.05,778,94,20151,25.86777920410783
0.05,779,88,20239,25.9474358974359
0.05,780,-28,20211,25.878361075544174
0.05,781,20,20231,25.87084398976982
0.05,782,84,20315,25.94508301404853
0.05,783,82,20397,26.01658163265306
0.05,784,47,20444,26.04331210191083
0.05,785,85,20529,26.11832061068702
0.05,786,11,20540,26.099110546378654
0.05,787,74,20614,26.15989847715736
0.05,788,94,20708,26.245880861850445
0.05,789,-35,20673,26.168354430379747
0.05,790,46,20719,26.193426042983564
0.05,791,80,20799,26.261363636363637
0.05,792,48,20847,26.28877679697352
0.05,793,69,20916,26.34256926952141
0.05,794,51,20967,26.373584905660376
0.05,795,3,20970,26.344221105527637
0.05,796,25,20995,26.34253450439147
0.05,797,87,21082,26.418546365914786
0.05,798,-87,20995,26.27659574468085
0.05,799,94,21089,26.36125
0.05,800,15,21104,26.347066167290887
0.05,801,-89,21015,26.203241895261847
0.05,802,73,21088,26.26151930261519
0.05,803,-157,20931,26.03358208955224
0.05,804,-50,20881,25.93913043478261
0.05,805,56,20937,25.976426799007445
0.05,806,-28,20909,25.909541511771994
0.05,807,79,20988,25.975247524752476
0.05,808,35,21023,25.986402966625462
0.05,809,-380,20643,25.485185185185184
0.05,810,44,20687,25.50801479654747
0.05,811,92,20779,25.589901477832512
0.05,812,25,20804,25.589175891758916
0.05,813,29,20833,25.593366093366093
0.05,814,-62,20771,25.485889570552146
0.05,815,51,20822,25.517156862745097
0.05,816,16,20838,25.505507955936352
0.05,817,84,20922,25.577017114914426
0.05,818,-28,20894,25.511599511599513
0.05,819,54,20948,25.546341463414635
0.05,820,83,21031,25.6163215590743
0.05,821,93,21124,25.69829683698297
0.05,822,77,21201,25.76063183475091
0.05,823,-32,21169,25.690533980582526
0.05,824,56,21225,25.727272727272727
0.05,825,-32,21193,25.65738498789346
0.05,826,4,21197,25.631197097944376
0.05,827,-122,21075,25.452898550724637
0.05,828,89,21164,25.529553679131485
0.05,829,92,21256,25.60963855421687
0.05,830,42,21298,25.62936221419976
0.05,831,82,21380,25.697115384615383
0.05,832,28,21408,25.699879951980794
0.05,833,90,21498,25.776978417266186
0.05,834,-153,21345,25.562874251497007
0.05,835,88,21433,25.63755980861244
0.05,836,52,21485,25.66905615292712
0.05,837,93,21578,25.749403341288783
0.05,838,61,21639,25.791418355184742
0.05,839,-58,21581,25.691666666666666
0.05,840,94,21675,25.772889417360286
0.05,841,53,21728,25.80522565320665
0.05,842,28,21756,25.80782918149466
0.05,843,72,21828,25.862559241706162
0.05,844,49,21877,25.889940828402366
0.05,845,-15,21862,25.84160756501182
0.05,846,65,21927,25.88783943329398
0.05,847,-78,21849,25.765330188679247
0.05,848,84,21933,25.833922261484098
0.05,849,-12,21921,25.789411764705882
0.05,850,75,21996,25.847238542890718
0.05,851,92,22088,25.92488262910798
0.05,852,88,22176,25.99765533411489
0.05,853,-44,22132,25.915690866510538
0.05,854,-4,22128,25.880701754385964
0.05,855,-78,22050,25.759345794392523
0.05,856,79,22129,25.82147024504084
0.05,857,78,22207,25.882284382284382
0.05,858,29,22236,25.88591385331781
0.05,859,-72,22164,25.772093023255813
0.05,860,78,22242,25.83275261324042
0.05,861,35,22277,25.84338747099768
0.05,862,82,22359,25.908458864426418
0.05,863,38,22397,25.922453703703702
0.05,864,73,22470,25.976878612716764
0.05,865,17,22487,25.96651270207852
0.05,866,18,22505,25.957324106113035
0.05,867,77,22582,26.016129032258064
0.05,868,89,22671,26.088607594936708
0.05,869,-4,22667,26.054022988505746
0.05,870,59,22726,26.091848450057405
0.05,871,88,22814,26.162844036697248
0.05,872,90,22904,26.235967926689575
0.05,873,47,22951,26.259725400457665
0.05,874,-17,22934,26.210285714285714
0.05,875,-5,22929,26.174657534246574
0.05,876,-3,22926,26.14139110604333
0.05,877,-73,22853,26.028473804100226
0.05,878,5,22858,26.004550625711037
0.05,879,-218,22640,25.727272727272727
0.05,880,54,22694,25.759364358683314
0.05,881,-32,22662,25.693877551020407
0.05,882,58,22720,25.730464326160817
0.05,883,87,22807,25.79977375565611
0.05,884,75,22882,25.855367231638418
0.05,885,-18,22864,25.8058690744921
0.05,886,85,22949,25.87260428410372
0.05,887,92,23041,25.94707207207207
0.05,888,77,23118,26.004499437570303
0.05,889,23,23141,26.001123595505618
0.05,890,53,23194,26.031425364758697
0.05,891,88,23282,26.10089686098655
0.05,892,93,23375,26.175811870100784
0.05,893,52,23427,26.20469798657718
0.05,894,5,23432,26.18100558659218
0.05,895,84,23516,26.245535714285715
0.05,896,33,23549,26.253065774804906
0.05,897,43,23592,26.271714922048996
0.05,898,42,23634,26.289210233592883
0.05,899,83,23717,26.352222222222224
0.05,900,78,23795,26.409544950055494
0.05,901,85,23880,26.47450110864745
0.05,902,0,23880,26.44518272425249
0.05,903,90,23970,26.515486725663717
0.05,904,92,24062,26.587845303867404
0.05,905,13,24075,26.572847682119207
0.05,906,30,24105,26.576626240352812
0.05,907,-101,24004,26.43612334801762
0.05,908,48,24052,26.45984598459846
0.05,909,-71,23981,26.352747252747253
0.05,910,91,24072,26.42371020856202
0.05,911,79,24151,26.48135964912281
0.05,912,-11,24140,26.44030668127054
0.05,913,92,24232,26.51203501094092
0.05,914,-88,24144,26.386885245901638
0.05,915,-13,24131,26.343886462882097
0.05,916,-1,24130,26.314067611777535
0.05,917,56,24186,26.34640522875817
0.05,918,93,24279,26.418933623503808
0.05,919,23,24302,26.41521739130435
0.05,920,38,24340,26.427795874049945
0.05,921,60,24400,26.464208242950107
0.05,922,46,24446,26.48537378114843
0.05,923,36,24482,26.495670995670995
0.05,924,76,24558,26.54918918918919
0.05,925,-30,24528,26.488120950323975
0.05,926,90,24618,26.55663430420712
0.05,927,34,24652,26.564655172413794
0.05,928,82,24734,26.6243272335845
0.05,929,85,24819,26.68709677419355
0.05,930,12,24831,26.671321160042964
0.05,931,85,24916,26.733905579399142
0.05,932,92,25008,26.80385852090032
0.05,933,6,25014,26.781584582441113
0.05,934,62,25076,26.819251336898397
0.05,935,72,25148,26.867521367521366
0.05,936,-114,25034,26.717182497331912
0.05,937,94,25128,26.788912579957355
0.05,938,-97,25031,26.657082002129926
0.05,939,70,25101,26.703191489361704
0.05,940,-85,25016,26.584484590860786
0.05,941,87,25103,26.648619957537154
0.05,942,68,25171,26.692470837751856
0.05,943,25,25196,26.690677966101696
0.05,944,72,25268,26.738624338624337
0.05,945,8,25276,26.718816067653275
0.05,946,60,25336,26.753959873284057
0.05,947,90,25426,26.820675105485233
0.05,948,-127,25299,26.658587987355112
0.05,949,52,25351,26.685263157894738
0.05,950,46,25397,26.7055730809674
0.05,951,-260,25137,26.404411764705884
0.05,952,81,25218,26.461699895068207
0.05,953,63,25281,26.5
0.05,954,50,25331,26.524607329842933
0.05,955,81,25412,26.581589958158997
0.05,956,81,25493,26.638453500522466
0.05,957,13,25506,26.62421711899791
0.05,958,0,25506,26.59645464025026
0.05,959,-60,25446,26.50625
0.05,960,-87,25359,26.388137356919874
0.05,961,94,25453,26.45841995841996
0.05,962,84,25537,26.51817237798546
0.05,963,87,25624,26.58091286307054
0.05,964,80,25704,26.636269430051815
0.05,965,2,25706,26.610766045548655
0.05,966,-1,25705,26.58221302998966
0.05,967,13,25718,26.568181818181817
0.05,968,18,25736,26.559339525283796
0.05,969,59,25795,26.59278350515464
0.05,970,-59,25736,26.50463439752832
0.05,971,90,25826,26.569958847736626
0.05,972,-38,25788,26.503597122302157
0.05,973,58,25846,26.53593429158111
0.05,974,92,25938,26.603076923076923
0.05,975,70,26008,26.647540983606557
0.05,976,63,26071,26.68474923234391
0.05,977,95,26166,26.754601226993866
0.05,978,42,26208,26.77017364657814
0.05,979,-164,26044,26.57551020408163
0.05,980,75,26119,26.624872579001018
0.05,981,-73,26046,26.523421588594704
0.05,982,92,26138,26.59003051881994
0.05,983,53,26191,26.616869918699187
0.05,984,92,26283,26.68324873096447
0.05,985,65,26348,26.72210953346856
0.05,986,88,26436,26.78419452887538
0.05,987,-56,26380,26.700404858299596
0.05,988,28,26408,26.701718907987868
0.05,989,-58,26350,26.616161616161616
0.05,990,89,26439,26.679112008072654
0.05,991,21,26460,26.673387096774192
0.05,992,24,26484,26.67069486404834
0.05,993,88,26572,26.732394366197184
0.05,994,52,26624,26.757788944723618
0.05,995,6,26630,26.73694779116466
0.05,996,55,26685,26.76529588766299
0.05,997,85,26770,26.82364729458918
0.05,998,89,26859,26.885885885885887
0.05,999,90,26949,26.949
0.05,1000,38,26987,26.96003996003996
0.05,1001,-11,26976,26.922155688622755
0.05,1002,-128,26848,26.767696909272182
0.05,1003,32,26880,26.772908366533866
0.05,1004,4,26884,26.750248756218905
0.05,1005,43,26927,26.766401590457257
0.05,1006,94,27021,26.833167825223438
0.05,1007,-41,26980,26.765873015873016
0.05,1008,55,27035,26.793855302279486
0.05,1009,73,27108,26.83960396039604
0.05,1010,46,27154,26.858555885262117
0.05,1011,82,27236,26.91304347826087
0.05,1012,-38,27198,26.848963474827247
0.05,1013,4,27202,26.826429980276135
0.05,1014,-111,27091,26.69064039408867
0.05,1015,-53,27038,26.612204724409448
0.05,1016,2,27040,26.588003933136676
0.05,1017,67,27107,26.62770137524558
0.05,1018,3,27110,26.604514229636898
0.05,1019,19,27129,26.597058823529412
0.05,1020,68,27197,26.637610186092065
0.05,1021,-147,27050,26.467710371819962
0.05,1022,4,27054,26.44574780058651
0.05,1023,93,27147,26.5107421875
0.05,1024,86,27233,26.56878048780488
0.05,1025,94,27327,26.63450292397661
0.05,1026,-59,27268,26.55111976630964
0.05,1027,88,27356,26.610894941634243
0.05,1028,69,27425,26.652089407191447
0.05,1029,77,27502,26.700970873786407
0.05,1030,62,27564,26.73520853540252
0.05,1031,91,27655,26.79748062015504
0.05,1032,88,27743,26.8567279767667
0.05,1033,13,27756,26.843326885880078
0.05,1034,82,27838,26.896618357487924
0.05,1035,59,27897,26.927606177606176
0.05,1036,31,27928,26.931533269045325
0.05,1037,94,28022,26.996146435452793
0.05,1038,86,28108,27.05293551491819
0.05,1039,36,28144,27.06153846153846
0.05,1040,-37,28107,27.0
0.05,1041,72,28179,27.043186180422264
0.05,1042,84,28263,27.097794822627037
0.05,1043,76,28339,27.14463601532567
0.05,1044,79,28418,27.19425837320574
0.05,1045,80,28498,27.244741873804973
0.05,1046,38,28536,27.255014326647565
0.05,1047,16,28552,27.244274809160306
0.05,1048,84,28636,27.298379408960916
0.05,1049,72,28708,27.34095238095238
0.05,1050,-29,28679,27.287345385347287
0.05,1051,-38,28641,27.225285171102662
0.05,1052,42,28683,27.23931623931624
0.05,1053,22,28705,27.234345351043643
0.05,1054,34,28739,27.240758293838862
0.05,1055,86,28825,27.296401515151516
0.05,1056,92,28917,27.357615894039736
0.05,1057,86,29003,27.41304347826087
0.05,1058,83,29086,27.465533522190746
0.05,1059,-69,29017,27.37452830188679
0.05,1060,66,29083,27.410933081998117
0.05,1061,38,29121,27.42090395480226
0.05,1062,51,29172,27.443085606773284
0.05,1063,81,29253,27.49342105263158
0.05,1064,67,29320,27.530516431924884
0.05,1065,33,29353,27.535647279549718
0.05,1066,94,29447,27.5979381443299
0.05,1067,-103,29344,27.475655430711612
0.05,1068,88,29432,27.532273152478954
0.05,1069,81,29513,27.582242990654205
0.05,1070,71,29584,27.62278244631186
0.05,1071,8,29592,27.604477611940297
0.05,1072,49,29641,27.624417520969246
0.05,1073,90,29731,27.682495344506517
0.05,1074,48,29779,27.70139534883721
0.05,1075,36,29815,27.70910780669145
0.05,1076,37,29852,27.71773444753946
0.05,1077,-16,29836,27.67717996289425
0.05,1078,94,29930,27.7386468952734
0.05,1079,-136,29794,27.58703703703704
0.05,1080,-455,29339,27.140610545790935
0.05,1081,16,29355,27.130314232902034
0.05,1082,70,29425,27.169898430286242
0.05,1083,71,29496,27.210332103321033
0.05,1084,-6,29490,27.179723502304146
0.05,1085,53,29543,27.203499079189687
0.05,1086,87,29630,27.258509659613615
0.05,1087,14,29644,27.246323529411764
0.05,1088,89,29733,27.303030303030305
0.05,1089,76,29809,27.347706422018348
0.05,1090,94,29903,27.408799266727772
0.05,1091,88,29991,27.464285714285715
0.05,1092,-87,29904,27.359560841720036
0.05,1093,84,29988,27.411334552102378
0.05,1094,84,30072,27.46301369863014
0.05,1095,4,30076,27.44160583941606
0.05,1096,-43,30033,27.37739288969918
0.05,1097,53,30086,27.40072859744991
0.05,1098,63,30149,27.43312101910828
0.05,1099,45,30194,27.44909090909091
0.05,1100,-30,30164,27.396911898274297
0.05,1101,-34,30130,27.34119782214156
0.05,1102,-22,30108,27.29646418857661
0.05,1103,-144,29964,27.141304347826086
0.05,1104,55,30019,27.166515837104072
0.05,1105,54,30073,27.190777576853527
0.05,1106,-1,30072,27.165311653116532
0.05,1107,92,30164,27.223826714801444
0.05,1108,79,30243,27.270513976555456
0.05,1109,56,30299,27.296396396396396
0.05,1110,79,30378,27.342934293429344
0.05,1111,62,30440,27.37410071942446
0.05,1112,73,30513,27.41509433962264
0.05,1113,35,30548,27.421903052064632
0.05,1114,82,30630,27.47085201793722
0.05,1115,91,30721,27.52777777777778
0.05,1116,67,30788,27.563115487914054
0.05,1117,92,30880,27.620751341681576
0.05,1118,25,30905,27.618409294012512
0.05,1119,80,30985,27.665178571428573
0.05,1120,64,31049,27.697591436217664
0.05,1121,85,31134,27.74866310160428
0.05,1122,93,31227,27.806767586821014
0.05,1123,79,31306,27.852313167259787
0.05,1124,-189,31117,27.659555555555556
0.05,1125,93,31210,27.71758436944938
0.05,1126,-152,31058,27.558118899733806
0.05,1127,90,31148,27.613475177304963
0.05,1128,14,31162,27.601417183348097
0.05,1129,40,31202,27.612389380530974
0.05,1130,91,31293,27.6684350132626
0.05,1131,92,31385,27.725265017667844
0.05,1132,93,31478,27.7828773168579
0.05,1133,76,31554,27.825396825396826
0.05,1134,89,31643,27.879295154185023
0.05,1135,9,31652,27.862676056338028
0.05,1136,78,31730,27.906772207563765
0.05,1137,-139,31591,27.760105448154658
0.05,1138,90,31681,27.814749780509217
0.05,1139,-44,31637,27.75175438596491
0.05,1140,-17,31620,27.7125328659071
0.05,1141,7,31627,27.694395796847637
0.05,1142,26,31653,27.69291338582677
0.05,1143,-146,31507,27.541083916083917
0.05,1144,77,31584,27.584279475982534
0.05,1145,24,31608,27.581151832460733
0.05,1146,-4,31604,27.553618134263296
0.05,1147,-54,31550,27.482578397212542
0.05,1148,91,31641,27.5378590078329
0.05,1149,-15,31626,27.500869565217393
0.05,1150,-263,31363,27.248479582971328
0.05,1151,79,31442,27.29340277777778
0.05,1152,64,31506,27.325238508239377
0.05,1153,-6,31500,27.296360485268632
0.05,1154,39,31539,27.306493506493506
0.05,1155,74,31613,27.346885813148788
0.05,1156,93,31706,27.40363007778738
0.05,1157,92,31798,27.459412780656304
0.05,1158,15,31813,27.448662640207075
0.05,1159,-3,31810,27.42241379310345
0.05,1160,77,31887,27.46511627906977
0.05,1161,-100,31787,27.35542168674699
0.05,1162,30,31817,27.35769561478934
0.05,1163,71,31888,27.395189003436425
0.05,1164,93,31981,27.451502145922746
0.05,1165,74,32055,27.491423670668954
0.05,1166,89,32144,27.54413024850043
0.05,1167,48,32192,27.561643835616437
0.05,1168,92,32284,27.61676646706587
0.05,1169,73,32357,27.655555555555555
0.05,1170,86,32443,27.70538001707942
0.05,1171,-33,32410,27.65358361774744
0.05,1172,61,32471,27.682011935208866
0.05,1173,77,32548,27.724020442930154
0.05,1174,18,32566,27.715744680851063
0.05,1175,95,32661,27.772959183673468
0.05,1176,70,32731,27.808836023789294
0.05,1177,63,32794,27.838709677419356
0.05,1178,81,32875,27.883799830364715
0.05,1179,47,32922,27.9
0.05,1180,-328,32594,27.59864521591871
0.05,1181,92,32686,27.653130287648054
0.05,1182,15,32701,27.642434488588336
0.05,1183,-36,32665,27.58868243243243
0.05,1184,7,32672,27.571308016877637
0.05,1185,94,32766,27.62731871838111
0.05,1186,-194,32572,27.440606571187868
0.05,1187,89,32661,27.492424242424242
0.05,1188,-74,32587,27.407064760302774
0.05,1189,80,32667,27.45126050420168
0.05,1190,79,32746,27.49454240134341
0.05,1191,33,32779,27.499161073825505
0.05,1192,-34,32745,27.447611064543167
0.05,1193,88,32833,27.498324958123952
0.05,1194,85,32918,27.546443514644352
0.05,1195,-86,32832,27.451505016722408
0.05,1196,22,32854,27.446950710108606
0.05,1197,78,32932,27.48914858096828
0.05,1198,-101,32831,27.381984987489574
0.05,1199,56,32887,27.405833333333334
0.05,1200,55,32942,27.42880932556203
0.05,1201,-149,32793,27.282029950083196
0.05,1202,28,32821,27.28262676641729
0.05,1203,20,32841,27.276578073089702
0.05,1204,69,32910,27.311203319502074
0.05,1205,93,33003,27.365671641791046
0.05,1206,-1,33002,27.342170671085334
0.05,1207,22,33024,27.337748344370862
0.05,1208,83,33107,27.383788254755995
0.05,1209,18,33125,27.376033057851238
0.05,1210,60,33185,27.40297274979356
0.05,1211,85,33270,27.45049504950495
0.05,1212,-71,33199,27.369332234130255
0.05,1213,91,33290,27.42174629324547
0.05,1214,81,33371,27.465843621399177
0.05,1215,-59,33312,27.394736842105264
0.05,1216,48,33360,27.411668036154477
0.05,1217,81,33441,27.45566502463054
0.05,1218,0,33441,27.433141919606236
0.05,1219,-134,33307,27.300819672131148
0.05,1220,88,33395,27.35053235053235
0.05,1221,56,33451,27.373977086743043
0.05,1222,-43,33408,27.316434995911692
0.05,1223,91,33499,27.36846405228758
0.05,1224,73,33572,27.405714285714286
0.05,1225,-8,33564,27.3768352365416
0.05,1226,-98,33466,27.274653626731865
0.05,1227,64,33530,27.30456026058632
0.05,1228,14,33544,27.29373474369406
0.05,1229,83,33627,27.339024390243903
0.05,1230,17,33644,27.330625507717304
0.05,1231,91,33735,27.382305194805195
0.05,1232,-21,33714,27.343065693430656
0.05,1233,93,33807,27.396272285251214
0.05,1234,87,33894,27.444534412955466
0.05,1235,-90,33804,27.349514563106798
0.05,1236,82,33886,27.393694421988684
0.05,1237,-36,33850,27.34248788368336
0.05,1238,-44,33806,27.28490718321227
0.05,1239,53,33859,27.30564516129032
0.05,1240,-50,33809,27.243352135374696
0.05,1241,71,33880,27.278582930756844
0.05,1242,88,33968,27.327433628318584
0.05,1243,77,34045,27.367363344051448
0.05,1244,93,34138,27.42008032128514
0.05,1245,-105,34033,27.313804173354736
0.05,1246,79,34112,27.35525260625501
0.05,1247,-81,34031,27.268429487179485
0.05,1248,-14,34017,27.235388310648517
0.05,1249,19,34036,27.2288
0.05,1250,63,34099,27.257394084732216
0.05,1251,83,34182,27.30191693290735
0.05,1252,84,34266,27.347166799680767
0.05,1253,17,34283,27.338915470494417
0.05,1254,92,34375,27.390438247011954
0.05,1255,91,34466,27.441082802547772
0.05,1256,48,34514,27.457438345266507
0.05,1257,93,34607,27.50953895071542
0.05,1258,4,34611,27.490865766481335
0.05,1259,28,34639,27.49126984126984
0.05,1260,90,34729,27.540840602696274
0.05,1261,-47,34682,27.48177496038035
0.05,1262,57,34739,27.505146476642913
0.05,1263,86,34825,27.55142405063291
0.05,1264,-38,34787,27.499604743083005
0.05,1265,-132,34655,27.373617693522906
0.05,1266,2,34657,27.353591160220994
0.05,1267,67,34724,27.384858044164037
0.05,1268,89,34813,27.433412135539797
0.05,1269,21,34834,27.428346456692914
0.05,1270,82,34916,27.471282454760033
0.05,1271,80,34996,27.5125786163522
0.05,1272,-115,34881,27.40062843676355
0.05,1273,46,34927,27.415227629513343
0.05,1274,87,35014,27.461960784313725
0.05,1275,93,35107,27.51332288401254
0.05,1276,57,35164,27.53641346906813
0.05,1277,88,35252,27.58372456964006
0.05,1278,71,35323,27.617670054730258
0.05,1279,41,35364,27.628125
0.05,1280,14,35378,27.617486338797814
0.05,1281,41,35419,27.62792511700468
0.05,1282,90,35509,27.676539360872955
0.05,1283,60,35569,27.70171339563863
0.05,1284,9,35578,27.68715953307393
0.05,1285,33,35611,27.691290824261277
0.05,1286,-199,35412,27.515151515151516
0.05,1287,-165,35247,27.365683229813666
0.05,1288,87,35334,27.411947245927074
0.05,1289,53,35387,27.431782945736433
0.05,1290,94,35481,27.483346243222307
0.05,1291,81,35562,27.524767801857585
0.05,1292,65,35627,27.553750966744005
0.05,1293,12,35639,27.54173106646059
0.05,1294,51,35690,27.55984555984556
0.05,1295,85,35775,27.604166666666668
0.05,1296,84,35859,27.64764841942945
0.05,1297,-193,35666,27.477657935285055
0.05,1298,91,35757,27.526558891454965
0.05,1299,-25,35732,27.486153846153847
0.05,1300,-95,35637,27.392006149116064
0.05,1301,94,35731,27.4431643625192
0.05,1302,86,35817,27.488104374520336
0.05,1303,31,35848,27.49079754601227
0.05,1304,91,35939,27.539463601532567
0.05,1305,-100,35839,27.441807044410414
0.05,1306,30,35869,27.443764345830147
0.05,1307,93,35962,27.49388379204893
0.05,1308,91,36053,27.542398777692895
0.05,1309,89,36142,27.589312977099237
0.05,1310,73,36215,27.623951182303585
0.05,1311,71,36286,27.65701219512195
0.05,1312,-75,36211,27.57882711348058
0.05,1313,-101,36110,27.48097412480974
0.05,1314,45,36155,27.494296577946766
0.05,1315,89,36244,27.541033434650455
0.05,1316,83,36327,27.583143507972665
0.05,1317,87,36414,27.628224582701062
0.05,1318,93,36507,27.67778620166793
0.05,1319,-22,36485,27.640151515151516
0.05,1320,-13,36472,27.609386828160485
0.05,1321,41,36513,27.619515885022693
0.05,1322,16,36529,27.610733182161752
0.05,1323,57,36586,27.632930513595166
0.05,1324,80,36666,27.67245283018868
0.05,1325,39,36705,27.68099547511312
0.05,1326,93,36798,27.730218538055766
0.05,1327,-357,36441,27.440512048192772
0.05,1328,27,36468,27.44018058690745
0.05,1329,69,36537,27.47142857142857
0.05,1330,83,36620,27.513148009015776
0.05,1331,85,36705,27.556306306306308
0.05,1332,86,36791,27.600150037509376
0.05,1333,66,36857,27.628935532233882
0.05,1334,91,36948,27.676404494382023
0.05,1335,-87,36861,27.59056886227545
0.05,1336,-92,36769,27.50112191473448
0.05,1337,-160,36609,27.3609865470852
0.05,1338,-99,36510,27.266616878267364
0.05,1339,18,36528,27.259701492537314
0.05,1340,93,36621,27.308724832214764
0.05,1341,82,36703,27.349478390461996
0.05,1342,93,36796,27.398361876396127
0.05,1343,91,36887,27.445684523809526
0.05,1344,51,36938,27.463197026022304
0.05,1345,21,36959,27.458395245170877
0.05,1346,92,37051,27.506310319227914
0.05,1347,-29,37022,27.46439169139466
0.05,1348,64,37086,27.491475166790217
0.05,1349,-110,36976,27.38962962962963
0.05,1350,9,36985,27.3760177646188
0.05,1351,0,36985,27.35576923076923
0.05,1352,-227,36758,27.167775314116778
0.05,1353,93,36851,27.216395864106353
0.05,1354,93,36944,27.264944649446495
0.05,1355,-19,36925,27.230825958702066
0.05,1356,37,36962,27.238025055268977
0.05,1357,94,37056,27.28718703976436
0.05,1358,92,37148,27.334805003679175
0.05,1359,75,37223,27.36985294117647
0.05,1360,-9,37214,27.34313005143277
0.05,1361,74,37288,27.377386196769457
0.05,1362,53,37341,27.396184886280263
0.05,1363,25,37366,27.39442815249267
0.05,1364,81,37447,27.433699633699632
0.05,1365,90,37537,27.479502196193266
0.05,1366,52,37589,27.49743964886613
0.05,1367,-65,37524,27.42982456140351
0.05,1368,87,37611,27.473338203067932
0.05,1369,73,37684,27.506569343065692
0.05,1370,93,37777,27.554339897884756
0.05,1371,57,37834,27.575801749271136
0.05,1372,60,37894,27.599417334304444
0.05,1373,46,37940,27.612809315866084
0.05,1374,92,38032,27.659636363636363
0.05,1375,77,38109,27.695494186046513
0.05,1376,26,38135,27.69426289034132
0.05,1377,-131,38004,27.579100145137883
0.05,1378,-52,37952,27.521392313270486
0.05,1379,30,37982,27.5231884057971
0.05,1380,94,38076,27.571325126719767
0.05,1381,76,38152,27.606367583212734
0.05,1382,91,38243,27.652205350686913
0.05,1383,-57,38186,27.591040462427745
0.05,1384,64,38250,27.617328519855597
0.05,1385,83,38333,27.657287157287158
0.05,1386,74,38407,27.69069935111752
0.05,1387,84,38491,27.731268011527376
0.05,1388,-37,38454,27.684665226781856
0.05,1389,90,38544,27.729496402877697
0.05,1390,72,38616,27.76132278936017
0.05,1391,19,38635,27.755028735632184
0.05,1392,-33,38602,27.711414213926776
0.05,1393,50,38652,27.727403156384504
0.05,1394,-39,38613,27.67956989247312
0.05,1395,68,38681,27.708452722063036
0.05,1396,33,38714,27.71224051539012
0.05,1397,55,38769,27.73175965665236
0.05,1398,-5,38764,27.708363116511794
0.05,1399,17,38781,27.700714285714287
0.05,1400,59,38840,27.723054960742328
0.05,1401,90,38930,27.767475035663338
0.05,1402,89,39019,27.81111903064861
0.05,1403,78,39097,27.846866096866098
0.05,1404,78,39175,27.88256227758007
0.05,1405,86,39261,27.923897581792318
0.05,1406,2,39263,27.90547263681592
0.05,1407,67,39330,27.933238636363637
0.05,1408,90,39420,27.977288857345634
0.05,1409,15,39435,27.96808510638298
0.05,1410,-132,39303,27.85471296952516
0.05,1411,-117,39186,27.75212464589235
0.05,1412,17,39203,27.744515215852797
0.05,1413,57,39260,27.765205091937766
0.05,1414,28,39288,27.765371024734982
0.05,1415,-58,39230,27.704802259887007
0.05,1416,88,39318,27.747353563867325
0.05,1417,-103,39215,27.65514809590973
0.05,1418,0,39215,27.635658914728683
0.05,1419,88,39303,27.678169014084506
0.05,1420,56,39359,27.698099929627023
0.05,1421,38,39397,27.70534458509142
0.05,1422,-49,39348,27.651440618411804
0.05,1423,-49,39299,27.597612359550563
0.05,1424,58,39357,27.618947368421054
0.05,1425,-162,39195,27.485974754558203
0.05,1426,83,39278,27.524877365101613
0.05,1427,78,39356,27.560224089635856
0.05,1428,94,39450,27.606717984604618
0.05,1429,82,39532,27.644755244755245
0.05,1430,-94,39438,27.559748427672957
0.05,1431,85,39523,27.59986033519553
0.05,1432,-14,39509,27.57083042568039
0.05,1433,-188,39321,27.42050209205021
0.05,1434,81,39402,27.457839721254356
0.05,1435,-62,39340,27.395543175487465
0.05,1436,-111,39229,27.299234516353515
0.05,1437,74,39303,27.331710709318497
0.05,1438,74,39377,27.364141765114663
0.05,1439,-248,39129,27.172916666666666
0.05,1440,90,39219,27.216516308119363
0.05,1441,-57,39162,27.158113730929266
0.05,1442,91,39253,27.202356202356203
0.05,1443,-26,39227,27.16551246537396
0.05,1444,70,39297,27.19515570934256
0.05,1445,-136,39161,27.082295988934995
0.05,1446,-2,39159,27.06219765031099
0.05,1447,-18,39141,27.031077348066297
0.05,1448,85,39226,27.071083505866113
0.05,1449,-9,39217,27.046206896551723
0.05,1450,86,39303,27.0868366643694
0.05,1451,73,39376,27.118457300275484
0.05,1452,58,39434,27.139710942876807
0.05,1453,88,39522,27.18156808803301
0.05,1454,-78,39444,27.109278350515464
0.05,1455,82,39526,27.146978021978022
0.05,1456,92,39618,27.19148936170213
0.05,1457,93,39711,27.236625514403293
0.05,1458,69,39780,27.26525017135024
0.05,1459,-15,39765,27.236301369863014
0.05,1460,58,39823,27.257357973990416
0.05,1461,57,39880,27.277701778385772
0.05,1462,65,39945,27.303485987696515
0.05,1463,91,40036,27.346994535519126
0.05,1464,94,40130,27.392491467576793
0.05,1465,-63,40067,27.330832196452935
0.05,1466,-240,39827,27.148602590320383
0.05,1467,28,39855,27.149182561307903
0.05,1468,72,39927,27.179714091218514
0.05,1469,80,40007,27.2156462585034
0.05,1470,-24,39983,27.180829367777022
0.05,1471,77,40060,27.214673913043477
0.05,1472,57,40117,27.23489477257298
0.05,1473,-81,40036,27.16146540027137
0.05,1474,1,40037,27.14372881355932
0.05,1475,34,40071,27.148373983739837
0.05,1476,51,40122,27.16452268111036
0.05,1477,82,40204,27.201623815967523
0.05,1478,25,40229,27.200135226504393
0.05,1479,55,40284,27.21891891891892
0.05,1480,75,40359,27.25118163403106
0.05,1481,85,40444,27.290148448043183
0.05,1482,-22,40422,27.25691166554282
0.05,1483,87,40509,27.297169811320753
0.05,1484,54,40563,27.315151515151516
0.05,1485,4,40567,27.299461641991925
0.05,1486,71,40638,27.328850033624747
0.05,1487,48,40686,27.342741935483872
0.05,1488,16,40702,27.33512424445937
0.05,1489,73,40775,27.36577181208054
0.05,1490,92,40867,27.409121395036887
0.05,1491,86,40953,27.448391420911527
0.05,1492,83,41036,27.485599464166107
0.05,1493,72,41108,27.515394912985276
0.05,1494,87,41195,27.555183946488295
0.05,1495,64,41259,27.579545454545453
0.05,1496,-58,41201,27.522378089512358
0.05,1497,88,41289,27.56275033377837
0.05,1498,93,41382,27.606404269513007
0.05,1499,28,41410,27.606666666666666
0.05,1500,-28,41382,27.569620253164558
0.05,1501,-150,41232,27.45139813581891
0.05,1502,-75,41157,27.38323353293413
0.05,1503,85,41242,27.42154255319149
0.05,1504,-52,41190,27.368770764119603
0.05,1505,94,41284,27.41301460823373
0.05,1506,36,41320,27.418712674187127
0.05,1507,73,41393,27.44893899204244
0.05,1508,-273,41120,27.24983432736912
0.05,1509,77,41197,27.282781456953643
0.05,1510,8,41205,27.27001985440106
0.05,1511,77,41282,27.302910052910054
0.05,1512,56,41338,27.321877065432915
0.05,1513,84,41422,27.359313077939234
0.05,1514,62,41484,27.38217821782178
0.05,1515,94,41578,27.426121372031663
0.05,1516,59,41637,27.446934739617667
0.05,1517,82,41719,27.482872200263504
0.05,1518,85,41804,27.52073732718894
0.05,1519,38,41842,27.527631578947368
0.05,1520,94,41936,27.571334648257725
0.05,1521,65,42001,27.59592641261498
0.05,1522,43,42044,27.606040709126724
0.05,1523,71,42115,27.63451443569554
0.05,1524,46,42161,27.64655737704918
0.05,1525,90,42251,27.687418086500656
0.05,1526,80,42331,27.72167648984938
0.05,1527,-29,42302,27.68455497382199
0.05,1528,83,42385,27.72073250490517
0.05,1529,91,42476,27.762091503267975
0.05,1530,86,42562,27.800130633572827
0.05,1531,-8,42554,27.776762402088774
0.05,1532,33,42587,27.780169602087412
0.05,1533,82,42669,27.815514993481095
0.05,1534,67,42736,27.841042345276872
0.05,1535,74,42810,27.87109375
0.05,1536,82,42892,27.906310995445672
0.05,1537,-13,42879,27.879713914174253
0.05,1538,88,42967,27.918778427550357
0.05,1539,93,43060,27.961038961038962
0.05,1540,82,43142,27.99610642439974
0.05,1541,-8,43134,27.972762645914397
0.05,1542,-15,43119,27.9449125081011
0.05,1543,92,43211,27.98639896373057
0.05,1544,22,43233,27.98252427184466
0.05,1545,88,43321,28.021345407503233
0.05,1546,54,43375,28.03813833225598
0.05,1547,7,43382,28.024547803617573
0.05,1548,89,43471,28.063912201420273
0.05,1549,31,43502,28.065806451612904
0.05,1550,-309,43193,27.848484848484848
0.05,1551,71,43264,27.876288659793815
0.05,1552,91,43355,27.916934964584676
0.05,1553,-37,43318,27.875160875160876
0.05,1554,55,43373,27.892604501607718
0.05,1555,35,43408,27.897172236503856
0.05,1556,82,43490,27.931920359666023
0.05,1557,-16,43474,27.90372272143774
0.05,1558,-28,43446,27.867864015394485
0.05,1559,84,43530,27.903846153846153
0.05,1560,21,43551,27.89942344650865
0.05,1561,86,43637,27.93661971830986
0.05,1562,-153,43484,27.82085732565579
0.05,1563,40,43524,27.828644501278774
0.05,1564,-12,43512,27.803194888178915
0.05,1565,50,43562,27.81736909323116
0.05,1566,93,43655,27.858966177409062
0.05,1567,-156,43499,27.741709183673468
0.05,1568,19,43518,27.736137667304014
0.05,1569,1,43519,27.719108280254776
0.05,1570,-31,43488,27.681731381285804
0.05,1571,78,43566,27.713740458015266
0.05,1572,80,43646,27.746980292434838
0.05,1573,51,43697,27.761753494282082
0.05,1574,44,43741,27.77206349206349
0.05,1575,74,43815,27.801395939086294
0.05,1576,54,43869,27.818008877615725
0.05,1577,91,43960,27.858048162230673
0.05,1578,-53,43907,27.8068397720076
0.05,1579,45,43952,27.81772151898734
0.05,1580,7,43959,27.804554079696395
0.05,1581,60,44019,27.824905183312264
0.05,1582,-9,44010,27.801642451042326
0.05,1583,47,44057,27.813762626262626
0.05,1584,-22,44035,27.782334384858043
0.05,1585,-131,43904,27.682219419924337
0.05,1586,90,43994,27.721487082545682
0.05,1587,91,44085,27.761335012594458
0.05,1588,82,44167,27.795468848332284
0.05,1589,83,44250,27.830188679245282
0.05,1590,29,44279,27.83092394720302
0.05,1591,-312,43967,27.617462311557787
0.05,1592,92,44059,27.657878217200253
0.05,1593,39,44098,27.66499372647428
0.05,1594,46,44144,27.676489028213165
0.05,1595,-51,44093,27.62719298245614
0.05,1596,-10,44083,27.60363180964308
0.05,1597,19,44102,27.598247809762203
0.05,1598,-81,44021,27.530331457160724
0.05,1599,75,44096,27.56
0.05,1600,82,44178,27.594003747657712
0.05,1601,32,44210,27.596754057428214
0.05,1602,-74,44136,27.53337492202121
0.05,1603,92,44228,27.57356608478803
0.05,1604,-176,44052,27.446728971962617
0.05,1605,87,44139,27.483810709838107
0.05,1606,37,44176,27.489732420659614
0.05,1607,92,44268,27.529850746268657
0.05,1608,92,44360,27.56991920447483
0.05,1609,67,44427,27.594409937888198
0.05,1610,42,44469,27.60335195530726
0.05,1611,-35,44434,27.56451612903226
0.05,1612,94,44528,27.605703657780534
0.05,1613,39,44567,27.61276332094176
0.05,1614,81,44648,27.645820433436533
0.05,1615,6,44654,27.632425742574256
0.05,1616,44,44698,27.642547928262214
0.05,1617,47,44745,27.65451174289246
0.05,1618,22,44767,27.651019147621987
0.05,1619,10,44777,27.640123456790125
0.05,1620,-25,44752,27.607649599012955
0.05,1621,42,44794,27.61652281134402
0.05,1622,55,44849,27.63339494762785
0.05,1623,51,44900,27.647783251231527
0.05,1624,94,44994,27.688615384615385
0.05,1625,58,45052,27.707257072570727
0.05,1626,57,45109,27.725261216963737
0.05,1627,91,45200,27.764127764127764
0.05,1628,-8,45192,27.742173112338858
0.05,1629,91,45283,27.780981595092026
0.05,1630,87,45370,27.81729000613121
0.05,1631,79,45449,27.848651960784313
0.05,1632,43,45492,27.85793018983466
0.05,1633,-13,45479,27.832925336597306
0.05,1634,-154,45325,27.7217125382263
0.05,1635,2,45327,27.7059902200489
0.05,1636,46,45373,27.717165546731827
0.05,1637,94,45467,27.757631257631257
0.05,1638,-91,45376,27.685173886516168
0.05,1639,54,45430,27.701219512195124
0.05,1640,89,45519,27.73857404021938
0.05,1641,58,45577,27.75700365408039
0.05,1642,55,45632,27.77358490566038
0.05,1643,51,45683,27.78771289537713
0.05,1644,55,45738,27.804255319148936
0.05,1645,73,45811,27.831713244228432
0.05,1646,13,45824,27.822707953855495
0.05,1647,50,45874,27.836165048543688
0.05,1648,37,45911,27.841722255912675
0.05,1649,65,45976,27.864242424242423
0.05,1650,57,46033,27.881889763779526
0.05,1651,6,46039,27.86864406779661
0.05,1652,92,46131,27.907441016333937
0.05,1653,85,46216,27.941958887545344
0.05,1654,-66,46150,27.885196374622357
0.05,1655,20,46170,27.880434782608695
0.05,1656,-51,46119,27.83283041641521
0.05,1657,-11,46108,27.80940892641737
0.05,1658,65,46173,27.831826401446655
0.05,1659,-17,46156,27.804819277108432
0.05,1660,93,46249,27.84406983744732
0.05,1661,90,46339,27.88146811070999
0.05,1662,94,46433,27.92122669873722
0.05,1663,86,46519,27.956129807692307
0.05,1664,36,46555,27.96096096096096
0.05,1665,25,46580,27.959183673469386
0.05,1666,39,46619,27.965806838632272
0.05,1667,-102,46517,27.887889688249402
0.05,1668,78,46595,27.91791491911324
0.05,1669,82,46677,27.950299401197604
0.05,1670,-56,46621,27.90005984440455
0.05,1671,-117,46504,27.8133971291866
0.05,1672,94,46598,27.852958756724448
0.05,1673,-264,46334,27.678614097968936
0.05,1674,-67,46267,27.622089552238805
0.05,1675,84,46351,27.655727923627683
0.05,1676,-21,46330,27.626714370900416
0.05,1677,88,46418,27.6626936829559
0.05,1678,83,46501,27.695652173913043
0.05,1679,56,46557,27.7125
0.05,1680,-61,46496,27.659726353361094
0.05,1681,-4,46492,27.64090368608799
0.05,1682,89,46581,27.67736185383244
0.05,1683,93,46674,27.716152019002376
0.05,1684,-227,46447,27.56498516320475
0.05,1685,78,46525,27.594899169632267
0.05,1686,41,46566,27.602845287492592
0.05,1687,65,46631,27.625
0.05,1688,74,46705,27.652457075192423
0.05,1689,70,46775,27.67751479289941
0.05,1690,49,46824,27.690124186871675
0.05,1691,70,46894,27.71513002364066
0.05,1692,90,46984,27.751919669226226
0.05,1693,70,47054,27.776859504132233
0.05,1694,-53,47001,27.729203539823008
0.05,1695,82,47083,27.76120283018868
0.05,1696,87,47170,27.796110783736005
0.05,1697,60,47230,27.815076560659598
0.05,1698,-46,47184,27.771630370806356
0.05,1699,63,47247,27.79235294117647
0.05,1700,38,47285,27.79835390946502
0.05,1701,-3,47282,27.780258519388955
0.05,1702,16,47298,27.77334116265414
0.05,1703,70,47368,27.7981220657277
0.05,1704,-206,47162,27.66099706744868
0.05,1705,89,47251,27.696951934349354
0.05,1706,86,47337,27.7311072056239
0.05,1707,94,47431,27.769906323185012
0.05,1708,82,47513,27.80163838502048
0.05,1709,94,47607,27.840350877192982
0.05,1710,81,47688,27.871420222092343
0.05,1711,46,47734,27.882009345794394
0.05,1712,84,47818,27.914769410391127
0.05,1713,9,47827,27.903733955659277
0.05,1714,14,47841,27.895626822157435
0.05,1715,-274,47567,27.71969696969697
0.05,1716,14,47581,27.711706464764124
0.05,1717,44,47625,27.721187427240977
0.05,1718,42,47667,27.729493891797556
0.05,1719,64,47731,27.75058139534884
0.05,1720,34,47765,27.754212667054038
0.05,1721,35,47800,27.75842044134727
0.05,1722,-16,47784,27.733023795705165
0.05,1723,-20,47764,27.705336426914155
0.05,1724,90,47854,27.741449275362317
0.05,1725,94,47948,27.779837775202783
0.05,1726,5,47953,27.76664736537348
0.05,1727,-95,47858,27.69560185185185
0.05,1728,7,47865,27.683632157316367
0.05,1729,-1,47864,27.667052023121386
0.05,1730,-42,47822,27.62680531484691
0.05,1731,81,47903,27.657621247113163
0.05,1732,62,47965,27.677437968840163
0.05,1733,56,48021,27.69377162629758
0.05,1734,-68,47953,27.638616714697406
0.05,1735,88,48041,27.673387096774192
0.05,1736,77,48118,27.701784686240646
0.05,1737,56,48174,27.7180667433832
0.05,1738,91,48265,27.75445658424382
0.05,1739,-1,48264,27.73793103448276
0.05,1740,-130,48134,27.647329121194716
0.05,1741,-196,47938,27.51894374282434
0.05,1742,85,48023,27.55192197360872
0.05,1743,15,48038,27.5447247706422
0.05,1744,89,48127,27.57994269340974
0.05,1745,-25,48102,27.54982817869416
0.05,1746,35,48137,27.554092730394963
0.05,1747,75,48212,27.581235697940503
0.05,1748,-10,48202,27.559748427672957
0.05,1749,19,48221,27.55485714285714
0.05,1750,15,48236,27.54768703597944
0.05,1751,-55,48181,27.500570776255707
0.05,1752,82,48263,27.531660011409013
0.05,1753,-12,48251,27.509122006841505
0.05,1754,84,48335,27.54131054131054
0.05,1755,94,48429,27.579157175398635
0.05,1756,47,48476,27.590210586226522
0.05,1757,85,48561,27.62286689419795
0.05,1758,-46,48515,27.581011938601478
0.05,1759,65,48580,27.602272727272727
0.05,1760,91,48671,27.638273708120387
0.05,1761,-50,48621,27.594211123723042
0.05,1762,73,48694,27.619965967101532
0.05,1763,-32,48662,27.586167800453516
0.05,1764,73,48735,27.611898016997166
0.05,1765,43,48778,27.620611551528878
0.05,1766,92,48870,27.65704584040747
0.05,1767,52,48922,27.670814479638008
0.05,1768,33,48955,27.673827020915773
0.05,1769,91,49046,27.70960451977401
0.05,1770,54,49100,27.724449463579898
0.05,1771,-64,49036,27.672686230248306
0.05,1772,-14,49022,27.649182177100958
0.05,1773,-133,48889,27.558624577226606
0.05,1774,62,48951,27.578028169014086
0.05,1775,79,49030,27.60698198198198
0.05,1776,84,49114,27.638716938660664
0.05,1777,-22,49092,27.61079865016873
0.05,1778,74,49166,27.636874648679033
0.05,1779,90,49256,27.67191011235955
0.05,1780,74,49330,27.697922515440762
0.05,1781,81,49411,27.727833894500563
0.05,1782,92,49503,27.763881099270893
0.05,1783,78,49581,27.792040358744394
0.05,1784,-5,49576,27.773669467787116
0.05,1785,86,49662,27.80627099664054
0.05,1786,94,49756,27.843312814773363
0.05,1787,56,49812,27.859060402684563
0.05,1788,12,49824,27.85019564002236
0.05,1789,91,49915,27.885474860335197
0.05,1790,80,49995,27.91457286432161
0.05,1791,85,50080,27.946428571428573
0.05,1792,30,50110,27.947573898494145
0.05,1793,-233,49877,27.80211817168339
0.05,1794,91,49968,27.83732590529248
0.05,1795,94,50062,27.874164810690424
0.05,1796,49,50111,27.885920979410127
0.05,1797,-17,50094,27.86095661846496
0.05,1798,83,50177,27.891606448026682
0.05,1799,50,50227,27.90388888888889
0.05,1800,5,50232,27.89117157134925
0.05,1801,86,50318,27.923418423973363
0.05,1802,61,50379,27.941763727121465
0.05,1803,-95,50284,27.873614190687363
0.05,1804,92,50376,27.909141274238227
0.05,1805,89,50465,27.94296788482835
0.05,1806,-32,50433,27.909795240730492
0.05,1807,-35,50398,27.875
0.05,1808,87,50485,27.90768380320619
0.05,1809,52,50537,27.920994475138123
0.05,1810,58,50595,27.937603533959138
0.05,1811,86,50681,27.969646799116997
0.05,1812,91,50772,28.004412575841148
0.05,1813,53,50825,28.01819184123484
0.05,1814,-25,50800,27.988980716253444
0.05,1815,93,50893,28.02477973568282
0.05,1816,2,50895,28.010456796917996
0.05,1817,92,50987,28.045654565456545
0.05,1818,90,51077,28.07971412864211
0.05,1819,41,51118,28.08681318681319
0.05,1820,75,51193,28.112575507962656
0.05,1821,-59,51134,28.06476399560922
0.05,1822,-61,51073,28.015907844212837
0.05,1823,70,51143,28.03892543859649
0.05,1824,-94,51049,27.97205479452055
0.05,1825,69,51118,27.994523548740418
0.05,1826,-29,51089,27.963327859879584
0.05,1827,12,51101,27.954595185995622
0.05,1828,10,51111,27.944778567523237
0.05,1829,-63,51048,27.895081967213116
0.05,1830,44,51092,27.90387766247952
0.05,1831,-33,51059,27.870633187772924
0.05,1832,-74,50985,27.81505728314239
0.05,1833,-17,50968,27.79062159214831
0.05,1834,88,51056,27.823433242506812
0.05,1835,73,51129,27.848039215686274
0.05,1836,94,51223,27.884050081654873
0.05,1837,94,51317,27.920021762785638
0.05,1838,89,51406,27.953235454051114
0.05,1839,-279,51127,27.786413043478262
0.05,1840,-93,51034,27.72080391091798
0.05,1841,77,51111,27.747557003257327
0.05,1842,-75,51036,27.691806836679326
0.05,1843,84,51120,27.72234273318872
0.05,1844,-29,51091,27.69159891598916
0.05,1845,41,51132,27.698808234019502
0.05,1846,62,51194,27.717379534380076
0.05,1847,-140,51054,27.626623376623378
0.05,1848,-15,51039,27.60356949702542
0.05,1849,-157,50882,27.503783783783785
0.05,1850,75,50957,27.529443544030254
0.05,1851,95,51052,27.565874730021598
0.05,1852,48,51100,27.576902320561253
0.05,1853,-83,51017,27.517259978425027
0.05,1854,30,51047,27.518598382749325
0.05,1855,68,51115,27.54040948275862
0.05,1856,51,51166,27.55304254173398
0.05,1857,75,51241,27.578579117330463
0.05,1858,71,51312,27.60193652501345
0.05,1859,42,51354,27.60967741935484
0.05,1860,-20,51334,27.58409457281032
0.05,1861,85,51419,27.614930182599355
0.05,1862,-12,51407,27.593666129898015
0.05,1863,70,51477,27.616416309012877
0.05,1864,93,51570,27.6514745308311
0.05,1865,-89,51481,27.588960342979636
0.05,1866,17,51498,27.583288698446705
0.05,1867,93,51591,27.61830835117773
0.05,1868,60,51651,27.635634028892454
0.05,1869,85,51736,27.66631016042781
0.05,1870,93,51829,27.701229289150188
0.05,1871,84,51913,27.731303418803417
0.05,1872,-97,51816,27.664709022957823
0.05,1873,-186,51630,27.550693703308433
0.05,1874,-210,51420,27.424
0.05,1875,84,51504,27.454157782515992
0.05,1876,94,51598,27.489611081513054
0.05,1877,77,51675,27.515974440894567
0.05,1878,87,51762,27.54763171899947
0.05,1879,-59,51703,27.501595744680852
0.05,1880,-24,51679,27.474215842636895
0.05,1881,-66,51613,27.424548352816153
0.05,1882,80,51693,27.45246946362188
0.05,1883,-36,51657,27.418789808917197
0.05,1884,-91,51566,27.355968169761272
0.05,1885,53,51619,27.369565217391305
0.05,1886,12,51631,27.361420243773185
0.05,1887,71,51702,27.384533898305083
0.05,1888,42,51744,27.39227104287983
0.05,1889,-7,51737,27.374074074074073
0.05,1890,75,51812,27.39925965097832
0.05,1891,-209,51603,27.27431289640592
0.05,1892,-9,51594,27.25515055467512
0.05,1893,78,51672,27.28194297782471
0.05,1894,-228,51444,27.147229551451186
0.05,1895,-19,51425,27.12289029535865
0.05,1896,85,51510,27.153400105429625
0.05,1897,71,51581,27.17650158061117
0.05,1898,9,51590,27.166929963138493
0.05,1899,24,51614,27.16526315789474
0.05,1900,87,51701,27.19673855865334
0.05,1901,-170,51531,27.093059936908517
0.05,1902,81,51612,27.121387283236995
0.05,1903,60,51672,27.138655462184875
0.05,1904,82,51754,27.16745406824147
0.05,1905,-15,51739,27.14533053515215
0.05,1906,14,51753,27.138437336130046
0.05,1907,-43,51710,27.10167714884696
0.05,1908,79,51789,27.12886327920377
0.05,1909,93,51882,27.163350785340313
0.05,1910,86,51968,27.194139194139193
0.05,1911,34,52002,27.197698744769873
0.05,1912,89,52091,27.230005227391533
0.05,1913,-7,52084,27.21212121212121
0.05,1914,-13,52071,27.1911227154047
0.05,1915,-121,51950,27.113778705636744
0.05,1916,94,52044,27.14866979655712
0.05,1917,-4,52040,27.13242961418144
0.05,1918,-50,51990,27.09223553934341
0.05,1919,56,52046,27.107291666666665
0.05,1920,94,52140,27.142113482561165
0.05,1921,-89,52051,27.08168574401665
0.05,1922,-160,51891,26.984399375975038
0.05,1923,70,51961,27.006756756756758
0.05,1924,72,52033,27.03012987012987
0.05,1925,26,52059,27.029595015576323
0.05,1926,33,52092,27.032693305656462
0.05,1927,81,52173,27.060684647302903
0.05,1928,-40,52133,27.02592016588906
0.05,1929,63,52196,27.044559585492227
0.05,1930,94,52290,27.079233557742103
0.05,1931,76,52366,27.10455486542443
0.05,1932,19,52385,27.100362131401965
0.05,1933,-52,52333,27.059462254395036
0.05,1934,-69,52264,27.009819121447027
0.05,1935,32,52296,27.012396694214875
0.05,1936,-139,52157,26.926690758905526
0.05,1937,90,52247,26.95923632610939
0.05,1938,89,52336,26.99123259412068
0.05,1939,49,52385,27.00257731958763
0.05,1940,-23,52362,26.976816074188562
0.05,1941,37,52399,26.981977342945417
0.05,1942,55,52454,26.996397323726196
0.05,1943,70,52524,27.01851851851852
0.05,1944,71,52595,27.041131105398456
0.05,1945,-157,52438,26.94655704008222
0.05,1946,4,52442,26.93477144324602
0.05,1947,87,52529,26.965605749486652
0.05,1948,93,52622,26.999486916367367
0.05,1949,79,52701,27.026153846153846
0.05,1950,15,52716,27.019989748846744
0.05,1951,94,52810,27.054303278688526
0.05,1952,86,52896,27.08448540706605
0.05,1953,93,52989,27.118219037871032
0.05,1954,72,53061,27.141176470588235
0.05,1955,-185,52876,27.03271983640082
0.05,1956,-208,52668,26.9126213592233
0.05,1957,-105,52563,26.845250255362615
0.05,1958,31,52594,26.847371107708014
0.05,1959,89,52683,26.87908163265306
0.05,1960,91,52774,26.911779704232533
0.05,1961,94,52868,26.945973496432213
0.05,1962,-1,52867,26.93173713703515
0.05,1963,91,52958,26.964358452138494
0.05,1964,86,53044,26.99440203562341
0.05,1965,-12,53032,26.974567650050865
0.05,1966,18,53050,26.970005083884086
0.05,1967,93,53143,27.003556910569106
0.05,1968,-185,52958,26.89588623666836
0.05,1969,94,53052,26.92994923857868
0.05,1970,64,53116,26.948756976154236
0.05,1971,23,53139,26.946754563894523
0.05,1972,82,53221,26.974657881398883
0.05,1973,26,53247,26.9741641337386
0.05,1974,81,53328,27.001518987341772
0.05,1975,17,53345,26.99645748987854
0.05,1976,80,53425,27.023267577137077
0.05,1977,89,53514,27.054600606673407
0.05,1978,-104,53410,26.988377968671045
0.05,1979,90,53500,27.02020202020202
0.05,1980,61,53561,27.03735487127713
0.05,1981,42,53603,27.044904137235115
0.05,1982,7,53610,27.034795763993948
0.05,1983,53,53663,27.047883064516128
0.05,1984,71,53734,27.070025188916876
0.05,1985,62,53796,27.08761329305136
0.05,1986,1,53797,27.074484146955207
0.05,1987,25,53822,27.07344064386318
0.05,1988,94,53916,27.10708898944193
0.05,1989,17,53933,27.102010050251256
0.05,1990,0,53933,27.08839779005525
0.05,1991,2,53935,27.075803212851405
0.05,1992,94,54029,27.10938283993979
0.05,1993,70,54099,27.1308926780341
0.05,1994,22,54121,27.128320802005014
0.05,1995,48,54169,27.13877755511022
0.05,1996,87,54256,27.16875312969454
0.05,1997,12,54268,27.16116116116116
0.05,1998,28,54296,27.1615807903952
0.05,1999,92,54388,27.194
0.05,2000,86,54474,27.223388305847077
0.05,2001,86,54560,27.252747252747252
0.05,2002,81,54641,27.279580629056415
0.05,2003,84,54725,27.307884231536928
0.05,2004,81,54806,27.334663341645886
0.05,2005,94,54900,27.3678963110668
0.05,2006,29,54929,27.36870951669158
0.05,2007,-84,54845,27.313247011952193
0.05,2008,80,54925,27.33947237431558
0.05,2009,65,54990,27.35820895522388
0.05,2010,72,55062,27.38040775733466
0.05,2011,5,55067,27.369284294234593
0.05,2012,94,55161,27.402384500745157
0.05,2013,73,55234,27.425024826216486
0.05,2014,90,55324,27.4560794044665
0.05,2015,-38,55286,27.42361111111111
0.05,2016,69,55355,27.444224095190876
0.05,2017,92,55447,27.47621407333994
0.05,2018,91,55538,27.507677067855376
0.05,2019,93,55631,27.54009900990099
0.05,2020,86,55717,27.56902523503216
0.05,2021,85,55802,27.597428288822947
0.05,2022,80,55882,27.623331685615423
0.05,2023,45,55927,27.63191699604743
0.05,2024,2,55929,27.61925925925926
0.05,2025,79,56008,27.64461994076999
0.05,2026,79,56087,27.66995559940799
0.05,2027,85,56172,27.698224852071007
0.05,2028,-14,56158,27.677673730901923
0.05,2029,75,56233,27.700985221674877
0.05,2030,82,56315,27.72772033481044
0.05,2031,6,56321,27.71702755905512
0.05,2032,76,56397,27.740777176586327
0.05,2033,-80,56317,27.687807276302852
0.05,2034,-10,56307,27.669287469287468
0.05,2035,94,56401,27.701866404715126
0.05,2036,90,56491,27.73244968090329
0.05,2037,37,56528,27.736997055937195
0.05,2038,-148,56380,27.650809220205982
0.05,2039,57,56437,27.66519607843137
0.05,2040,53,56490,27.677609015188633
0.05,2041,43,56533,27.68511263467189
0.05,2042,35,56568,27.68869309838473
0.05,2043,-90,56478,27.631115459882583
0.05,2044,14,56492,27.62444987775061
0.05,2045,94,56586,27.656891495601172
0.05,2046,31,56617,27.658524670249147
0.05,2047,48,56665,27.66845703125
0.05,2048,-11,56654,27.649585163494386
0.05,2049,48,56702,27.659512195121952
0.05,2050,-14,56688,27.63920039005363
0.05,2051,59,56747,27.65448343079922
0.05,2052,83,56830,27.68144179249878
0.05,2053,-192,56638,27.574488802336905
0.05,2054,64,56702,27.59221411192214
0.05,2055,82,56784,27.618677042801558
0.05,2056,-205,56579,27.505590666018474
0.05,2057,93,56672,27.537414965986393
0.05,2058,1,56673,27.524526469159785
0.05,2059,34,56707,27.52766990291262
0.05,2060,-173,56534,27.430373605046093
0.05,2061,8,56542,27.42095053346266
0.05,2062,-10,56532,27.402811439650993
0.05,2063,69,56601,27.42296511627907
0.05,2064,90,56691,27.45326876513317
0.05,2065,14,56705,27.44675701839303
0.05,2066,59,56764,27.462022254475084
0.05,2067,54,56818,27.474854932301742
0.05,2068,70,56888,27.495408409859834
0.05,2069,-19,56869,27.47294685990338
0.05,2070,80,56949,27.498309995171414
0.05,2071,89,57038,27.52799227799228
0.05,2072,93,57131,27.559575494452485
0.05,2073,74,57205,27.581967213114755
0.05,2074,73,57278,27.603855421686745
0.05,2075,25,57303,27.602601156069365
0.05,2076,-207,57096,27.48964853153587
0.05,2077,79,57175,27.514436958614052
0.05,2078,72,57247,27.535834535834535
0.05,2079,80,57327,27.561057692307692
0.05,2080,80,57407,27.586256607400287
0.05,2081,86,57493,27.61431316042267
0.05,2082,13,57506,27.607297167546808
0.05,2083,35,57541,27.61084452975048
0.05,2084,75,57616,27.63357314148681
0.05,2085,-8,57608,27.616490891658678
0.05,2086,71,57679,27.63727839003354
0.05,2087,88,57767,27.666187739463602
0.05,2088,93,57860,27.697462900909525
0.05,2089,94,57954,27.729186602870815
0.05,2090,92,58046,27.75992348158776
0.05,2091,94,58140,27.791586998087954
0.05,2092,86,58226,27.819397993311036
0.05,2093,55,58281,27.832378223495702
0.05,2094,-1,58280,27.818615751789977
0.05,2095,80,58360,27.84351145038168
0.05,2096,-19,58341,27.82117310443491
0.05,2097,82,58423,27.84699714013346
0.05,2098,-145,58278,27.76464983325393
0.05,2099,30,58308,27.765714285714285
0.05,2100,91,58399,27.79581151832461
0.05,2101,-308,58091,27.636060894386297
0.05,2102,28,58119,27.63623395149786
0.05,2103,46,58165,27.644961977186313
0.05,2104,93,58258,27.67600950118765
0.05,2105,84,58342,27.70275403608737
0.05,2106,83,58425,27.728998576174657
0.05,2107,-284,58141,27.58111954459203
0.05,2108,58,58199,27.595542911332384
0.05,2109,57,58256,27.609478672985784
0.05,2110,85,58341,27.636665087636192
0.05,2111,94,58435,27.66808712121212
0.05,2112,87,58522,27.69616658778987
0.05,2113,83,58605,27.72232734153264
0.05,2114,35,58640,27.725768321513
0.05,2115,-81,58559,27.674385633270322
0.05,2116,-47,58512,27.63911195087388
0.05,2117,-270,58242,27.4985835694051
0.05,2118,-105,58137,27.436054742803208
0.05,2119,-73,58064,27.38867924528302
0.05,2120,-127,57937,27.315888731730315
0.05,2121,92,58029,27.34637134778511
0.05,2122,94,58123,27.377767310409798
0.05,2123,91,58214,27.407721280602637
0.05,2124,69,58283,27.427294117647058
0.05,2125,94,58377,27.45860771401693
0.05,2126,47,58424,27.467795016455103
0.05,2127,56,58480,27.481203007518797
0.05,2128,27,58507,27.480976984499765
0.05,2129,94,58601,27.51220657276995
0.05,2130,-271,58330,27.37212576255279
0.05,2131,-150,58180,27.28893058161351
0.05,2132,-88,58092,27.234880450070325
0.05,2133,87,58179,27.262886597938145
0.05,2134,49,58228,27.273067915690866
0.05,2135,5,58233,27.2626404494382
0.05,2136,-82,58151,27.2115114646701
0.05,2137,92,58243,27.241814780168383
0.05,2138,41,58284,27.248246844319777
0.05,2139,-208,58076,27.138317757009347
0.05,2140,37,58113,27.142923867351705
0.05,2141,90,58203,27.172268907563026
0.05,2142,84,58287,27.198786747550162
0.05,2143,-411,57876,26.994402985074625
0.05,2144,92,57968,27.024708624708623
0.05,2145,89,58057,27.05358807082945
0.05,2146,66,58123,27.071727992547743
0.05,2147,89,58212,27.100558659217878
0.05,2148,81,58293,27.125639832480225
0.05,2149,91,58384,27.155348837209303
0.05,2150,54,58438,27.16782891678289
0.05,2151,94,58532,27.19888475836431
0.05,2152,16,58548,27.19368323269856
0.05,2153,-87,58461,27.14066852367688
0.05,2154,55,58516,27.153596287703017
0.05,2155,86,58602,27.180890538033395
0.05,2156,66,58668,27.198887343532686
0.05,2157,77,58745,27.221964782205745
0.05,2158,-24,58721,27.198239925891617
0.05,2159,94,58815,27.229166666666668
0.05,2160,74,58889,27.250809810273022
0.05,2161,-145,58744,27.17113783533765
0.05,2162,-11,58733,27.153490522422562
0.05,2163,75,58808,27.175600739371536
0.05,2164,68,58876,27.19445727482679
0.05,2165,88,58964,27.222530009233612
0.05,2166,89,59053,27.251038301799724
0.05,2167,39,59092,27.256457564575644
0.05,2168,-86,59006,27.204241585984324
0.05,2169,19,59025,27.20046082949309
0.05,2170,30,59055,27.20175034546292
0.05,2171,45,59100,27.209944751381215
0.05,2172,-3,59097,27.19604233778187
0.05,2173,64,59161,27.212971481140755
0.05,2174,-92,59069,27.15816091954023
0.05,2175,-14,59055,27.139246323529413
0.05,2176,-13,59042,27.120808451998162
0.05,2177,-69,58973,27.076675849403124
0.05,2178,24,58997,27.075263882514914
0.05,2179,86,59083,27.10229357798165
0.05,2180,-62,59021,27.061439706556627
0.05,2181,83,59104,27.087076076993583
0.05,2182,6,59110,27.077416399450296
0.05,2183,93,59203,27.107600732600734
0.05,2184,85,59288,27.134096109839817
0.05,2185,-13,59275,27.11573650503202
0.05,2186,-11,59264,27.098308184727937
0.05,2187,81,59345,27.122943327239486
0.05,2188,-31,59314,27.09639104613979
0.05,2189,9,59323,27.08812785388128
0.05,2190,-56,59267,27.050205385668644
0.05,2191,77,59344,27.072992700729927
0.05,2192,5,59349,27.062927496580027
0.05,2193,77,59426,27.085688240656335
0.05,2194,37,59463,27.09020501138952
0.05,2195,74,59537,27.111566484517304
0.05,2196,41,59578,27.117888029130633
0.05,2197,88,59666,27.145586897179253
0.05,2198,37,59703,27.15006821282401
0.05,2199,19,59722,27.146363636363635
0.05,2200,67,59789,27.164470695138572
0.05,2201,-10,59779,27.147593097184377
0.05,2202,93,59872,27.177485247389924
0.05,2203,50,59922,27.187840290381125
0.05,2204,92,60014,27.217233560090705
0.05,2205,-135,59879,27.143699002719856
0.05,2206,92,59971,27.173085636610782
0.05,2207,91,60062,27.201992753623188
0.05,2208,24,60086,27.20054323223178
0.05,2209,15,60101,27.19502262443439
0.05,2210,37,60138,27.199457259158752
0.05,2211,88,60226,27.226943942133815
0.05,2212,-49,60177,27.192498870311795
0.05,2213,72,60249,27.212737127371273
0.05,2214,92,60341,27.24198645598194
0.05,2215,27,60368,27.24187725631769
0.05,2216,91,60459,27.27063599458728
0.05,2217,75,60534,27.29215509467989
0.05,2218,88,60622,27.3195132942767
0.05,2219,94,60716,27.34954954954955
0.05,2220,49,60765,27.359297613687527
0.05,2221,-15,60750,27.340234023402342
0.05,2222,-11,60739,27.322986954565902
0.05,2223,-70,60669,27.279226618705035
0.05,2224,24,60693,27.277752808988765
0.05,2225,94,60787,27.30772686433064
0.05,2226,78,60865,27.330489447687473
0.05,2227,87,60952,27.357271095152605
0.05,2228,-2,60950,27.344100493494842
0.05,2229,87,61037,27.37085201793722
0.05,2230,88,61125,27.398027790228596
0.05,2231,-7,61118,27.3826164874552
0.05,2232,84,61202,27.407971339005822
0.05,2233,65,61267,27.424798567591765
0.05,2234,91,61358,27.45324384787472
0.05,2235,94,61452,27.483005366726296
0.05,2236,70,61522,27.502011622708984
0.05,2237,63,61585,27.51787310098302
0.05,2238,1,61586,27.50602947744529
0.05,2239,87,61673,27.532589285714284
0.05,2240,62,61735,27.547969656403392
0.05,2241,7,61742,27.538804638715433
0.05,2242,94,61836,27.568435131520285
0.05,2243,1,61837,27.556595365418893
0.05,2244,89,61926,27.583964365256126
0.05,2245,-14,61912,27.565449688334816
0.05,2246,47,61959,27.574098798397863
0.05,2247,68,62027,27.59208185053381
0.05,2248,-285,61742,27.45309026233882
0.05,2249,46,61788,27.461333333333332
0.05,2250,86,61874,27.48733896046202
0.05,2251,84,61958,27.512433392539965
0.05,2252,-66,61892,27.47092765201953
0.05,2253,-205,61687,27.36779059449867
0.05,2254,-16,61671,27.348558758314855
0.05,2255,-31,61640,27.322695035460992
0.05,2256,87,61727,27.349136021267167
0.05,2257,-66,61661,27.307794508414528
0.05,2258,91,61752,27.335989375830014
0.05,2259,64,61816,27.35221238938053
0.05,2260,55,61871,27.364440513047324
0.05,2261,68,61939,27.382404951370468
0.05,2262,-182,61757,27.28988068935042
0.05,2263,80,61837,27.31316254416961
0.05,2264,67,61904,27.330684326710816
0.05,2265,92,61996,27.359223300970875
0.05,2266,80,62076,27.382443758270842
0.05,2267,93,62169,27.41137566137566
0.05,2268,54,62223,27.423093873953285
0.05,2269,11,62234,27.415859030837005
0.05,2270,-42,62192,27.385292822545136
0.05,2271,75,62267,27.40625
0.05,2272,74,62341,27.426748790145183
0.05,2273,88,62429,27.45338610378188
0.05,2274,-93,62336,27.400439560439562
0.05,2275,71,62407,27.419595782073813
0.05,2276,90,62497,27.44707949055775
0.05,2277,36,62533,27.45083406496927
0.05,2278,-39,62494,27.42167617376042
0.05,2279,-210,62284,27.317543859649124
0.05,2280,-76,62208,27.27224901359053
0.05,2281,82,62290,27.29623137598598
0.05,2282,-179,62111,27.20586946999562
0.05,2283,72,62183,27.225481611208405
0.05,2284,49,62232,27.235010940919036
0.05,2285,15,62247,27.22965879265092
0.05,2286,47,62294,27.23830345430695
0.05,2287,-101,62193,27.182255244755243
0.05,2288,68,62261,27.200087374399303
0.05,2289,-111,62150,27.139737991266376
0.05,2290,71,62221,27.158882584024443
0.05,2291,88,62309,27.18542757417103
0.05,2292,17,62326,27.18098560837331
0.05,2293,-137,62189,27.109415867480383
0.05,2294,90,62279,27.136819172113288
0.05,2295,47,62326,27.14547038327526
0.05,2296,61,62387,27.16020896821942
0.05,2297,85,62472,27.18537859007833
0.05,2298,84,62556,27.210091344062636
0.05,2299,69,62625,27.22826086956522
0.05,2300,67,62692,27.24554541503694
0.05,2301,88,62780,27.271937445699393
0.05,2302,69,62849,27.29005644811116
0.05,2303,65,62914,27.30642361111111
0.05,2304,94,63008,27.335357917570498
0.05,2305,-211,62797,27.232003469210756
0.05,2306,91,62888,27.259644560034676
0.05,2307,21,62909,27.256932409012133
0.05,2308,90,62999,27.284105673451712
0.05,2309,-138,62861,27.212554112554113
0.05,2310,88,62949,27.238857637386413
0.05,2311,-55,62894,27.203287197231834
0.05,2312,-111,62783,27.14353653264159
0.05,2313,88,62871,27.16983578219533
0.05,2314,38,62909,27.17451403887689
0.05,2315,91,63000,27.202072538860104
0.05,2316,91,63091,27.229607250755286
0.05,2317,36,63127,27.23339085418464
0.05,2318,85,63212,27.258300991806813
0.05,2319,67,63279,27.275431034482757
0.05,2320,85,63364,27.300301594140457
0.05,2321,-34,63330,27.27390180878553
0.05,2322,88,63418,27.30004304778304
0.05,2323,-21,63397,27.279259896729776
0.05,2324,88,63485,27.30537634408602
0.05,2325,-193,63292,27.21066208082545
0.05,2326,-16,63276,27.192092823377738
0.05,2327,48,63324,27.201030927835053
0.05,2328,86,63410,27.226277372262775
0.05,2329,52,63462,27.236909871244634
0.05,2330,-62,63400,27.1986271986272
0.05,2331,-4,63396,27.1852487135506
0.05,2332,-27,63369,27.162023146163737
0.05,2333,-139,63230,27.09083119108826
0.05,2334,76,63306,27.111777301927194
0.05,2335,32,63338,27.113869863013697
0.05,2336,65,63403,27.130081300813007
0.05,2337,79,63482,27.152266894781864
0.05,2338,14,63496,27.14664386489953
0.05,2339,84,63580,27.17094017094017
0.05,2340,74,63654,27.190944041008116
0.05,2341,34,63688,27.193851409052094
0.05,2342,84,63772,27.218096457533075
0.05,2343,-3,63769,27.205204778156997
0.05,2344,60,63829,27.219189765458424
0.05,2345,79,63908,27.241261722080136
0.05,2346,87,63995,27.266723476778868
0.05,2347,-60,63935,27.229557069846678
0.05,2348,17,63952,27.22520221370796
0.05,2349,68,64020,27.24255319148936
0.05,2350,94,64114,27.270948532539347
0.05,2351,-76,64038,27.227040816326532
0.05,2352,23,64061,27.225244368890777
0.05,2353,58,64119,27.238317757009344
0.05,2354,-16,64103,27.21995753715499
0.05,2355,45,64148,27.227504244482173
0.05,2356,-5,64143,27.21383114128129
0.05,2357,62,64205,27.22858354537744
0.05,2358,94,64299,27.25688851208139
0.05,2359,91,64390,27.283898305084747
0.05,2360,-102,64288,27.2291401948327
0.05,2361,94,64382,27.257408975444537
0.05,2362,53,64435,27.2683030046551
0.05,2363,92,64527,27.29568527918782
0.05,2364,20,64547,27.29260042283298
0.05,2365,17,64564,27.288250211327135
0.05,2366,73,64637,27.307562315166876
0.05,2367,94,64731,27.33572635135135
0.05,2368,-41,64690,27.306880540312367
0.05,2369,50,64740,27.31645569620253
0.05,2370,86,64826,27.341206242091943
0.05,2371,-95,64731,27.289629005059023
0.05,2372,93,64824,27.317319848293298
0.05,2373,-235,64589,27.20682392586352
0.05,2374,19,64608,27.20336842105263
0.05,2375,94,64702,27.23148148148148
0.05,2376,85,64787,27.255784602440052
0.05,2377,39,64826,27.26072329688814
0.05,2378,65,64891,27.276586801176965
0.05,2379,78,64969,27.297899159663867
0.05,2380,53,65022,27.308693826123477
0.05,2381,66,65088,27.324937027707808
0.05,2382,82,65170,27.347880822492655
0.05,2383,71,65241,27.366191275167786
0.05,2384,-168,65073,27.28427672955975
0.05,2385,79,65152,27.305951383067896
0.05,2386,24,65176,27.304566401340594
0.05,2387,61,65237,27.318676716917924
0.05,2388,51,65288,27.328589367936374
0.05,2389,-24,65264,27.307112970711298
0.05,2390,86,65350,27.331660393140947
0.05,2391,89,65439,27.357441471571907
0.05,2392,61,65500,27.37150020894275
0.05,2393,88,65588,27.396825396825395
0.05,2394,93,65681,27.424217118997912
0.05,2395,78,65759,27.445325542570952
0.05,2396,-38,65721,27.4180225281602
0.05,2397,-37,65684,27.39115929941618
0.05,2398,61,65745,27.40516882034181
0.05,2399,-20,65725,27.385416666666668
0.05,2400,84,65809,27.40899625156185
0.05,2401,56,65865,27.42089925062448
0.05,2402,37,65902,27.42488555971702
0.05,2403,-7,65895,27.410565723793678
0.05,2404,90,65985,27.436590436590436
0.05,2405,91,66076,27.46300914380715
0.05,2406,94,66170,27.490652264229333
0.05,2407,84,66254,27.514119601328904
0.05,2408,41,66295,27.51971772519718
0.05,2409,-77,66218,27.47634854771784
0.05,2410,83,66301,27.499377851513895
0.05,2411,41,66342,27.50497512437811
0.05,2412,93,66435,27.53211769581434
0.05,2413,17,66452,27.527754763877383
0.05,2414,-50,66402,27.495652173913044
0.05,2415,49,66451,27.504552980132452
0.05,2416,-180,66271,27.418700868845676
0.05,2417,87,66358,27.44334160463193
0.05,2418,81,66439,27.46548160396858
0.05,2419,40,66479,27.470661157024793
0.05,2420,-79,66400,27.426683188764972
0.05,2421,23,66423,27.42485549132948
0.05,2422,-1,66422,27.41312422616591
0.05,2423,43,66465,27.419554455445546
0.05,2424,34,66499,27.422268041237114
0.05,2425,94,66593,27.449711459192084
0.05,2426,34,66627,27.45241038318912
0.05,2427,-201,66426,27.35831960461285
0.05,2428,88,66514,27.38328530259366
0.05,2429,93,66607,27.41028806584362
0.05,2430,74,66681,27.429452900041134
0.05,2431,-161,66520,27.351973684210527
0.05,2432,-51,66469,27.319769831483764
0.05,2433,92,66561,27.34634346754314
0.05,2434,-24,66537,27.325256673511294
0.05,2435,41,66578,27.33087027914614
0.05,2436,76,66654,27.3508411981945
0.05,2437,-85,66569,27.30475799835931
0.05,2438,94,66663,27.33210332103321
0.05,2439,19,66682,27.328688524590163
0.05,2440,49,66731,27.337566571077428
0.05,2441,-65,66666,27.2997542997543
0.05,2442,59,66725,27.312730249693
0.05,2443,-63,66662,27.275777414075286
0.05,2444,74,66736,27.294887525562373
0.05,2445,88,66824,27.319705641864267
0.05,2446,7,66831,27.31140171638741
0.05,2447,58,66889,27.32393790849673
0.05,2448,37,66926,27.32788893425888
0.05,2449,76,67002,27.347755102040818
0.05,2450,89,67091,27.372909016727867
0.05,2451,78,67169,27.393556280587276
0.05,2452,78,67247,27.414186710150837
0.05,2453,83,67330,27.43683781581092
0.05,2454,68,67398,27.45336048879837
0.05,2455,78,67476,27.473941368078176
0.05,2456,83,67559,27.496540496540497
0.05,2457,-122,67437,27.43572009764036
0.05,2458,55,67492,27.446929646197642
0.05,2459,73,67565,27.465447154471544
0.05,2460,59,67624,27.47826086956522
0.05,2461,17,67641,27.47400487408611
0.05,2462,-25,67616,27.452699959399105
0.05,2463,-23,67593,27.432224025974026
0.05,2464,-69,67524,27.393103448275863
0.05,2465,-61,67463,27.357258718572588
0.05,2466,-136,67327,27.291041751114715
0.05,2467,62,67389,27.30510534846029
0.05,2468,-13,67376,27.28878088294856
0.05,2469,-18,67358,27.270445344129556
0.05,2470,-29,67329,27.247673006879804
0.05,2471,71,67400,27.265372168284788
0.05,2472,-33,67367,27.241002830570157
0.05,2473,63,67430,27.2554567502021
0.05,2474,91,67521,27.28121212121212
0.05,2475,25,67546,27.280290791599352
0.05,2476,42,67588,27.28623334679047
0.05,2477,8,67596,27.278450363196125
0.05,2478,91,67687,27.304154901169827
0.05,2479,94,67781,27.331048387096775
0.05,2480,93,67874,27.35751713018944
0.05,2481,57,67931,27.36946011281225
0.05,2482,71,68002,27.38703181635119
0.05,2483,14,68016,27.381642512077295
0.05,2484,-3,68013,27.369416498993964
0.05,2485,91,68104,27.39501206757844
0.05,2486,24,68128,27.39364696421391
0.05,2487,-24,68104,27.372990353697748
0.05,2488,79,68183,27.393732422659703
0.05,2489,40,68223,27.398795180722892
0.05,2490,-28,68195,27.37655560016058
0.05,2491,88,68283,27.400882825040128
0.05,2492,88,68371,27.425190533493783
0.05,2493,76,68447,27.444667201283078
0.05,2494,-34,68413,27.42004008016032
0.05,2495,-42,68371,27.392227564102566
0.05,2496,84,68455,27.414897877452944
0.05,2497,-25,68430,27.393915132105686
0.05,2498,-4,68426,27.38135254101641
0.05,2499,93,68519,27.4076
0.05,2500,-41,68478,27.380247900839663
0.05,2501,66,68544,27.39568345323741
0.05,2502,87,68631,27.41949660407511
0.05,2503,82,68713,27.44129392971246
0.05,2504,84,68797,27.463872255489022
0.05,2505,-70,68727,27.424980047885075
0.05,2506,88,68815,27.449142401276426
0.05,2507,35,68850,27.452153110047846
0.05,2508,-9,68841,27.43762455161419
0.05,2509,9,68850,27.43027888446215
0.05,2510,41,68891,27.43568299482278
0.05,2511,45,68936,27.44267515923567
0.05,2512,8,68944,27.434938320732194
0.05,2513,-21,68923,27.415672235481306
0.05,2514,90,69013,27.44055666003976
0.05,2515,67,69080,27.456279809220987
0.05,2516,-44,69036,27.427890345649583
0.05,2517,-222,68814,27.32883240667196
0.05,2518,89,68903,27.353314807463278
0.05,2519,-173,68730,27.273809523809526
0.05,2520,82,68812,27.295517651725504
0.05,2521,89,68901,27.31998413957177
0.05,2522,-194,68707,27.23226317875545
0.05,2523,23,68730,27.230586370839937
0.05,2524,48,68778,27.23881188118812
0.05,2525,58,68836,27.250989707046713
0.05,2526,11,68847,27.24455876533439
0.05,2527,27,68874,27.244462025316455
0.05,2528,87,68961,27.26809015421115
0.05,2529,-47,68914,27.238735177865614
0.05,2530,85,68999,27.261556696957726
0.05,2531,-131,68868,27.19905213270142
0.05,2532,84,68952,27.221476510067113
0.05,2533,93,69045,27.247434885556434
0.05,2534,90,69135,27.272189349112427
0.05,2535,68,69203,27.288249211356465
0.05,2536,-18,69185,27.270398108001576
0.05,2537,55,69240,27.28132387706856
0.05,2538,90,69330,27.306025994486017
0.05,2539,-52,69278,27.2748031496063
0.05,2540,81,69359,27.29594647776466
0.05,2541,93,69452,27.32179386309992
0.05,2542,62,69514,27.335430593786867
0.05,2543,81,69595,27.356525157232703
0.05,2544,-6,69589,27.343418467583497
0.05,2545,-67,69522,27.30636292223095
0.05,2546,49,69571,27.314880251276012
0.05,2547,65,69636,27.32967032967033
0.05,2548,94,69730,27.355825814044724
0.05,2549,53,69783,27.365882352941178
0.05,2550,72,69855,27.383379067032536
0.05,2551,-174,69681,27.304467084639498
0.05,2552,59,69740,27.316882099490794
0.05,2553,83,69823,27.33868441660141
0.05,2554,94,69917,27.36477495107632
0.05,2555,89,70006,27.38888888888889
0.05,2556,40,70046,27.39382088384826
0.05,2557,-53,69993,27.362392494136042
0.05,2558,19,70012,27.359124658069558
0.05,2559,44,70056,27.365625
0.05,2560,-151,69905,27.295978133541585
0.05,2561,94,69999,27.32201405152225
0.05,2562,6,70005,27.313694888802186
0.05,2563,72,70077,27.3311232449298
0.05,2564,-28,70049,27.30955165692008
0.05,2565,77,70126,27.32891660171473
0.05,2566,83,70209,27.350603817686014
0.05,2567,54,70263,27.360981308411215
0.05,2568,91,70354,27.38575321136629
0.05,2569,77,70431,27.405058365758755
0.05,2570,-63,70368,27.369894982497083
0.05,2571,-86,70282,27.325816485225506
0.05,2572,-5,70277,27.313253012048193
0.05,2573,-92,70185,27.266899766899765
0.05,2574,78,70263,27.286601941747573
0.05,2575,93,70356,27.312111801242235
0.05,2576,-7,70349,27.298797050834303
0.05,2577,-197,70152,27.211792086889062
0.05,2578,-69,70083,27.174486234974797
0.05,2579,-193,69890,27.089147286821706
0.05,2580,80,69970,27.10964742347927
0.05,2581,82,70052,27.13090627420604
0.05,2582,-112,69940,27.077042198993418
0.05,2583,49,69989,27.085526315789473
0.05,2584,2,69991,27.075822050290135
0.05,2585,82,70073,27.09706109822119
0.05,2586,28,70101,27.09741012756088
0.05,2587,81,70182,27.11823802163833
0.05,2588,20,70202,27.115488605639243
0.05,2589,80,70282,27.135907335907337
0.05,2590,93,70375,27.161327672713238
0.05,2591,46,70421,27.168595679012345
0.05,2592,46,70467,27.17585807944466
0.05,2593,78,70545,27.19545104086353
0.05,2594,-14,70531,27.17957610789981
0.05,2595,68,70599,27.195300462249616
0.05,2596,15,70614,27.190604543704275
0.05,2597,13,70627,27.185142417244034
0.05,2598,92,70719,27.21008080030781
0.05,2599,-93,70626,27.163846153846155
0.05,2600,18,70644,27.160322952710494
0.05,2601,44,70688,27.166794773251347
0.05,2602,15,70703,27.16212063004226
0.05,2603,21,70724,27.159754224270355
0.05,2604,74,70798,27.177735124760076
0.05,2605,54,70852,27.188027628549502
0.05,2606,86,70938,27.210586881472956
0.05,2607,-24,70914,27.1909509202454
0.05,2608,89,71003,27.214641625143734
0.05,2609,-109,70894,27.162452107279695
0.05,2610,83,70977,27.18383761011107
0.05,2611,82,71059,27.204823889739664
0.05,2612,21,71080,27.202449292001532
0.05,2613,-44,71036,27.1752104055088
0.05,2614,-40,70996,27.149521988527724
0.05,2615,29,71025,27.150229357798164
0.05,2616,24,71049,27.14902560183416
0.05,2617,-36,71013,27.124904507257448
0.05,2618,73,71086,27.14242077128675
0.05,2619,93,71179,27.1675572519084
0.05,2620,56,71235,27.17855780236551
0.05,2621,90,71325,27.202517162471395
0.05,2622,-33,71292,27.179565383149065
0.05,2623,69,71361,27.195503048780488
0.05,2624,-72,71289,27.157714285714285
0.05,2625,80,71369,27.17783701447068
0.05,2626,91,71460,27.202131709173962
0.05,2627,88,71548,27.225266362252665
0.05,2628,90,71638,27.249144161278053
0.05,2629,45,71683,27.255893536121672
0.05,2630,94,71777,27.281261877613076
0.05,2631,87,71864,27.303951367781156
0.05,2632,-7,71857,27.290922901633117
0.05,2633,73,71930,27.308276385725133
0.05,2634,-3,71927,27.296774193548387
0.05,2635,84,72011,27.318285280728375
0.05,2636,-34,71977,27.295032233598786
0.05,2637,-22,71955,27.276345716451857
0.05,2638,-43,71912,27.24971580143994
0.05,2639,70,71982,27.26590909090909
0.05,2640,-26,71956,27.24574024990534
0.05,2641,87,72043,27.268357305071916
0.05,2642,88,72131,27.291335603480892
0.05,2643,79,72210,27.31089258698941
0.05,2644,18,72228,27.307372400756144
0.05,2645,64,72292,27.321239606953892
0.05,2646,37,72329,27.324896108802417
0.05,2647,82,72411,27.345543806646525
0.05,2648,-48,72363,27.317100792751983
0.05,2649,49,72412,27.325283018867925
0.05,2650,36,72448,27.32855526216522
0.05,2651,-66,72382,27.293363499245853
0.05,2652,-10,72372,27.279306445533358
0.05,2653,48,72420,27.287113790504897
0.05,2654,-28,72392,27.266290018832393
0.05,2655,-38,72354,27.24171686746988
0.05,2656,84,72438,27.26307866014302
0.05,2657,57,72495,27.274266365688487
0.05,2658,42,72537,27.279804437758557
0.05,2659,62,72599,27.292857142857144
0.05,2660,-154,72445,27.224727546035325
0.05,2661,7,72452,27.217129977460555
0.05,2662,80,72532,27.23695080736012
0.05,2663,-178,72354,27.15990990990991
0.05,2664,91,72445,27.183864915572233
0.05,2665,64,72509,27.197674418604652
0.05,2666,60,72569,27.20997375328084
0.05,2667,-70,72499,27.173538230884557
0.05,2668,50,72549,27.182090670663168
0.05,2669,93,72642,27.206741573033707
0.05,2670,-130,72512,27.147884687383
0.05,2671,69,72581,27.163547904191617
0.05,2672,-37,72544,27.13954358398803
0.05,2673,18,72562,27.13612565445026
0.05,2674,-22,72540,27.117757009345794
0.05,2675,81,72621,27.137892376681613
0.05,2676,-90,72531,27.094135225999253
0.05,2677,-6,72525,27.081777445855117
0.05,2678,72,72597,27.098544232922734
0.05,2679,86,72683,27.1205223880597
0.05,2680,89,72772,27.143603133159267
0.05,2681,86,72858,27.165548098434005
0.05,2682,52,72910,27.17480432351845
0.05,2683,77,72987,27.193368107302533
0.05,2684,68,73055,27.20856610800745
0.05,2685,-34,73021,27.18577810871184
0.05,2686,86,73107,27.20766654261258
0.05,2687,-40,73067,27.18266369047619
0.05,2688,-12,73055,27.168092227593903
0.05,2689,10,73065,27.16171003717472
0.05,2690,-143,72922,27.09847640282423
0.05,2691,-20,72902,27.080980683506688
0.05,2692,86,72988,27.10285926476049
0.05,2693,10,72998,27.096510764662213
0.05,2694,85,73083,27.117996289424863
0.05,2695,90,73173,27.141320474777448
0.05,2696,77,73250,27.159807193177606
0.05,2697,41,73291,27.16493699036323
0.05,2698,-27,73264,27.14486846980363
0.05,2699,92,73356,27.16888888888889
0.05,2700,94,73450,27.193631988152536
0.05,2701,34,73484,27.196150999259807
0.05,2702,-97,73387,27.150203477617463
0.05,2703,-352,73035,27.00998520710059
0.05,2704,9,73044,27.00332717190388
0.05,2705,-148,72896,26.938654841093864
0.05,2706,-250,72646,26.83635020317695
0.05,2707,79,72725,26.855612998522894
0.05,2708,-168,72557,26.783684016242155
0.05,2709,94,72651,26.808487084870848
0.05,2710,-22,72629,26.790483216525267
0.05,2711,-213,72416,26.70206489675516
0.05,2712,81,72497,26.722078879469223
0.05,2713,90,72587,26.74539425202653
0.05,2714,-48,72539,26.717863720073666
0.05,2715,-79,72460,26.678939617083948
0.05,2716,-9,72451,26.665807876334192
0.05,2717,54,72505,26.675864606328183
0.05,2718,82,72587,26.696211842589186
0.05,2719,83,72670,26.716911764705884
0.05,2720,82,72752,26.7372289599412
0.05,2721,-134,72618,26.678177810433503
0.05,2722,-31,72587,26.656995960337863
0.05,2723,94,72681,26.681718061674008
0.05,2724,90,72771,26.704954128440367
0.05,2725,35,72806,26.70799706529714
0.05,2726,51,72857,26.716905023835718
0.05,2727,92,72949,26.7408357771261
0.05,2728,38,72987,26.744961524367902
0.05,2729,92,73079,26.768864468864468
0.05,2730,-22,73057,26.75100695715855
0.05,2731,87,73144,26.773060029282576
0.05,2732,-11,73133,26.75923893157702
0.05,2733,7,73140,26.752011704462326
0.05,2734,44,73184,26.75831809872029
0.05,2735,-255,72929,26.65533625730994
0.05,2736,24,72953,26.654366094263793
0.05,2737,71,73024,26.67056245434624
0.05,2738,38,73062,26.674698795180724
0.05,2739,93,73155,26.69890510948905
0.05,2740,-159,72996,26.631156512221818
0.05,2741,-55,72941,26.601385849744712
0.05,2742,22,72963,26.599708348523514
0.05,2743,-86,72877,26.558673469387756
0.05,2744,8,72885,26.55191256830601
0.05,2745,-20,72865,26.53495994173343
0.05,2746,60,72925,26.547142337095014
0.05,2747,63,72988,26.560407569141194
0.05,2748,-39,72949,26.53655874863587
0.05,2749,72,73021,26.55309090909091
0.05,2750,-223,72798,26.46237731733915
0.05,2751,-30,72768,26.441860465116278
0.05,2752,28,72796,26.442426443879405
0.05,2753,76,72872,26.460421205519246
0.05,2754,80,72952,26.479854809437388
0.05,2755,-168,72784,26.409288824383164
0.05,2756,-52,72732,26.380848748639824
0.05,2757,90,72822,26.403915881073242
0.05,2758,86,72908,26.425516491482423
0.05,2759,67,72975,26.440217391304348
0.05,2760,87,73062,26.46215139442231
0.05,2761,94,73156,26.486603910209993
0.05,2762,9,73165,26.480275063336954
0.05,2763,-3,73162,26.46960926193922
0.05,2764,-74,73088,26.433273056057867
0.05,2765,-135,72953,26.374909616775128
0.05,2766,83,73036,26.395374051319116
0.05,2767,74,73110,26.41257225433526
0.05,2768,79,73189,26.431563741422895
0.05,2769,93,73282,26.455595667870035
0.05,2770,75,73357,26.473114399133888
0.05,2771,49,73406,26.48124098124098
0.05,2772,93,73499,26.505228993869455
0.05,2773,-111,73388,26.455659697188175
0.05,2774,-23,73365,26.437837837837836
0.05,2775,82,73447,26.4578530259366
0.05,2776,12,73459,26.452646741087506
0.05,2777,37,73496,26.456443484521238
0.05,2778,75,73571,26.473911478949262
0.05,2779,94,73665,26.49820143884892
0.05,2780,39,73704,26.50269687162891
0.05,2781,80,73784,26.521926671459383
0.05,2782,79,73863,26.54078332734459
0.05,2783,-234,73629,26.447198275862068
0.05,2784,39,73668,26.451705565529622
0.05,2785,-58,73610,26.421392677674085
0.05,2786,-35,73575,26.39935414424112
0.05,2787,36,73611,26.402797704447632
0.05,2788,37,73648,26.406597346719256
0.05,2789,85,73733,26.427598566308244
0.05,2790,37,73770,26.431386599785025
0.05,2791,-77,73693,26.394340974212035
0.05,2792,41,73734,26.399570354457573
0.05,2793,41,73775,26.404795991410165
0.05,2794,84,73859,26.42540250447227
0.05,2795,75,73934,26.44277539341917
0.05,2796,43,73977,26.448695030389704
0.05,2797,12,73989,26.443531093638313
0.05,2798,12,74001,26.438370846730976
0.05,2799,59,74060,26.45
0.05,2800,90,74150,26.472688325598
0.05,2801,-144,74006,26.411848679514634
0.05,2802,83,74089,26.432037103103816
0.05,2803,18,74107,26.429029957203994
0.05,2804,-125,73982,26.375044563279857
0.05,2805,-64,73918,26.342836778332146
0.05,2806,82,74000,26.36266476665479
0.05,2807,51,74051,26.371438746438745
0.05,2808,50,74101,26.379850480598076
0.05,2809,70,74171,26.395373665480427
0.05,2810,-32,74139,26.374599786552828
0.05,2811,-68,74071,26.34103840682788
0.05,2812,23,74094,26.339850693210096
0.05,2813,80,74174,26.358919687277897
0.05,2814,58,74232,26.370159857904085
0.05,2815,81,74313,26.38955965909091
0.05,2816,-24,74289,26.371671991480298
0.05,2817,93,74382,26.395315826827538
0.05,2818,28,74410,26.395885065626107
0.05,2819,28,74438,26.39645390070922
0.05,2820,93,74531,26.42006380716058
0.05,2821,5,74536,26.41247342310418
0.05,2822,80,74616,26.43145589798087
0.05,2823,5,74621,26.42386685552408
0.05,2824,24,74645,26.423008849557522
0.05,2825,10,74655,26.4171974522293
0.05,2826,64,74719,26.430491687301025
0.05,2827,84,74803,26.450848656294202
0.05,2828,67,74870,26.46518204312478
0.05,2829,86,74956,26.486219081272086
0.05,2830,21,74977,26.484281172730483
0.05,2831,66,75043,26.498234463276837
0.05,2832,79,75122,26.516766678432756
0.05,2833,-94,75028,26.474241354975298
0.05,2834,45,75073,26.48077601410935
0.05,2835,58,75131,26.49188998589563
0.05,2836,-83,75048,26.453295734931267
0.05,2837,80,75128,26.47216349541931
0.05,2838,-182,74946,26.398731947868967
0.05,2839,68,75014,26.41338028169014
0.05,2840,66,75080,26.42731432594157
0.05,2841,18,75098,26.424349049964814
0.05,2842,94,75192,26.44811818501583
0.05,2843,40,75232,26.452883263009845
0.05,2844,57,75289,26.463620386643235
0.05,2845,94,75383,26.487350667603653
0.05,2846,-30,75353,26.46750965929048
0.05,2847,23,75376,26.46629213483146
0.05,2848,74,75450,26.482976482976483
0.05,2849,64,75514,26.496140350877194
0.05,2850,-136,75378,26.43914415994388
0.05,2851,-4,75374,26.428471248246844
0.05,2852,88,75462,26.450052576235542
0.05,2853,63,75525,26.462859145059564
0.05,2854,86,75611,26.48371278458844
0.05,2855,59,75670,26.495098039215687
0.05,2856,31,75701,26.496674833741686
0.05,2857,85,75786,26.517144856543037
0.05,2858,86,75872,26.537950332284016
0.05,2859,63,75935,26.5506993006993
0.05,2860,25,75960,26.55015728766166
0.05,2861,91,76051,26.57267645003494
0.05,2862,74,76125,26.589242053789732
0.05,2863,2,76127,26.580656424581004
0.05,2864,84,76211,26.600698080279233
0.05,2865,17,76228,26.5973482205164
0.05,2866,90,76318,26.61946285315661
0.05,2867,61,76379,26.63145048814505
0.05,2868,82,76461,26.65074939003137
0.05,2869,44,76505,26.656794425087107
0.05,2870,85,76590,26.677115987460816
0.05,2871,94,76684,26.700557103064067
0.05,2872,92,76776,26.723285764009745
0.05,2873,78,76854,26.741127348643005
0.05,2874,22,76876,26.739478260869564
0.05,2875,94,76970,26.762865090403338
0.05,2876,56,77026,26.773027459158847
0.05,2877,94,77120,26.79638637943016
0.05,2878,-185,76935,26.72282042375825
0.05,2879,58,76993,26.733680555555555
0.05,2880,70,77063,26.748698368622005
0.05,2881,93,77156,26.771686328938237
0.05,2882,84,77240,26.791536593825874
0.05,2883,5,77245,26.783980582524272
0.05,2884,-3,77242,26.773656845753898
0.05,2885,92,77334,26.796257796257795
0.05,2886,94,77428,26.8195358503637
0.05,2887,90,77518,26.84141274238227
0.05,2888,-72,77446,26.807199723087574
0.05,2889,87,77533,26.8280276816609
0.05,2890,-56,77477,26.79937737806987
0.05,2891,93,77570,26.822268326417703
0.05,2892,87,77657,26.843069478050467
0.05,2893,88,77745,26.86420179682101
0.05,2894,87,77832,26.884974093264248
0.05,2895,-76,77756,26.849447513812155
0.05,2896,0,77756,26.840179496030377
0.05,2897,38,77794,26.844030365769495
0.05,2898,91,77885,26.86616074508451
0.05,2899,11,77896,26.860689655172415
0.05,2900,53,77949,26.869700103412615
0.05,2901,58,78007,26.880427291523088
0.05,2902,41,78048,26.88529107819497
0.05,2903,32,78080,26.887052341597798
0.05,2904,-64,78016,26.855765920826162
0.05,2905,93,78109,26.878527185134207
0.05,2906,61,78170,26.890264877880977
0.05,2907,80,78250,26.90852819807428
0.05,2908,16,78266,26.90477827432107
0.05,2909,10,78276,26.89896907216495
0.05,2910,92,78368,26.921332875300585
0.05,2911,84,78452,26.940934065934066
0.05,2912,-92,78360,26.900102986611742
0.05,2913,66,78426,26.913520933424845
0.05,2914,-122,78304,26.862435677530016
0.05,2915,58,78362,26.873113854595335
0.05,2916,94,78456,26.896126157010627
0.05,2917,31,78487,26.897532556545578
0.05,2918,81,78568,26.916067146282973
0.05,2919,89,78657,26.937328767123287
0.05,2920,-62,78595,26.906881205066757
0.05,2921,-2,78593,26.896988364134156
0.05,2922,76,78669,26.913787204926447
0.05,2923,41,78710,26.91860465116279
0.05,2924,74,78784,26.934700854700854
0.05,2925,-25,78759,26.916951469583047
0.05,2926,56,78815,26.926887598223438
0.05,2927,77,78892,26.943989071038253
0.05,2928,52,78944,26.95254353021509
0.05,2929,65,79009,26.965529010238907
0.05,2930,-26,78983,26.947458205390653
0.05,2931,94,79077,26.970327421555254
0.05,2932,28,79105,26.970678486191613
0.05,2933,74,79179,26.98670756646217
0.05,2934,60,79239,26.99795570698467
0.05,2935,-160,79079,26.934264305177113
0.05,2936,79,79158,26.951991828396324
0.05,2937,93,79251,26.974472430224644
0.05,2938,94,79345,26.997277985709424
0.05,2939,79,79424,27.014965986394557
0.05,2940,64,79488,27.02754165249915
0.05,2941,1,79489,27.01869476546567
0.05,2942,90,79579,27.04009514101257
0.05,2943,22,79601,27.038383152173914
0.05,2944,-17,79584,27.023429541595924
0.05,2945,69,79653,27.037678207739308
0.05,2946,-189,79464,26.96437054631829
0.05,2947,49,79513,26.971845318860243
0.05,2948,54,79567,26.98101051203798
0.05,2949,-11,79556,26.96813559322034
0.05,2950,83,79639,26.987123009149443
0.05,2951,89,79728,27.008130081300813
0.05,2952,62,79790,27.019979681679647
0.05,2953,27,79817,27.019972918077183
0.05,2954,59,79876,27.030795262267343
0.05,2955,-19,79857,27.015223274695533
0.05,2956,79,79936,27.03280351707812
0.05,2957,94,80030,27.055442866801894
0.05,2958,51,80081,27.06353497803312
0.05,2959,53,80134,27.072297297297297
0.05,2960,67,80201,27.085781830462683
0.05,2961,18,80219,27.082714382174206
0.05,2962,55,80274,27.092136348295647
0.05,2963,44,80318,27.097840755735493
0.05,2964,82,80400,27.116357504215852
0.05,2965,-24,80376,27.09912339851652
0.05,2966,69,80445,27.11324570273003
0.05,2967,-17,80428,27.098382749326145
0.05,2968,78,80506,27.115527113506232
0.05,2969,86,80592,27.135353535353534
0.05,2970,-65,80527,27.104341972399865
0.05,2971,71,80598,27.119111709286674
0.05,2972,41,80639,27.12378069290279
0.05,2973,89,80728,27.144586415601882
0.05,2974,88,80816,27.165042016806723
0.05,2975,79,80895,27.182459677419356
0.05,2976,-389,80506,27.042660396372188
0.05,2977,-5,80501,27.031900604432504
0.05,2978,-14,80487,27.018126888217523
0.05,2979,44,80531,27.023825503355706
0.05,2980,-41,80490,27.0010063737001
0.05,2981,15,80505,26.99698189134809
0.05,2982,-30,80475,26.97787462286289
0.05,2983,75,80550,26.99396782841823
0.05,2984,88,80638,27.014405360134003
0.05,2985,89,80727,27.03516409912927
0.05,2986,86,80813,27.05490458654168
0.05,2987,-32,80781,27.035140562248998
0.05,2988,87,80868,27.055202408832386
0.05,2989,33,80901,27.057190635451505
0.05,2990,5,80906,27.0498161150117
0.05,2991,77,80983,27.066510695187166
0.05,2992,-255,80728,26.972268626795856
0.05,2993,51,80779,26.980293921175686
0.05,2994,0,80779,26.97128547579299
0.05,2995,-68,80711,26.93958611481976
0.05,2996,-160,80551,26.87721054387721
0.05,2997,49,80600,26.88458972648432
0.05,2998,77,80677,26.901300433477825
0.05,2999,36,80713,26.904333333333334
0.05,3000,88,80801,26.924691769410195
0.05,3001,30,80831,26.925716189207193
0.05,3002,-135,80696,26.871794871794872
0.05,3003,43,80739,26.8771637816245
0.05,3004,52,80791,26.885524126455906
0.05,3005,62,80853,26.897205588822356
0.05,3006,94,80947,26.91952111739275
0.05,3007,-17,80930,26.90492021276596
0.05,3008,83,81013,26.92356264539714
0.05,3009,-27,80986,26.90564784053156
0.05,3010,25,81011,26.90501494520093
0.05,3011,67,81078,26.91832669322709
0.05,3012,19,81097,26.915698639230005
0.05,3013,-24,81073,26.898805573988056
0.05,3014,89,81162,26.919402985074626
0.05,3015,-133,81029,26.86637931034483
0.05,3016,61,81090,26.877693072588663
0.05,3017,-41,81049,26.855202120609675
0.05,3018,87,81136,26.87512421331567
0.05,3019,-61,81075,26.846026490066226
0.05,3020,75,81150,26.86196623634558
0.05,3021,-168,80982,26.797485109199204
0.05,3022,-63,80919,26.767780350645054
0.05,3023,45,80964,26.773809523809526
0.05,3024,94,81058,26.79603305785124
0.05,3025,-173,80885,26.730006609385327
0.05,3026,11,80896,26.72481004294681
0.05,3027,-23,80873,26.708388375165125
0.05,3028,12,80885,26.703532518983163
0.05,3029,84,80969,26.72244224422442
0.05,3030,90,81059,26.74331903662158
0.05,3031,71,81130,26.75791556728232
0.05,3032,90,81220,26.77876689746126
0.05,3033,88,81308,26.798945286750165
0.05,3034,57,81365,26.808896210873147
0.05,3035,19,81384,26.806324110671937
0.05,3036,88,81472,26.82647349357919
0.05,3037,88,81560,26.84660961158657
0.05,3038,87,81647,26.866403422178347
0.05,3039,85,81732,26.885526315789473
0.05,3040,58,81790,26.89575797435054
0.05,3041,-36,81754,26.87508218277449
0.05,3042,90,81844,26.895826487019388
0.05,3043,-228,81616,26.81208935611038
0.05,3044,47,81663,26.81871921182266
0.05,3045,16,81679,26.815167432698622
0.05,3046,91,81770,26.836232359698062
0.05,3047,-26,81744,26.818897637795274
0.05,3048,78,81822,26.835683830764186
0.05,3049,-43,81779,26.812786885245902
0.05,3050,-23,81756,26.79646017699115
0.05,3051,-212,81544,26.71821756225426
0.05,3052,76,81620,26.73435964624959
0.05,3053,-14,81606,26.721021611001966
0.05,3054,35,81641,26.723731587561375
0.05,3055,79,81720,26.740837696335078
0.05,3056,56,81776,26.750408897612036
0.05,3057,75,81851,26.76618705035971
0.05,3058,85,81936,26.78522392938869
0.05,3059,38,81974,26.788888888888888
0.05,3060,-48,81926,26.764456060111076
0.05,3061,94,82020,26.786414108425866
0.05,3062,-150,81870,26.72869735553379
0.05,3063,-115,81755,26.682441253263708
0.05,3064,14,81769,26.678303425774878
0.05,3065,89,81858,26.698630136986303
0.05,3066,36,81894,26.701662862732313
0.05,3067,87,81981,26.721316818774447
0.05,3068,73,82054,26.73639622026719
0.05,3069,11,82065,26.73127035830619
0.05,3070,31,82096,26.73266037121459
0.05,3071,24,82120,26.731770833333332
0.05,3072,94,82214,26.75366091767003
0.05,3073,70,82284,26.767729342875732
0.05,3074,86,82370,26.786991869918698
0.05,3075,66,82436,26.79973992197659
0.05,3076,78,82514,26.816379590510238
0.05,3077,-133,82381,26.764457439896038
0.05,3078,79,82460,26.781422539785645
0.05,3079,23,82483,26.780194805194807
0.05,3080,65,82548,26.792599805258032
0.05,3081,-35,82513,26.77255029201817
0.05,3082,61,82574,26.7836522867337
0.05,3083,58,82632,26.79377431906615
0.05,3084,56,82688,26.8032414910859
0.05,3085,80,82768,26.82047958522359
0.05,3086,-158,82610,26.760609005506964
0.05,3087,92,82702,26.781735751295336
0.05,3088,60,82762,26.792489478795726
0.05,3089,91,82853,26.81326860841424
0.05,3090,55,82908,26.822387576835975
0.05,3091,83,82991,26.840556274256144
0.05,3092,-53,82938,26.81474296799224
0.05,3093,24,82962,26.813833225597932
0.05,3094,-4,82958,26.80387722132472
0.05,3095,92,83050,26.824935400516797
0.05,3096,58,83108,26.83500161446561
0.05,3097,69,83177,26.848612007746933
0.05,3098,-16,83161,26.834785414649886
0.05,3099,56,83217,26.844193548387096
0.05,3100,-149,83068,26.78748790712673
0.05,3101,87,83155,26.806898774983882
0.05,3102,90,83245,26.827263938124396
0.05,3103,74,83319,26.842461340206185
0.05,3104,59,83378,26.852818035426733
0.05,3105,88,83466,26.872504829362523
0.05,3106,80,83546,26.889604119729643
0.05,3107,86,83632,26.90862290862291
0.05,3108,91,83723,26.929237697008684
0.05,3109,-16,83707,26.915434083601287
0.05,3110,-216,83491,26.837351333976212
0.05,3111,93,83584,26.858611825192803
0.05,3112,87,83671,26.87793125602313
0.05,3113,80,83751,26.89499036608863
0.05,3114,-84,83667,26.859390048154093
0.05,3115,87,83754,26.878690629011555
0.05,3116,67,83821,26.891562399743343
0.05,3117,59,83880,26.901860166773574
0.05,3118,-25,83855,26.885219621673613
0.05,3119,-64,83791,26.856089743589745
0.05,3120,69,83860,26.8695930791413
0.05,3121,77,83937,26.885650224215247
0.05,3122,89,84026,26.905539545308997
0.05,3123,78,84104,26.92189500640205
0.05,3124,-46,84058,26.89856
0.05,3125,-24,84034,26.882277671145232
0.05,3126,40,84074,26.8864726574992
0.05,3127,75,84149,26.90185421994885
0.05,3128,-100,84049,26.861297539149888
0.05,3129,94,84143,26.882747603833867
0.05,3130,55,84198,26.891727882465666
0.05,3131,-63,84135,26.863026819923373
0.05,3132,71,84206,26.877114586658156
0.05,3133,47,84253,26.88353541799617
0.05,3134,-93,84160,26.84529505582137
0.05,3135,51,84211,26.852997448979593
0.05,3136,-3,84208,26.843481032833918
0.05,3137,42,84250,26.848311026131295
0.05,3138,3,84253,26.840713603058298
0.05,3139,-7,84246,26.829936305732485
0.05,3140,69,84315,26.843361986628462
0.05,3141,88,84403,26.86282622533418
0.05,3142,-100,84303,26.822462615335667
0.05,3143,57,84360,26.83206106870229
0.05,3144,94,84454,26.85341812400636
0.05,3145,59,84513,26.863636363636363
0.05,3146,94,84607,26.88496981251986
0.05,3147,-164,84443,26.82433290978399
0.05,3148,-19,84424,26.809780882819943
0.05,3149,-5,84419,26.79968253968254
0.05,3150,90,84509,26.81973976515392
0.05,3151,92,84601,26.840418781725887
0.05,3152,65,84666,26.85252140818268
0.05,3153,27,84693,26.852568167406467
0.05,3154,-84,84609,26.81743264659271
0.05,3155,78,84687,26.833650190114067
0.05,3156,67,84754,26.846373139056066
0.05,3157,25,84779,26.845788473717544
0.05,3158,14,84793,26.841722063944285
0.05,3159,7,84800,26.835443037974684
0.05,3160,90,84890,26.855425498260043
0.05,3161,26,84916,26.85515496521189
0.05,3162,-33,84883,26.836231425861524
0.05,3163,67,84950,26.848925410872315
0.05,3164,54,85004,26.85750394944708
0.05,3165,-335,84669,26.743209096651928
0.05,3166,35,84704,26.745816229870538
0.05,3167,79,84783,26.762310606060606
0.05,3168,90,84873,26.78226569895866
0.05,3169,68,84941,26.795268138801262
0.05,3170,90,85031,26.815200252286346
0.05,3171,91,85122,26.835435056746533
0.05,3172,19,85141,26.832965647652063
0.05,3173,81,85222,26.850031505986138
0.05,3174,-110,85112,26.80692913385827
0.05,3175,-5,85107,26.79691435768262
0.05,3176,62,85169,26.80799496380233
0.05,3177,-166,85003,26.747325361862806
0.05,3178,70,85073,26.76093111041208
0.05,3179,64,85137,26.772641509433964
0.05,3180,93,85230,26.7934611757309
0.05,3181,-6,85224,26.783155248271527
0.05,3182,93,85317,26.803958529688973
0.05,3183,29,85346,26.80464824120603
0.05,3184,90,85436,26.824489795918367
0.05,3185,92,85528,26.84494664155681
0.05,3186,-71,85457,26.81424537182303
0.05,3187,71,85528,26.82810539523212
0.05,3188,-72,85456,26.79711508309815
0.05,3189,-25,85431,26.780877742946707
0.05,3190,-217,85214,26.704481353807584
0.05,3191,50,85264,26.711779448621552
0.05,3192,15,85279,26.70811149389289
0.05,3193,18,85297,26.705385097056983
0.05,3194,6,85303,26.698904538341157
0.05,3195,-46,85257,26.6761576971214
0.05,3196,29,85286,26.676884579293088
0.05,3197,-12,85274,26.664790494058785
0.05,3198,-19,85255,26.65051578618318
0.05,3199,-250,85005,26.5640625
0.05,3200,-5,85000,26.55420181193377
0.05,3201,93,85093,26.574953154278575
0.05,3202,63,85156,26.586325320012488
0.05,3203,5,85161,26.579588014981272
0.05,3204,89,85250,26.599063962558503
0.05,3205,79,85329,26.61540860885839
0.05,3206,77,85406,26.63111942625507
0.05,3207,61,85467,26.641832917705734
0.05,3208,82,85549,26.6590838267373
0.05,3209,-92,85457,26.622118380062304
0.05,3210,-46,85411,26.599501712862036
0.05,3211,91,85502,26.619551681195517
0.05,3212,45,85547,26.625272331154683
0.05,3213,93,85640,26.645924082140635
0.05,3214,46,85686,26.651944012441678
0.05,3215,-184,85502,26.58644278606965
0.05,3216,28,85530,26.58688218837426
0.05,3217,93,85623,26.607520198881293
0.05,3218,82,85705,26.624728176452315
0.05,3219,81,85786,26.6416149068323
0.05,3220,-9,85777,26.63054951878299
0.05,3221,81,85858,26.647423960273123
0.05,3222,28,85886,26.647843623952838
0.05,3223,-63,85823,26.620037220843674
0.05,3224,51,85874,26.627596899224805
0.05,3225,69,85943,26.640731556106633
0.05,3226,89,86032,26.660055779361635
0.05,3227,86,86118,26.678438661710036
0.05,3228,8,86126,26.672654072468255
0.05,3229,-31,86095,26.654798761609907
0.05,3230,85,86180,26.672856700711854
0.05,3231,79,86259,26.68904702970297
0.05,3232,-132,86127,26.63996288277142
0.05,3233,37,86164,26.64316635745207
0.05,3234,85,86249,26.661205564142193
0.05,3235,93,86342,26.68170580964153
0.05,3236,88,86430,26.70064874884152
0.05,3237,54,86484,26.70907967881408
0.05,3238,94,86578,26.729854893485644
0.05,3239,-11,86567,26.71820987654321
0.05,3240,-421,86146,26.580067880283863
0.05,3241,89,86235,26.599321406539172
0.05,3242,82,86317,26.61640456367561
0.05,3243,2,86319,26.60881627620222
0.05,3244,90,86409,26.62835130970724
0.05,3245,-25,86384,26.612446087492298
0.05,3246,29,86413,26.613181398213737
0.05,3247,-74,86339,26.582204433497537
0.05,3248,-252,86087,26.496460449369035
0.05,3249,58,86145,26.506153846153847
0.05,3250,88,86233,26.525069209474008
0.05,3251,88,86321,26.543972939729397
0.05,3252,81,86402,26.56071318782662
0.05,3253,-57,86345,26.53503380454825
0.05,3254,71,86416,26.54869431643625
0.05,3255,66,86482,26.56081081081081
0.05,3256,94,86576,26.581516733190053
0.05,3257,-16,86560,26.568446899938614
0.05,3258,-121,86439,26.523166615526236
0.05,3259,84,86523,26.54079754601227
0.05,3260,73,86596,26.55504446488807
0.05,3261,69,86665,26.568056407112202
0.05,3262,73,86738,26.582286239656757
0.05,3263,84,86822,26.599877450980394
0.05,3264,62,86884,26.61071975497703
0.05,3265,82,86966,26.627679118187384
0.05,3266,-150,86816,26.5736149372513
0.05,3267,81,86897,26.590269277845778
0.05,3268,70,86967,26.603548485775466
0.05,3269,-20,86947,26.589296636085628
0.05,3270,61,87008,26.599816569856312
0.05,3271,83,87091,26.617053789731052
0.05,3272,84,87175,26.634586006721662
0.05,3273,-60,87115,26.60812461820403
0.05,3274,4,87119,26.601221374045803
0.05,3275,76,87195,26.616300366300365
0.05,3276,-3,87192,26.60726274031126
0.05,3277,-117,87075,26.563453325198292
0.05,3278,75,87150,26.57822506861848
0.05,3279,55,87205,26.586890243902438
0.05,3280,88,87293,26.60560804632734
0.05,3281,81,87374,26.622181596587446
0.05,3282,-233,87141,26.54310082241852
0.05,3283,57,87198,26.55237515225335
0.05,3284,-40,87158,26.53211567732116
0.05,3285,-31,87127,26.514607425441266
0.05,3286,39,87166,26.51840584119258
0.05,3287,22,87188,26.517031630170315
0.05,3288,89,87277,26.536029188203102
0.05,3289,94,87371,26.556534954407294
0.05,3290,56,87427,26.56548161652993
0.05,3291,81,87508,26.5820170109356
0.05,3292,22,87530,26.580625569389614
0.05,3293,-114,87416,26.53794778384942
0.05,3294,82,87498,26.554779969650987
0.05,3295,82,87580,26.571601941747574
0.05,3296,66,87646,26.583560812860178
0.05,3297,74,87720,26.5979381443299
0.05,3298,93,87813,26.618066080630495
0.05,3299,43,87856,26.6230303030303
0.05,3300,92,87948,26.642835504392608
0.05,3301,-53,87895,26.61871592973955
0.05,3302,-71,87824,26.58916136845292
0.05,3303,94,87918,26.609564164648912
0.05,3304,24,87942,26.60877458396369
0.05,3305,18,87960,26.60617059891107
0.05,3306,70,88030,26.61929241003931
0.05,3307,-49,87981,26.596432889963726
0.05,3308,-20,87961,26.582351163493502
0.05,3309,-18,87943,26.568882175226587
0.05,3310,-84,87859,26.535487768045908
0.05,3311,84,87943,26.55283816425121
0.05,3312,23,87966,26.551765771204348
0.05,3313,84,88050,26.569100784550393
0.05,3314,-78,87972,26.537556561085974
0.05,3315,35,88007,26.540108564535586
0.05,3316,86,88093,26.558034368405185
0.05,3317,71,88164,26.571428571428573
0.05,3318,70,88234,26.584513407652906
0.05,3319,47,88281,26.59066265060241
0.05,3320,-168,88113,26.532068654019874
0.05,3321,84,88197,26.549367850692352
0.05,3322,-174,88023,26.489015949443274
0.05,3323,-85,87938,26.455475330926596
0.05,3324,12,87950,26.451127819548873
0.05,3325,-1,87949,26.442874323511727
0.05,3326,54,88003,26.45115719867749
0.05,3327,44,88047,26.45643028846154
0.05,3328,80,88127,26.472514268549112
0.05,3329,-95,88032,26.436036036036036
0.05,3330,-31,88001,26.418793155208647
0.05,3331,35,88036,26.421368547418968
0.05,3332,-98,87938,26.384038403840385
0.05,3333,69,88007,26.396820635872825
0.05,3334,83,88090,26.413793103448278
0.05,3335,24,88114,26.413069544364507
0.05,3336,83,88197,26.430026970332634
0.05,3337,74,88271,26.444278010784902
0.05,3338,92,88363,26.463911350703803
0.05,3339,-16,88347,26.45119760479042
0.05,3340,86,88433,26.469021251122417
0.05,3341,53,88486,26.476959904248954
0.05,3342,-333,88153,26.369428656895003
0.05,3343,-27,88126,26.35346889952153
0.05,3344,94,88220,26.373692077727952
0.05,3345,-37,88183,26.35475194261805
0.05,3346,-141,88042,26.30475052285629
0.05,3347,46,88088,26.31063321385902
0.05,3348,47,88135,26.31681098835473
0.05,3349,-24,88111,26.30179104477612
0.05,3350,77,88188,26.316920322291853
0.05,3351,90,88278,26.335918854415276
0.05,3352,80,88358,26.351923650462272
0.05,3353,70,88428,26.3649373881932
0.05,3354,94,88522,26.38509687034277
0.05,3355,-48,88474,26.362932061978547
0.05,3356,93,88567,26.382782246053022
0.05,3357,72,88639,26.396366885050625
0.05,3358,67,88706,26.40845489729086
0.05,3359,-55,88651,26.38422619047619
0.05,3360,-207,88444,26.314787265694733
0.05,3361,62,88506,26.325401546698394
0.05,3362,-10,88496,26.31460005947071
0.05,3363,20,88516,26.31272294887039
0.05,3364,59,88575,26.322436849925705
0.05,3365,63,88638,26.333333333333332
0.05,3366,-103,88535,26.294921294921295
0.05,3367,80,88615,26.31086698337292
0.05,3368,-33,88582,26.293262095577322
0.05,3369,93,88675,26.31305637982196
0.05,3370,78,88753,26.328389202017206
0.05,3371,-127,88626,26.28291814946619
0.05,3372,86,88712,26.300622591165133
0.05,3373,78,88790,26.315945465323058
0.05,3374,28,88818,26.316444444444443
0.05,3375,67,88885,26.32849526066351
0.05,3376,-19,88866,26.315072549600238
0.05,3377,3,88869,26.30817051509769
0.05,3378,74,88943,26.32228469961527
0.05,3379,-17,88926,26.309467455621302
0.05,3380,35,88961,26.31203785862171
0.05,3381,46,89007,26.31785925487877
0.05,3382,-69,88938,26.289683712681054
0.05,3383,4,88942,26.28309692671395
0.05,3384,73,89015,26.296898079763665
0.05,3385,94,89109,26.316893089190785
0.05,3386,71,89180,26.330085621493946
0.05,3387,-87,89093,26.29663518299882
0.05,3388,-12,89081,26.285334907052228
0.05,3389,70,89151,26.298230088495576
0.05,3390,-83,89068,26.26599823061044
0.05,3391,-45,89023,26.24498820754717
0.05,3392,88,89111,26.263188918361333
0.05,3393,71,89182,26.27637006482027
0.05,3394,-7,89175,26.266568483063327
0.05,3395,66,89241,26.27826855123675
0.05,3396,63,89304,26.289078598763616
0.05,3397,87,89391,26.306945261918777
0.05,3398,86,89477,26.324507208002352
0.05,3399,-4,89473,26.31558823529412
0.05,3400,-27,89446,26.29991179064981
0.05,3401,94,89540,26.31981187536743
0.05,3402,60,89600,26.32970908022333
0.05,3403,-77,89523,26.299353701527615
0.05,3404,81,89604,26.315418502202643
0.05,3405,8,89612,26.310041103934235
0.05,3406,-18,89594,26.297035515115937
0.05,3407,86,89680,26.314553990610328
0.05,3408,68,89748,26.326782047521267
0.05,3409,-37,89711,26.308211143695015
0.05,3410,12,89723,26.30401641747288
0.05,3411,-2,89721,26.295720984759672
0.05,3412,26,89747,26.295634339290945
0.05,3413,-246,89501,26.215875805506737
0.05,3414,81,89582,26.231918008784774
0.05,3415,68,89650,26.244145199063233
0.05,3416,-42,89608,26.22417325139011
0.05,3417,38,89646,26.227618490345233
0.05,3418,22,89668,26.226381983035974
0.05,3419,-72,89596,26.19766081871345
0.05,3420,90,89686,26.21631102016954
0.05,3421,60,89746,26.226183518410288
0.05,3422,78,89824,26.24130879345603
0.05,3423,76,89900,26.255841121495326
0.05,3424,94,89994,26.275620437956203
0.05,3425,-39,89955,26.256567425569177
0.05,3426,44,89999,26.261744966442954
0.05,3427,-12,89987,26.250583430571762
0.05,3428,-116,89871,26.20909886264217
0.05,3429,91,89962,26.22798833819242
0.05,3430,41,90003,26.232293791897405
0.05,3431,61,90064,26.242424242424242
0.05,3432,93,90157,26.26187008447422
0.05,3433,86,90243,26.279266161910307
0.05,3434,87,90330,26.29694323144105
0.05,3435,-272,90058,26.21012805587893
0.05,3436,73,90131,26.22374163514693
0.05,3437,-114,90017,26.182955206515416
0.05,3438,-218,89799,26.111951148589707
0.05,3439,-20,89779,26.09854651162791
0.05,3440,-124,89655,26.05492589363557
0.05,3441,-2,89653,26.04677513073794
0.05,3442,88,89741,26.064769096717978
0.05,3443,86,89827,26.082171893147503
0.05,3444,48,89875,26.088534107402033
0.05,3445,-570,89305,25.915554265815437
0.05,3446,58,89363,25.924862199013635
0.05,3447,92,89455,25.944025522041763
0.05,3448,93,89548,25.963467671788923
0.05,3449,6,89554,25.95768115942029
0.05,3450,94,89648,25.977397855694
0.05,3451,88,89736,25.995365005793744
0.05,3452,15,89751,25.99218071242398
0.05,3453,42,89793,25.996815286624205
0.05,3454,-56,89737,25.973082489146165
0.05,3455,85,89822,25.990162037037038
0.05,3456,84,89906,26.006942435637836
0.05,3457,-38,89868,25.98843262001157
0.05,3458,74,89942,26.0023128071697
0.05,3459,44,89986,26.007514450867053
0.05,3460,50,90036,26.014446691707597
0.05,3461,-2,90034,26.00635470826112
0.05,3462,22,90056,26.005197805371065
0.05,3463,88,90144,26.023094688221708
0.05,3464,-1,90143,26.015295815295815
0.05,3465,-204,89939,25.948932487016734
0.05,3466,87,90026,25.96654167868474
0.05,3467,-3,90023,25.958189158016147
0.05,3468,26,90049,25.95820121072355
0.05,3469,3,90052,25.951585014409222
0.05,3470,18,90070,25.94929415154134
0.05,3471,87,90157,25.96687788018433
0.05,3472,94,90251,25.98646703138497
0.05,3473,50,90301,25.993379389752448
0.05,3474,5,90306,25.987338129496404
0.05,3475,-28,90278,25.97180667433832
0.05,3476,70,90348,25.984469370146677
0.05,3477,94,90442,26.00402530189764
0.05,3478,53,90495,26.011784995688416
0.05,3479,-16,90479,25.999712643678162
0.05,3480,93,90572,26.018960068945706
0.05,3481,86,90658,26.03618609994256
0.05,3482,84,90742,26.052828021820268
0.05,3483,51,90793,26.059988518943744
0.05,3484,90,90883,26.078335724533716
0.05,3485,94,90977,26.0978198508319
0.05,3486,71,91048,26.110696874103816
0.05,3487,86,91134,26.127866972477065
0.05,3488,59,91193,26.137288621381483
0.05,3489,85,91278,26.154154727793696
0.05,3490,55,91333,26.162417645373818
0.05,3491,71,91404,26.175257731958762
0.05,3492,42,91446,26.179788147724018
0.05,3493,32,91478,26.181453921007442
0.05,3494,38,91516,26.18483547925608
0.05,3495,80,91596,26.200228832951947
0.05,3496,60,91656,26.209894195024308
0.05,3497,-34,91622,26.192681532304174
0.05,3498,94,91716,26.21206058873964
0.05,3499,-219,91497,26.142
0.05,3500,88,91585,26.159668666095403
0.05,3501,21,91606,26.158195316961738
0.05,3502,-83,91523,26.127033970882103
0.05,3503,18,91541,26.124714611872147
0.05,3504,92,91633,26.143509272467902
0.05,3505,90,91723,26.161722760981174
0.05,3506,64,91787,26.172512118619903
0.05,3507,93,91880,26.191562143671607
0.05,3508,-90,91790,26.15844970076945
0.05,3509,-35,91755,26.141025641025642
0.05,3510,85,91840,26.15778980347479
0.05,3511,-64,91776,26.132118451025057
0.05,3512,94,91870,26.151437517791063
0.05,3513,-5,91865,26.142572566875355
0.05,3514,-74,91791,26.114082503556187
0.05,3515,93,91884,26.133105802047783
0.05,3516,18,91902,26.13079328973557
0.05,3517,89,91991,26.148664013644115
0.05,3518,58,92049,26.15771526001705
0.05,3519,23,92072,26.15681818181818
0.05,3520,51,92123,26.16387389946038
0.05,3521,-38,92085,26.14565587734242
0.05,3522,80,92165,26.160942378654557
0.05,3523,53,92218,26.16855845629966
0.05,3524,85,92303,26.185248226950353
0.05,3525,89,92392,26.203062960862166
0.05,3526,93,92485,26.222001701162462
0.05,3527,11,92496,26.217687074829932
0.05,3528,-16,92480,26.205724001133465
0.05,3529,86,92566,26.222662889518414
0.05,3530,36,92602,26.22543188898329
0.05,3531,18,92620,26.223103057757644
0.05,3532,39,92659,26.226719501839796
0.05,3533,56,92715,26.23514431239389
0.05,3534,-33,92682,26.21838755304102
0.05,3535,85,92767,26.235011312217196
0.05,3536,42,92809,26.239468476109696
0.05,3537,82,92891,26.255228942905596
0.05,3538,66,92957,26.26645945182255
0.05,3539,18,92975,26.26412429378531
0.05,3540,94,93069,26.283253318271676
0.05,3541,-45,93024,26.263128176171655
0.05,3542,32,93056,26.264747389218176
0.05,3543,39,93095,26.26834085778781
0.05,3544,57,93152,26.27700987306065
0.05,3545,68,93220,26.2887760857304
0.05,3546,62,93282,26.298844093600227
0.05,3547,41,93323,26.302987598647125
0.05,3548,19,93342,26.30092983939138
0.05,3549,94,93436,26.32
0.05,3550,11,93447,26.315685722331736
0.05,3551,69,93516,26.3277027027027
0.05,3552,5,93521,26.32169997185477
0.05,3553,89,93610,26.339335959482273
0.05,3554,94,93704,26.358368495077357
0.05,3555,-212,93492,26.291338582677167
0.05,3556,23,93515,26.29041326960922
0.05,3557,30,93545,26.291455874086566
0.05,3558,62,93607,26.301489182354594
0.05,3559,50,93657,26.30814606741573
0.05,3560,36,93693,26.310867733782647
0.05,3561,-35,93658,26.29365524985963
0.05,3562,-175,93483,26.237159696884646
0.05,3563,57,93540,26.245791245791246
0.05,3564,87,93627,26.262833099579243
0.05,3565,25,93652,26.26247896803141
0.05,3566,-33,93619,26.245864872441828
0.05,3567,94,93713,26.264854260089685
0.05,3568,-174,93539,26.208741944522274
0.05,3569,92,93631,26.22717086834734
0.05,3570,91,93722,26.245309437132455
0.05,3571,92,93814,26.263717805151177
0.05,3572,6,93820,26.258046459557793
0.05,3573,62,93882,26.26804700615557
0.05,3574,83,93965,26.283916083916083
0.05,3575,84,94049,26.300055928411634
0.05,3576,-85,93964,26.268940452893485
0.05,3577,77,94041,26.28311906092789
0.05,3578,-19,94022,26.270466610785135
0.05,3579,-257,93765,26.191340782122904
0.05,3580,-117,93648,26.151354370287628
0.05,3581,67,93715,26.162758235622558
0.05,3582,87,93802,26.179737650013955
0.05,3583,10,93812,26.175223214285715
0.05,3584,38,93850,26.178521617852162
0.05,3585,46,93896,26.1840490797546
0.05,3586,-33,93863,26.167549484248674
0.05,3587,47,93910,26.17335562987737
0.05,3588,93,94003,26.191975480635275
0.05,3589,91,94094,26.210027855153204
0.05,3590,-78,94016,26.181008075744916
0.05,3591,39,94055,26.184576837416483
0.05,3592,-313,93742,26.090175340940718
0.05,3593,85,93827,26.106566499721758
0.05,3594,66,93893,26.117663421418637
0.05,3595,82,93975,26.133203559510566
0.05,3596,-96,93879,26.09924937447873
0.05,3597,49,93928,26.10561423012785
0.05,3598,62,93990,26.11558766323979
0.05,3599,91,94081,26.13361111111111
0.05,3600,-104,93977,26.097472924187727
0.05,3601,65,94042,26.108273181565796
0.05,3602,79,94121,26.122953094643353
0.05,3603,82,94203,26.138457269700332
0.05,3604,-42,94161,26.119556171983355
0.05,3605,60,94221,26.128951747088188
0.05,3606,26,94247,26.128915996673136
0.05,3607,-63,94184,26.104212860310422
0.05,3608,39,94223,26.107786090329732
0.05,3609,72,94295,26.12049861495845
0.05,3610,-16,94279,26.10883411797286
0.05,3611,12,94291,26.104928017718716
0.05,3612,-54,94237,26.082756711873788
0.05,3613,32,94269,26.084394023242943
0.05,3614,57,94326,26.092946058091286
0.05,3615,86,94412,26.109513274336283
0.05,3616,77,94489,26.12358307990047
0.05,3617,26,94515,26.123548922056386
0.05,3618,69,94584,26.13539651837524
0.05,3619,94,94678,26.15414364640884
0.05,3620,32,94710,26.15575807787904
0.05,3621,61,94771,26.165378244064055
0.05,3622,-83,94688,26.135247032845708
0.05,3623,57,94745,26.143763796909493
0.05,3624,59,94804,26.152827586206897
0.05,3625,-49,94755,26.132101489244345
0.05,3626,7,94762,26.12682657843948
0.05,3627,-11,94751,26.116593164277838
0.05,3628,73,94824,26.12951226233122
0.05,3629,78,94902,26.143801652892563
0.05,3630,-158,94744,26.093087303773064
0.05,3631,83,94827,26.10875550660793
0.05,3632,-126,94701,26.066886870355077
0.05,3633,94,94795,26.085580627407815
0.05,3634,42,94837,26.089958734525446
0.05,3635,76,94913,26.103685368536855
0.05,3636,-6,94907,26.094858399780037
0.05,3637,39,94946,26.09840571742716
0.05,3638,87,95033,26.115141522396264
0.05,3639,76,95109,26.128846153846155
0.05,3640,91,95200,26.146663004669048
0.05,3641,66,95266,26.15760571114772
0.05,3642,-38,95228,26.139994510019214
0.05,3643,78,95306,26.15422612513721
0.05,3644,93,95399,26.17256515775034
0.05,3645,87,95486,26.18924849149753
0.05,3646,73,95559,26.202083904579105
0.05,3647,86,95645,26.218475877192983
0.05,3648,89,95734,26.23568100849548
0.05,3649,89,95823,26.252876712328767
0.05,3650,13,95836,26.249246781703643
0.05,3651,-140,95696,26.203723986856517
0.05,3652,93,95789,26.22200930741856
0.05,3653,-23,95766,26.20853858784893
0.05,3654,-132,95634,26.165253077975375
0.05,3655,39,95673,26.168763676148796
0.05,3656,-57,95616,26.146021328958163
0.05,3657,21,95637,26.144614543466375
0.05,3658,7,95644,26.13938234490298
0.05,3659,83,95727,26.154918032786885
0.05,3660,93,95820,26.173176727670036
0.05,3661,24,95844,26.172583287820864
0.05,3662,48,95892,26.178542178542177
0.05,3663,-194,95698,26.11844978165939
0.05,3664,86,95784,26.134788540245566
0.05,3665,61,95845,26.1442989634479
0.05,3666,90,95935,26.161712571584403
0.05,3667,89,96024,26.17884405670665
0.05,3668,-26,95998,26.164622512946305
0.05,3669,8,96006,26.159673024523162
0.05,3670,51,96057,26.16643966221738
0.05,3671,39,96096,26.169934640522875
0.05,3672,51,96147,26.1766947998911
0.05,3673,49,96196,26.182906913445837
0.05,3674,-70,96126,26.15673469387755
0.05,3675,91,96217,26.17437431991295
0.05,3676,77,96294,26.18819689964645
0.05,3677,5,96299,26.18243610657966
0.05,3678,88,96387,26.19923892362055
0.05,3679,-88,96299,26.16820652173913
0.05,3680,-131,96168,26.125509372453138
0.05,3681,6,96174,26.120043454644215
0.05,3682,67,96241,26.131143089872385
0.05,3683,66,96307,26.141965255157437
0.05,3684,52,96359,26.14898236092266
0.05,3685,76,96435,26.162506782419968
0.05,3686,-93,96342,26.130187144019526
0.05,3687,-297,96045,26.042570498915403
0.05,3688,-34,96011,26.02629438872323
0.05,3689,-31,95980,26.010840108401084
0.05,3690,91,96071,26.028447575182877
0.05,3691,-233,95838,25.958288190682556
0.05,3692,79,95917,25.972650961278095
0.05,3693,92,96009,25.990525175961018
0.05,3694,-102,95907,25.955886332882272
0.05,3695,85,95992,25.971861471861473
0.05,3696,90,96082,25.989180416553964
0.05,3697,-28,96054,25.974580854515956
0.05,3698,-288,95766,25.889699918896998
0.05,3699,69,95835,25.90135135135135
0.05,3700,-31,95804,25.885976763037018
0.05,3701,84,95888,25.901674770394383
0.05,3702,93,95981,25.919794761004592
0.05,3703,83,96064,25.935205183585314
0.05,3704,-31,96033,25.919838056680163
0.05,3705,84,96117,25.93550998381004
0.05,3706,69,96186,25.947127056919342
0.05,3707,62,96248,25.956850053937433
0.05,3708,82,96330,25.971960097061203
0.05,3709,0,96330,25.964959568733153
0.05,3710,82,96412,25.98005928321207
0.05,3711,-47,96365,25.96039870689655
0.05,3712,65,96430,25.970913008349044
0.05,3713,8,96438,25.966074313408726
0.05,3714,-12,96426,25.95585464333782
0.05,3715,77,96503,25.969590958019374
0.05,3716,76,96579,25.983050847457626
0.05,3717,29,96608,25.983862291554598
0.05,3718,63,96671,25.993815541812314
0.05,3719,71,96742,26.005913978494625
0.05,3720,57,96799,26.014243482934695
0.05,3721,85,96884,26.030091348737237
0.05,3722,-20,96864,26.017727639000807
0.05,3723,94,96958,26.035982814178304
0.05,3724,60,97018,26.04510067114094
0.05,3725,-6,97012,26.036500268384327
0.05,3726,90,97102,26.053662463107056
0.05,3727,93,97195,26.07162017167382
0.05,3728,80,97275,26.086082059533386
0.05,3729,12,97287,26.08230563002681
0.05,3730,23,97310,26.08147949611364
0.05,3731,85,97395,26.09726688102894
0.05,3732,60,97455,26.106348781141172
0.05,3733,39,97494,26.109801821103375
0.05,3734,20,97514,26.108165997322622
0.05,3735,87,97601,26.12446466809422
0.05,3736,92,97693,26.14209258763714
0.05,3737,-118,97575,26.103531300160515
0.05,3738,93,97668,26.12142284033164
0.05,3739,-119,97549,26.082620320855614
0.05,3740,87,97636,26.098904036353915
0.05,3741,54,97690,26.10636023516836
0.05,3742,25,97715,26.106064654020837
0.05,3743,40,97755,26.109775641025642
0.05,3744,-73,97682,26.083311081441924
0.05,3745,77,97759,26.096903363587828
0.05,3746,70,97829,26.108620229516948
0.05,3747,32,97861,26.110192102454644
0.05,3748,90,97951,26.127233929047748
0.05,3749,74,98025,26.14
0.05,3750,3,98028,26.133830978405758
0.05,3751,69,98097,26.145255863539447
0.05,3752,33,98130,26.147082334132694
0.05,3753,-48,98082,26.12733084709643
0.05,3754,71,98153,26.139280958721706
0.05,3755,92,98245,26.15681576144835
0.05,3756,92,98337,26.174341229704552
0.05,3757,-2,98335,26.16684406599255
0.05,3758,-167,98168,26.115456238361265
0.05,3759,-21,98147,26.102925531914895
0.05,3760,92,98239,26.12044668971018
0.05,3761,81,98320,26.135034556087188
0.05,3762,48,98368,26.140845070422536
0.05,3763,70,98438,26.15249734325186
0.05,3764,23,98461,26.151660026560425
0.05,3765,-44,98417,26.133032395114178
0.05,3766,59,98476,26.141757366604725
0.05,3767,-13,98463,26.131369426751593
0.05,3768,93,98556,26.149111170071638
0.05,3769,84,98640,26.16445623342175
0.05,3770,81,98721,26.178997613365155
0.05,3771,84,98805,26.194326617179215
0.05,3772,55,98860,26.201961304002122
0.05,3773,-14,98846,26.19130895601484
0.05,3774,26,98872,26.191258278145696
0.05,3775,37,98909,26.194120762711865
0.05,3776,69,98978,26.205454064072015
0.05,3777,24,99002,26.204870301746958
0.05,3778,21,99023,26.203492987562846
0.05,3779,84,99107,26.21878306878307
0.05,3780,89,99196,26.23538746363396
0.05,3781,87,99283,26.251454257006873
0.05,3782,-9,99274,26.24213587100185
0.05,3783,94,99368,26.260042283298098
0.05,3784,90,99458,26.27688243064729
0.05,3785,89,99547,26.293449550977286
0.05,3786,-237,99310,26.223923950356482
0.05,3787,37,99347,26.22676874340021
0.05,3788,78,99425,26.240432831881762
0.05,3789,3,99428,26.234300791556727
0.05,3790,9,99437,26.229754682141916
0.05,3791,79,99516,26.24367088607595
0.05,3792,94,99610,26.261534405483786
0.05,3793,43,99653,26.26594623089088
0.05,3794,9,99662,26.261396574440052
0.05,3795,-46,99616,26.24236037934668
0.05,3796,47,99663,26.247827232025283
0.05,3797,84,99747,26.26303317535545
0.05,3798,39,99786,26.266385891023955
0.05,3799,81,99867,26.280789473684212
0.05,3800,76,99943,26.293870034201525
0.05,3801,47,99990,26.299316149395054
0.05,3802,-84,99906,26.270312910859847
0.05,3803,81,99987,26.284700315457414
0.05,3804,83,100070,26.299605781865967
0.05,3805,52,100122,26.30635838150289
0.05,3806,-88,100034,26.276333070659312
0.05,3807,93,100127,26.29385504201681
0.05,3808,-53,100074,26.273037542662117
0.05,3809,-59,100015,26.250656167979002
0.05,3810,94,100109,26.268433482025713
0.05,3811,-77,100032,26.24134312696747
0.05,3812,72,100104,26.25334382376082
0.05,3813,91,100195,26.270319874147877
0.05,3814,31,100226,26.271559633027522
0.05,3815,-30,100196,26.256813417190777
0.05,3816,86,100282,26.27246528687451
0.05,3817,-25,100257,26.259036144578314
0.05,3818,5,100262,26.253469494632103
0.05,3819,3,100265,26.24738219895288
0.05,3820,57,100322,26.255430515571838
0.05,3821,61,100383,26.264521193092623
0.05,3822,91,100474,26.281454355218415
0.05,3823,-58,100416,26.259414225941423
0.05,3824,56,100472,26.26718954248366
0.05,3825,-58,100414,26.245164662833247
0.05,3826,-15,100399,26.23438724849752
0.05,3827,33,100432,26.236154649947753
0.05,3828,92,100524,26.253329851136066
0.05,3829,91,100615,26.27023498694517
0.05,3830,69,100684,26.28138867136518
0.05,3831,-83,100601,26.25287056367432
0.05,3832,91,100692,26.269762588051133
0.05,3833,-120,100572,26.231611893583725
0.05,3834,17,100589,26.22920469361147
0.05,3835,69,100658,26.240354535974973
0.05,3836,88,100746,26.256450351837373
0.05,3837,5,100751,26.250911933298593
0.05,3838,85,100836,26.26621516019797
0.05,3839,-76,100760,26.239583333333332
0.05,3840,90,100850,26.256183285602706
0.05,3841,66,100916,26.266527850078084
0.05,3842,10,100926,26.262295081967213
0.05,3843,84,101010,26.277315296566076
0.05,3844,-205,100805,26.217165149544865
0.05,3845,1,100806,26.210608424336975
0.05,3846,-79,100727,26.183259682869767
0.05,3847,51,100778,26.18970893970894
0.05,3848,73,100851,26.201870615744348
0.05,3849,93,100944,26.21922077922078
0.05,3850,70,101014,26.230589457283823
0.05,3851,10,101024,26.2263759086189
0.05,3852,-51,100973,26.206332727744616
0.05,3853,-62,100911,26.18344577062792
0.05,3854,-17,100894,26.17224383916991
0.05,3855,43,100937,26.17660788381743
0.05,3856,85,101022,26.191858957739175
0.05,3857,57,101079,26.199844479004664
0.05,3858,62,101141,26.209121534076186
0.05,3859,-42,101099,26.19145077720207
0.05,3860,61,101160,26.2004662004662
0.05,3861,76,101236,26.213360952874158
0.05,3862,-80,101156,26.185865907325912
0.05,3863,68,101224,26.196687370600415
0.05,3864,78,101302,26.210090556274256
0.05,3865,92,101394,26.227108122090016
0.05,3866,80,101474,26.241013705715023
0.05,3867,2,101476,26.23474663908997
0.05,3868,-53,101423,26.21426725252003
0.05,3869,93,101516,26.231524547803616
0.05,3870,69,101585,26.242572978558513
0.05,3871,72,101657,26.254390495867767
0.05,3872,50,101707,26.260521559514586
0.05,3873,62,101769,26.269747031492
0.05,3874,72,101841,26.281548387096773
0.05,3875,-9,101832,26.272445820433436
0.05,3876,-63,101769,26.249419654371938
0.05,3877,93,101862,26.266632284682828
0.05,3878,-93,101769,26.235885537509667
0.05,3879,51,101820,26.242268041237114
0.05,3880,-170,101650,26.191703169286267
0.05,3881,45,101695,26.19654817104585
0.05,3882,-50,101645,26.17692505794489
0.05,3883,73,101718,26.18898043254377
0.05,3884,-157,101561,26.141827541827542
0.05,3885,22,101583,26.14076170869789
0.05,3886,60,101643,26.149472600977617
0.05,3887,-96,101547,26.118055555555557
0.05,3888,81,101628,26.13216765235279
0.05,3889,-62,101566,26.109511568123395
0.05,3890,90,101656,26.125931637111282
0.05,3891,32,101688,26.127440904419323
0.05,3892,-22,101666,26.11507834574878
0.05,3893,-55,101611,26.094247560349256
0.05,3894,93,101704,26.11142490372272
0.05,3895,-24,101680,26.098562628336754
0.05,3896,-9,101671,26.08955606877085
0.05,3897,94,101765,26.106977937403798
0.05,3898,17,101782,26.104642215952808
0.05,3899,88,101870,26.120512820512822
0.05,3900,6,101876,26.115355037169955
0.05,3901,-80,101796,26.088159917990772
0.05,3902,-44,101752,26.07020240840379
0.05,3903,94,101846,26.087602459016395
0.05,3904,23,101869,26.086811779769526
0.05,3905,88,101957,26.102662570404505
0.05,3906,77,102034,26.11568978756079
0.05,3907,88,102122,26.13152507676561
0.05,3908,83,102205,26.146073164492197
0.05,3909,-128,102077,26.106649616368287
0.05,3910,49,102126,26.112503196113526
0.05,3911,91,102217,26.129089979550102
0.05,3912,52,102269,26.135701507794533
0.05,3913,65,102334,26.145631067961165
0.05,3914,24,102358,26.14508301404853
0.05,3915,87,102445,26.160623084780386
0.05,3916,-161,102284,26.11284146030125
0.05,3917,60,102344,26.12149055640633
0.05,3918,93,102437,26.13855575401888
0.05,3919,61,102498,26.147448979591836
0.05,3920,13,102511,26.144095893904616
0.05,3921,48,102559,26.14966853646099
0.05,3922,93,102652,26.166709151159825
0.05,3923,70,102722,26.177879714576964
0.05,3924,89,102811,26.19388535031847
0.05,3925,40,102851,26.197401935812533
0.05,3926,66,102917,26.207537560478738
0.05,3927,-9,102908,26.19857433808554
0.05,3928,75,102983,26.210995164163908
0.05,3929,79,103062,26.22442748091603
0.05,3930,41,103103,26.228186212159756
0.05,3931,-131,102972,26.188199389623602
0.05,3932,64,103036,26.197813374014746
0.05,3933,68,103104,26.208439247585154
0.05,3934,83,103187,26.22287166454892
0.05,3935,82,103269,26.23704268292683
0.05,3936,73,103342,26.248920497840995
0.05,3937,75,103417,26.261300152361606
0.05,3938,75,103492,26.273673521198273
0.05,3939,14,103506,26.27055837563452
0.05,3940,73,103579,26.28241563055062
0.05,3941,-51,103528,26.26281075596144
0.05,3942,90,103618,26.27897539944205
0.05,3943,90,103708,26.295131845841784
0.05,3944,75,103783,26.307477820025348
0.05,3945,57,103840,26.31525595539787
0.05,3946,-127,103713,26.276412465163414
0.05,3947,-23,103690,26.263931104356637
0.05,3948,-66,103624,26.240567232210687
0.05,3949,75,103699,26.252911392405064
0.05,3950,84,103783,26.267527208301697
0.05,3951,90,103873,26.283653846153847
0.05,3952,82,103955,26.29774854540855
0.05,3953,-54,103901,26.277440566514922
0.05,3954,-55,103846,26.256890012642224
0.05,3955,54,103900,26.2639029322548
0.05,3956,62,103962,26.272934040940108
0.05,3957,24,103986,26.27235977766549
0.05,3958,31,104017,26.273553927759536
0.05,3959,42,104059,26.27752525252525
0.05,3960,82,104141,26.29159303206261
0.05,3961,51,104192,26.297829379101465
0.05,3962,43,104235,26.30204390613172
0.05,3963,-57,104178,26.281029263370332
0.05,3964,18,104196,26.278940731399747
0.05,3965,84,104280,26.293494704992437
0.05,3966,56,104336,26.30098311066297
0.05,3967,92,104428,26.317540322580644
0.05,3968,-47,104381,26.29906777525825
0.05,3969,33,104414,26.300755667506298
0.05,3970,12,104426,26.29715436917653
0.05,3971,82,104508,26.31117824773414
0.05,3972,88,104596,26.326705260508433
0.05,3973,5,104601,26.32133870156014
0.05,3974,-6,104595,26.31320754716981
0.05,3975,70,104665,26.324195171026158
0.05,3976,73,104738,26.335931606738747
0.05,3977,-61,104677,26.313976872800403
0.05,3978,61,104738,26.32269414425735
0.05,3979,93,104831,26.339447236180906
0.05,3980,-51,104780,26.320020095453405
0.05,3981,60,104840,26.32847815168257
0.05,3982,-86,104754,26.30027617373839
0.05,3983,-125,104629,26.262299196787147
0.05,3984,48,104677,26.267754077791718
0.05,3985,80,104757,26.281234320120422
0.05,3986,94,104851,26.298219212440433
0.05,3987,87,104938,26.31344032096289
0.05,3988,-71,104867,26.289044873401856
0.05,3989,94,104961,26.306015037593983
0.05,3990,85,105046,26.32072162365322
0.05,3991,-11,105035,26.31137274549098
0.05,3992,70,105105,26.322314049586776
0.05,3993,93,105198,26.339008512769155
0.05,3994,56,105254,26.346433041301626
0.05,3995,18,105272,26.344344344344343
0.05,3996,-1,105271,26.33750312734551
0.05,3997,22,105293,26.33641820910455
0.05,3998,58,105351,26.344336084021005
0.05,3999,43,105394,26.3485
0.05,4000,60,105454,26.35691077230692
0.05,4001,25,105479,26.356571714142927
0.05,4002,73,105552,26.368223832125906
0.05,4003,93,105645,26.384865134865134
0.05,4004,66,105711,26.394756554307115
0.05,4005,51,105762,26.40089865202197
0.05,4006,-159,105603,26.354629398552532
0.05,4007,62,105665,26.363522954091817
0.05,4008,89,105754,26.379146919431278
0.05,4009,25,105779,26.378802992518704
0.05,4010,-22,105757,26.366741460982297
0.05,4011,94,105851,26.383599202392823
0.05,4012,-224,105627,26.32120608023922
0.05,4013,57,105684,26.328849028400597
0.05,4014,82,105766,26.342714819427147
0.05,4015,70,105836,26.35358565737052
0.05,4016,81,105917,26.36718944485935
0.05,4017,85,106002,26.381781981085116
0.05,4018,32,106034,26.383179895496394
0.05,4019,90,106124,26.399004975124377
0.05,4020,0,106124,26.392439691619
0.05,4021,81,106205,26.406016907011438
0.05,4022,-147,106058,26.36291324881929
0.05,4023,92,106150,26.379224652087476
0.05,4024,70,106220,26.390062111801242
0.05,4025,-7,106213,26.381768504719325
0.05,4026,-54,106159,26.361807797367767
0.05,4027,55,106214,26.36891757696127
0.05,4028,72,106286,26.38024323653512
0.05,4029,-27,106259,26.36699751861042
0.05,4030,-272,105987,26.29297940957579
0.05,4031,7,105994,26.288194444444443
0.05,4032,86,106080,26.303000247954376
0.05,4033,69,106149,26.313584531482398
0.05,4034,25,106174,26.313258983890954
0.05,4035,94,106268,26.330029732408324
0.05,4036,-352,105916,26.23631409462472
0.05,4037,62,105978,26.24517087667162
0.05,4038,81,106059,26.258727407774202
0.05,4039,63,106122,26.267821782178217
0.05,4040,-263,105859,26.196238554813164
0.05,4041,92,105951,26.212518555170707
0.05,4042,90,106041,26.228295819935692
0.05,4043,-206,105835,26.170870425321464
0.05,4044,24,105859,26.170333745364648
0.05,4045,92,105951,26.18660405338606
0.05,4046,81,106032,26.200148257968866
0.05,4047,-95,105937,26.170207509881422
0.05,4048,77,106014,26.182761175598912
0.05,4049,-52,105962,26.16345679012346
0.05,4050,44,106006,26.16785978770674
0.05,4051,61,106067,26.17645607107601
0.05,4052,79,106146,26.189489267209474
0.05,4053,80,106226,26.202762703502714
0.05,4054,-26,106200,26.189889025893958
0.05,4055,6,106206,26.18491124260355
0.05,4056,90,106296,26.200640867636185
0.05,4057,-23,106273,26.188516510596354
0.05,4058,-16,106257,26.178122690317814
0.05,4059,-54,106203,26.158374384236453
0.05,4060,1,106204,26.152179266190593
0.05,4061,-19,106185,26.1410635155096
0.05,4062,55,106240,26.14816637952252
0.05,4063,25,106265,26.147883858267715
0.05,4064,74,106339,26.159655596555965
0.05,4065,-175,106164,26.110181997048695
0.05,4066,87,106251,26.125153675928203
0.05,4067,33,106284,26.12684365781711
0.05,4068,14,106298,26.123863357090194
0.05,4069,42,106340,26.127764127764127
0.05,4070,14,106354,26.12478506509457
0.05,4071,-24,106330,26.112475442043223
0.05,4072,32,106362,26.11392094279401
0.05,4073,11,106373,26.11021109474718
0.05,4074,28,106401,26.110674846625766
0.05,4075,89,106490,26.126104023552504
0.05,4076,87,106577,26.14103507480991
0.05,4077,-10,106567,26.132172633643943
0.05,4078,-51,106516,26.113263054670263
0.05,4079,-20,106496,26.101960784313725
0.05,4080,93,106589,26.11835334476844
0.05,4081,25,106614,26.118079372856442
0.05,4082,73,106687,26.12956159686505
0.05,4083,78,106765,26.1422624877571
0.05,4084,-59,106706,26.121419828641372
0.05,4085,-116,106590,26.08663729809104
0.05,4086,-6,106584,26.078786395889406
0.05,4087,81,106665,26.092221135029355
0.05,4088,-34,106631,26.077525067253607
0.05,4089,74,106705,26.089242053789732
0.05,4090,81,106786,26.102664385235883
0.05,4091,94,106880,26.119257086999024
0.05,4092,-2,106878,26.112387002198876
0.05,4093,-54,106824,26.092818759159744
0.05,4094,88,106912,26.107936507936508
0.05,4095,94,107006,26.12451171875
0.05,4096,-8,106998,26.116182572614107
0.05,4097,58,107056,26.12396290873597
0.05,4098,92,107148,26.14003415467187
0.05,4099,-61,107087,26.118780487804877
0.05,4100,48,107135,26.124116069251404
0.05,4101,34,107169,26.126036079960993
0.05,4102,62,107231,26.134779429685597
0.05,4103,36,107267,26.137183235867447
0.05,4104,9,107276,26.133008526187577
0.05,4105,-66,107210,26.11056989771067
0.05,4106,-6,107204,26.102751400048696
0.05,4107,63,107267,26.111733203505356
0.05,4108,-1,107266,26.105135069359942
0.05,4109,79,107345,26.118004866180048
0.05,4110,-29,107316,26.104597421551933
0.05,4111,20,107336,26.103112840466927
0.05,4112,4,107340,26.09773887673231
0.05,4113,74,107414,26.109382596013614
0.05,4114,90,107504,26.12490886998785
0.05,4115,32,107536,26.12633624878523
0.05,4116,92,107628,26.1423366529026
0.05,4117,-54,107574,26.122875182127245
0.05,4118,24,107598,26.122359796067006
0.05,4119,74,107672,26.133980582524273
0.05,4120,68,107740,26.144139771900026
0.05,4121,66,107806,26.153808830664726
0.05,4122,24,107830,26.15328644191123
0.05,4123,94,107924,26.16973811833172
0.05,4124,42,107966,26.173575757575758
0.05,4125,33,107999,26.1752302472128
0.05,4126,75,108074,26.18706081899685
0.05,4127,-18,108056,26.176356589147286
0.05,4128,92,108148,26.192298377331074
0.05,4129,38,108186,26.195157384987894
0.05,4130,-77,108109,26.17017671266037
0.05,4131,52,108161,26.176427879961278
0.05,4132,94,108255,26.19283813210743
0.05,4133,92,108347,26.20875665215288
0.05,4134,-110,108237,26.175816203143892
0.05,4135,51,108288,26.181818181818183
0.05,4136,70,108358,26.192409958907422
0.05,4137,73,108431,26.203721604639924
0.05,4138,-36,108395,26.18869292099541
0.05,4139,-17,108378,26.178260869565218
0.05,4140,69,108447,26.18860178700797
0.05,4141,-13,108434,26.179140511830035
0.05,4142,-87,108347,26.151822350953417
0.05,4143,82,108429,26.165299227799228
0.05,4144,-10,108419,26.156574185765983
0.05,4145,92,108511,26.172455378678244
0.05,4146,4,108515,26.16710875331565
0.05,4147,93,108608,26.18322082931533
0.05,4148,-74,108534,26.159074475777295
0.05,4149,60,108594,26.16722891566265
0.05,4150,-169,108425,26.12021199710913
0.05,4151,19,108444,26.11849710982659
0.05,4152,44,108488,26.12280279316157
0.05,4153,-50,108438,26.104477611940297
0.05,4154,21,108459,26.103249097472926
0.05,4155,95,108554,26.119826756496632
0.05,4156,48,108602,26.125090209285542
0.05,4157,-20,108582,26.113997113997115
0.05,4158,72,108654,26.125030055301757
0.05,4159,93,108747,26.14110576923077
0.05,4160,2,108749,26.135304013458303
0.05,4161,50,108799,26.14103796251802
0.05,4162,78,108877,26.153495075666587
0.05,4163,-298,108579,26.07564841498559
0.05,4164,54,108633,26.08235294117647
0.05,4165,84,108717,26.096255400864138
0.05,4166,55,108772,26.10319174466043
0.05,4167,67,108839,26.113003838771593
0.05,4168,4,108843,26.107699688174623
0.05,4169,85,108928,26.121822541966427
0.05,4170,-40,108888,26.105969791416925
0.05,4171,56,108944,26.11313518696069
0.05,4172,88,109032,26.127965492451473
0.05,4173,87,109119,26.142549113560133
0.05,4174,84,109203,26.156407185628744
0.05,4175,91,109294,26.171934865900383
0.05,4176,93,109387,26.187933923868805
0.05,4177,-35,109352,26.173288654858784
0.05,4178,52,109404,26.179468772433598
0.05,4179,89,109493,26.194497607655503
0.05,4180,-208,109285,26.13848361635972
0.05,4181,-5,109280,26.131037780966047
0.05,4182,63,109343,26.139851781018407
0.05,4183,-149,109194,26.097992351816444
0.05,4184,87,109281,26.112544802867383
0.05,4185,78,109359,26.12494027711419
0.05,4186,94,109453,26.141151182230715
0.05,4187,88,109541,26.155921680993313
0.05,4188,-78,109463,26.13105753163046
0.05,4189,67,109530,26.140811455847256
0.05,4190,64,109594,26.149844905750417
0.05,4191,-9,109585,26.141459923664122
0.05,4192,54,109639,26.148103982828523
0.05,4193,29,109668,26.148783977110156
0.05,4194,93,109761,26.16471990464839
0.05,4195,25,109786,26.164442326024787
0.05,4196,-45,109741,26.147486299737906
0.05,4197,76,109817,26.159361600762267
0.05,4198,90,109907,26.174565372707786
0.05,4199,82,109989,26.187857142857144
0.05,4200,75,110064,26.199476315163057
0.05,4201,75,110139,26.211089957163257
0.05,4202,-38,110101,26.19581251487033
0.05,4203,-60,110041,26.175309229305423
0.05,4204,1,110042,26.169322235434006
0.05,4205,43,110085,26.173323823109843
0.05,4206,94,110179,26.18944616115997
0.05,4207,85,110264,26.20342205323194
0.05,4208,-27,110237,26.190781658351153
0.05,4209,63,110300,26.19952494061758
0.05,4210,-16,110284,26.189503680835905
0.05,4211,19,110303,26.187796771130106
0.05,4212,-13,110290,26.17849513410871
0.05,4213,75,110365,26.190080683436165
0.05,4214,88,110453,26.204744958481612
0.05,4215,84,110537,26.218453510436433
0.05,4216,35,110572,26.220535926013753
0.05,4217,90,110662,26.23565670934092
0.05,4218,9,110671,26.231571462431855
0.05,4219,74,110745,26.242890995260662
0.05,4220,93,110838,26.258706467661693
0.05,4221,77,110915,26.270724774988157
0.05,4222,93,111008,26.286526166232537
0.05,4223,88,111096,26.301136363636363
0.05,4224,-135,110961,26.26295857988166
0.05,4225,-203,110758,26.208707998106956
0.05,4226,-66,110692,26.18689377809321
0.05,4227,-101,110591,26.15681173131504
0.05,4228,74,110665,26.168124852210923
0.05,4229,-135,110530,26.13002364066194
0.05,4230,36,110566,26.132356416922715
0.05,4231,48,110614,26.137523629489603
0.05,4232,53,110667,26.143869596031184
0.05,4233,90,110757,26.158951346244685
0.05,4234,85,110842,26.1728453364817
0.05,4235,67,110909,26.182483474976394
0.05,4236,-63,110846,26.161434977578477
0.05,4237,66,110912,26.170835299669655
0.05,4238,4,110916,26.1656050955414
0.05,4239,68,110984,26.175471698113206
0.05,4240,-44,110940,26.158924781891063
0.05,4241,-44,110896,26.142385667138143
0.05,4242,92,110988,26.1579071411737
0.05,4243,50,111038,26.163524976437323
0.05,4244,65,111103,26.172673733804476
0.05,4245,92,111195,26.188177107866228
0.05,4246,92,111287,26.20367318106899
0.05,4247,-70,111217,26.181026365348398
0.05,4248,10,111227,26.177218168980936
0.05,4249,65,111292,26.18635294117647
0.05,4250,90,111382,26.201364384850624
0.05,4251,41,111423,26.204844778927562
0.05,4252,86,111509,26.21890430284505
0.05,4253,92,111601,26.234367653972733
0.05,4254,-179,111422,26.186133960047002
0.05,4255,-49,111373,26.168468045112782
0.05,4256,91,111464,26.18369743951139
0.05,4257,88,111552,26.198215124471584
0.05,4258,-140,111412,26.159192298661658
0.05,4259,59,111471,26.166901408450705
0.05,4260,64,111535,26.175780333255105
0.05,4261,-30,111505,26.162599718442046
0.05,4262,74,111579,26.173821252638987
0.05,4263,-134,111445,26.13625703564728
0.05,4264,90,111535,26.151230949589685
0.05,4265,31,111566,26.15236755743085
0.05,4266,-165,111401,26.10756972111554
0.05,4267,68,111469,26.11738519212746
0.05,4268,42,111511,26.121105645350198
0.05,4269,82,111593,26.134192037470726
0.05,4270,24,111617,26.133692343713417
0.05,4271,92,111709,26.149110486891384
0.05,4272,89,111798,26.16381933068102
0.05,4273,-54,111744,26.14506317267197
0.05,4274,79,111823,26.157426900584795
0.05,4275,23,111846,26.15668849391955
0.05,4276,90,111936,26.17161561842413
0.05,4277,91,112027,26.186769518466573
0.05,4278,0,112027,26.180649684505724
0.05,4279,57,112084,26.18785046728972
0.05,4280,-42,112042,26.171922448026162
0.05,4281,88,112130,26.186361513311535
0.05,4282,65,112195,26.195423768386643
0.05,4283,-138,112057,26.157096171802053
0.05,4284,-7,112050,26.149358226371064
0.05,4285,48,112098,26.15445636957536
0.05,4286,6,112104,26.149755073477955
0.05,4287,22,112126,26.148787313432837
0.05,4288,71,112197,26.15924457915598
0.05,4289,28,112225,26.15967365967366
0.05,4290,41,112266,26.163132137030995
0.05,4291,10,112276,26.15936626281454
0.05,4292,27,112303,26.15956207780107
0.05,4293,91,112394,26.174662319515605
0.05,4294,-60,112334,26.154598370197906
0.05,4295,92,112426,26.16992551210428
0.05,4296,-34,112392,26.155922736793112
0.05,4297,10,112402,26.152163797114937
0.05,4298,66,112468,26.161432891370087
0.05,4299,-41,112427,26.14581395348837
0.05,4300,65,112492,26.15484770983492
0.05,4301,23,112515,26.154114365411438
0.05,4302,66,112581,26.16337438996049
0.05,4303,46,112627,26.167983271375466
0.05,4304,-55,112572,26.149128919860626
0.05,4305,21,112593,26.147933116581513
0.05,4306,84,112677,26.16136521941026
0.05,4307,85,112762,26.175023212627668
0.05,4308,80,112842,26.187514504525414
0.05,4309,86,112928,26.20139211136891
0.05,4310,68,112996,26.211087914636977
0.05,4311,28,113024,26.211502782931355
0.05,4312,75,113099,26.22281474611639
0.05,4313,53,113152,26.229021789522484
0.05,4314,25,113177,26.228736964078795
0.05,4315,62,113239,26.2370250231696
0.05,4316,75,113314,26.2483205930044
0.05,4317,49,113363,26.253589624826308
0.05,4318,93,113456,26.26904376012966
0.05,4319,-11,113445,26.260416666666668
0.05,4320,37,113482,26.262902105993984
0.05,4321,74,113556,26.273947246645072
0.05,4322,83,113639,26.28706916493176
0.05,4323,66,113705,26.296253469010175
0.05,4324,-119,113586,26.26265895953757
0.05,4325,87,113673,26.276699029126213
0.05,4326,83,113756,26.28980818118789
0.05,4327,76,113832,26.30129390018484
0.05,4328,11,113843,26.2977592977593
0.05,4329,64,113907,26.30646651270208
0.05,4330,85,113992,26.320018471484644
0.05,4331,-90,113902,26.293167128347182
0.05,4332,86,113988,26.306946688206786
0.05,4333,14,114002,26.30410706045224
0.05,4334,54,114056,26.310495963091117
0.05,4335,-40,114016,26.29520295202952
0.05,4336,81,114097,26.307816462992854
0.05,4337,58,114155,26.315122176118027
0.05,4338,29,114184,26.3157409541369
0.05,4339,94,114278,26.331336405529953
0.05,4340,89,114367,26.34577286339553
0.05,4341,55,114422,26.352372178719484
0.05,4342,61,114483,26.360349988487222
0.05,4343,-244,114239,26.298112338858196
0.05,4344,63,114302,26.30655926352129
0.05,4345,57,114359,26.31362172112287
0.05,4346,89,114448,26.32804232804233
0.05,4347,86,114534,26.341766329346825
0.05,4348,21,114555,26.340538054725226
0.05,4349,8,114563,26.33632183908046
0.05,4350,50,114613,26.341760514824177
0.05,4351,84,114697,26.35500919117647
0.05,4352,93,114790,26.370319320009187
0.05,4353,58,114848,26.377583830960038
0.05,4354,63,114911,26.385993111366247
0.05,4355,25,114936,26.385674931129476
0.05,4356,45,114981,26.38994721138398
0.05,4357,66,115047,26.39903625516292
0.05,4358,92,115139,26.414085799495297
0.05,4359,-189,114950,26.36467889908257
0.05,4360,-79,114871,26.340518229763816
0.05,4361,14,114885,26.337689133425034
0.05,4362,92,114977,26.352738941095577
0.05,4363,92,115069,26.367781851512373
0.05,4364,30,115099,26.36861397479954
0.05,4365,91,115190,26.383417315620704
0.05,4366,48,115238,26.38836730020609
0.05,4367,92,115330,26.403388278388277
0.05,4368,-81,115249,26.378805218585487
0.05,4369,-93,115156,26.351487414187645
0.05,4370,21,115177,26.350263097689314
0.05,4371,80,115257,26.362534309240623
0.05,4372,79,115336,26.374571232563458
0.05,4373,-27,115309,26.36236854138089
0.05,4374,64,115373,26.37097142857143
0.05,4375,83,115456,26.383912248628885
0.05,4376,-15,115441,26.374457390907015
0.05,4377,10,115451,26.370717222476017
0.05,4378,92,115543,26.385704498744005
0.05,4379,76,115619,26.39703196347032
0.05,4380,72,115691,26.40744122346496
0.05,4381,-28,115663,26.395025102692834
0.05,4382,21,115684,26.3937942048825
0.05,4383,-4,115680,26.386861313868614
0.05,4384,75,115755,26.39794754846066
0.05,4385,21,115776,26.39671682626539
0.05,4386,-106,115670,26.366537497150674
0.05,4387,4,115674,26.36144029170465
0.05,4388,81,115755,26.37388926862611
0.05,4389,19,115774,26.372209567198176
0.05,4390,55,115829,26.37872921885675
0.05,4391,42,115871,26.38228597449909
0.05,4392,73,115944,26.392897791941724
0.05,4393,71,116015,26.403049613108784
0.05,4394,1,116016,26.39726962457338
0.05,4395,40,116056,26.40036396724295
0.05,4396,-125,115931,26.365931316806915
0.05,4397,59,115990,26.373351523419736
0.05,4398,69,116059,26.38304160036372
0.05,4399,-194,115865,26.332954545454545
0.05,4400,75,115940,26.34401272438082
0.05,4401,88,116028,26.358019082235348
0.05,4402,94,116122,26.373381785146492
0.05,4403,94,116216,26.388737511353316
0.05,4404,11,116227,26.385244040862656
0.05,4405,90,116317,26.399682251475262
0.05,4406,81,116398,26.412071704107102
0.05,4407,85,116483,26.425362976406532
0.05,4408,90,116573,26.439782263551827
0.05,4409,90,116663,26.45419501133787
0.05,4410,65,116728,26.462933575153027
0.05,4411,61,116789,26.4707615593835
0.05,4412,46,116835,26.475186947654656
0.05,4413,30,116865,26.475985500679656
0.05,4414,50,116915,26.481313703284258
0.05,4415,-63,116852,26.46105072463768
0.05,4416,92,116944,26.475888612180213
0.05,4417,36,116980,26.478044363965594
0.05,4418,-10,116970,26.46978954514596
0.05,4419,-20,116950,26.459276018099548
0.05,4420,54,117004,26.46550554173264
0.05,4421,27,117031,26.465626413387607
0.05,4422,61,117092,26.47343432059688
0.05,4423,-38,117054,26.45886075949367
0.05,4424,89,117143,26.472994350282487
0.05,4425,84,117227,26.485991866244916
0.05,4426,18,117245,26.484074994352834
0.05,4427,11,117256,26.480578139114723
0.05,4428,49,117305,26.485662677805372
0.05,4429,89,117394,26.499774266365687
0.05,4430,39,117433,26.502595350936584
0.05,4431,87,117520,26.51624548736462
0.05,4432,87,117607,26.529889465373337
0.05,4433,67,117674,26.539016689219665
0.05,4434,92,117766,26.553776775648252
0.05,4435,68,117834,26.56311992786294
0.05,4436,67,117901,26.572233491097588
0.05,4437,69,117970,26.581793600721046
0.05,4438,57,118027,26.588646091462042
0.05,4439,14,118041,26.58581081081081
0.05,4440,-50,117991,26.568565638369737
0.05,4441,49,118040,26.573615488518687
0.05,4442,-44,117996,26.557731262660365
0.05,4443,-55,117941,26.53937893789379
0.05,4444,32,117973,26.54060742407199
0.05,4445,-22,117951,26.52968960863698
0.05,4446,81,118032,26.541938385428377
0.05,4447,-41,117991,26.5267535971223
0.05,4448,-56,117935,26.508204090806924
0.05,4449,67,118002,26.517303370786518
0.05,4450,-219,117783,26.4621433385756
0.05,4451,67,117850,26.471248876909254
0.05,4452,72,117922,26.481473164158995
0.05,4453,-15,117907,26.472159856308934
0.05,4454,-67,117840,26.45117845117845
0.05,4455,12,117852,26.447935368043087
0.05,4456,89,117941,26.461969934933812
0.05,4457,89,118030,26.475998205473307
0.05,4458,2,118032,26.47050908275398
0.05,4459,58,118090,26.477578475336323
0.05,4460,91,118181,26.49204214301726
0.05,4461,92,118273,26.50672344240251
0.05,4462,3,118276,26.5014564194488
0.05,4463,16,118292,26.49910394265233
0.05,4464,-16,118276,26.489585666293394
0.05,4465,-388,117888,26.39677563815495
0.05,4466,79,117967,26.40855160062682
0.05,4467,-13,117954,26.399731423455684
0.05,4468,26,117980,26.399641978071156
0.05,4469,77,118057,26.41096196868009
0.05,4470,68,118125,26.420263923059718
0.05,4471,77,118202,26.431574239713775
0.05,4472,61,118263,26.439302481556002
0.05,4473,75,118338,26.450156459544033
0.05,4474,72,118410,26.460335195530725
0.05,4475,-148,118262,26.42135835567471
0.05,4476,94,118356,26.43645298190753
0.05,4477,7,118363,26.432112550245645
0.05,4478,-55,118308,26.413931681178834
0.05,4479,-28,118280,26.401785714285715
0.05,4480,84,118364,26.414639589377373
0.05,4481,89,118453,26.42860330209728
0.05,4482,-394,118059,26.33482043274593
0.05,4483,35,118094,26.336752899197144
0.05,4484,74,118168,26.347380156075808
0.05,4485,70,118238,26.35711101203745
0.05,4486,-80,118158,26.333407622019166
0.05,4487,81,118239,26.345588235294116
0.05,4488,93,118332,26.360436622855868
0.05,4489,29,118361,26.361024498886415
0.05,4490,89,118450,26.374972166555334
0.05,4491,-66,118384,26.35440783615316
0.05,4492,-5,118379,26.347429334520363
0.05,4493,93,118472,26.362260792167334
0.05,4494,-5,118467,26.355283648498332
0.05,4495,-17,118450,26.34564056939502
0.05,4496,84,118534,26.358461196353126
0.05,4497,-215,118319,26.304802134281903
0.05,4498,57,118376,26.311624805512338
0.05,4499,-33,118343,26.298444444444446
0.05,4500,45,118388,26.30259942235059
0.05,4501,79,118467,26.314304753442915
0.05,4502,94,118561,26.329335998223407
0.05,4503,-37,118524,26.315275310834814
0.05,4504,14,118538,26.312541620421754
0.05,4505,86,118624,26.325787838437638
0.05,4506,-8,118616,26.318171732859994
0.05,4507,94,118710,26.33318544809228
0.05,4508,83,118793,26.34575293856731
0.05,4509,19,118812,26.344124168514412
0.05,4510,69,118881,26.35358013744181
0.05,4511,32,118913,26.35483156028369
0.05,4512,89,119002,26.368712608021273
0.05,4513,36,119038,26.370846256092157
0.05,4514,92,119130,26.385382059800666
0.05,4515,45,119175,26.389503985828167
0.05,4516,-10,119165,26.3814478636263
0.05,4517,38,119203,26.384019477644976
0.05,4518,75,119278,26.39477760566497
0.05,4519,82,119360,26.4070796460177
0.05,4520,91,119451,26.42136695421367
0.05,4521,87,119538,26.434763379035825
0.05,4522,78,119616,26.44616405040902
0.05,4523,71,119687,26.45601237842617
0.05,4524,59,119746,26.463204419889504
0.05,4525,-226,119520,26.407423773751656
0.05,4526,-83,119437,26.38325601943892
0.05,4527,94,119531,26.398189045936395
0.05,4528,56,119587,26.404725104879663
0.05,4529,74,119661,26.41523178807947
0.05,4530,70,119731,26.424851026263518
0.05,4531,42,119773,26.42828773168579
0.05,4532,25,119798,26.42797264504743
0.05,4533,-96,119702,26.400970445522717
0.05,4534,16,119718,26.398676957001104
0.05,4535,80,119798,26.410493827160494
0.05,4536,-22,119776,26.399823672029974
0.05,4537,-56,119720,26.38166593212869
0.05,4538,91,119811,26.395902181097156
0.05,4539,52,119863,26.401541850220266
0.05,4540,58,119921,26.40850033032372
0.05,4541,-179,119742,26.36327608982827
0.05,4542,48,119790,26.368038740920095
0.05,4543,88,119878,26.381602112676056
0.05,4544,75,119953,26.392299229922994
0.05,4545,-30,119923,26.37989441267048
0.05,4546,-37,119886,26.365955575104465
0.05,4547,17,119903,26.363896218117855
0.05,4548,85,119988,26.37678610683667
0.05,4549,-7,119981,26.369450549450548
0.05,4550,93,120074,26.384091408481652
0.05,4551,76,120150,26.39499121265378
0.05,4552,-9,120141,26.38721721941577
0.05,4553,25,120166,26.38691260430391
0.05,4554,86,120252,26.4
0.05,4555,88,120340,26.41352063213345
0.05,4556,-77,120263,26.3908272986614
0.05,4557,88,120351,26.404344010530934
0.05,4558,69,120420,26.41368721210792
0.05,4559,56,120476,26.42017543859649
0.05,4560,93,120569,26.434773076079807
0.05,4561,11,120580,26.431389741341516
0.05,4562,68,120648,26.440499671268903
0.05,4563,93,120741,26.455083260297986
0.05,4564,-37,120704,26.44118291347207
0.05,4565,64,120768,26.44940867279895
0.05,4566,55,120823,26.455660170790452
0.05,4567,-38,120785,26.441549912434326
0.05,4568,92,120877,26.455898446049464
0.05,4569,93,120970,26.47045951859956
0.05,4570,75,121045,26.481076350907898
0.05,4571,12,121057,26.47790901137358
0.05,4572,82,121139,26.49005029521102
0.05,4573,6,121145,26.485570616528204
0.05,4574,36,121181,26.487650273224045
0.05,4575,93,121274,26.502185314685313
0.05,4576,-2,121272,26.495958051125193
0.05,4577,75,121347,26.506553079947576
0.05,4578,84,121431,26.5191089757589
0.05,4579,-257,121174,26.457205240174673
0.05,4580,36,121210,26.45928836498581
0.05,4581,42,121252,26.462680052378875
0.05,4582,-179,121073,26.41784857080515
0.05,4583,3,121076,26.412739965095987
0.05,4584,64,121140,26.420937840785168
0.05,4585,1,121141,26.415394679459222
0.05,4586,83,121224,26.427730542838457
0.05,4587,73,121297,26.437881429816915
0.05,4588,13,121310,26.43495314883417
0.05,4589,51,121361,26.440305010893248
0.05,4590,61,121422,26.44783271618384
0.05,4591,34,121456,26.449477351916375
0.05,4592,-71,121385,26.428260396255173
0.05,4593,87,121472,26.44144536351763
0.05,4594,81,121553,26.453318824809575
0.05,4595,58,121611,26.460182767624023
0.05,4596,94,121705,26.47487491842506
0.05,4597,17,121722,26.47281426707264
0.05,4598,55,121777,26.479017177647314
0.05,4599,49,121826,26.48391304347826
0.05,4600,93,121919,26.4983699195827
0.05,4601,91,122010,26.51238591916558
0.05,4602,-76,121934,26.4901151422985
0.05,4603,93,122027,26.504561251086013
0.05,4604,-20,122007,26.49446254071661
0.05,4605,59,122066,26.501519756838906
0.05,4606,-22,122044,26.490991968743216
0.05,4607,-7,122037,26.483723958333332
0.05,4608,61,122098,26.491212844434802
0.05,4609,86,122184,26.50412147505423
0.05,4610,93,122277,26.518542615484712
0.05,4611,-5,122272,26.511708586296617
0.05,4612,85,122357,26.524387600260134
0.05,4613,57,122414,26.530992631122672
0.05,4614,47,122461,26.53542795232936
0.05,4615,84,122545,26.547876949740036
0.05,4616,90,122635,26.561620099631796
0.05,4617,-313,122322,26.488090082286703
0.05,4618,50,122372,26.493180342065383
0.05,4619,94,122466,26.507792207792207
0.05,4620,75,122541,26.51828608526293
0.05,4621,-73,122468,26.496754651665945
0.05,4622,-32,122436,26.484101232965607
0.05,4623,85,122521,26.49675605536332
0.05,4624,74,122595,26.50702702702703
0.05,4625,67,122662,26.515780371811502
0.05,4626,-42,122620,26.50097255240977
0.05,4627,32,122652,26.502160760587728
0.05,4628,79,122731,26.51350183624973
0.05,4629,18,122749,26.511663066954643
0.05,4630,-56,122693,26.493845821636796
0.05,4631,-62,122631,26.474740932642487
0.05,4632,81,122712,26.486509820850422
0.05,4633,92,122804,26.500647388864913
0.05,4634,92,122896,26.51477885652643
0.05,4635,-92,122804,26.48921484037964
0.05,4636,89,122893,26.502695708432174
0.05,4637,48,122941,26.507330746011213
0.05,4638,-105,122836,26.478982539340375
0.05,4639,24,122860,26.478448275862068
0.05,4640,11,122871,26.475113122171944
0.05,4641,74,122945,26.485351141749245
0.05,4642,85,123030,26.49795390911049
0.05,4643,22,123052,26.496985357450473
0.05,4644,-8,123044,26.48955866523143
0.05,4645,59,123103,26.496556177356865
0.05,4646,1,123104,26.49106950720895
0.05,4647,94,123198,26.505593803786574
0.05,4648,-369,122829,26.420520542052053
0.05,4649,47,122876,26.42494623655914
0.05,4650,-53,122823,26.40786927542464
0.05,4651,87,122910,26.420894239036972
0.05,4652,79,122989,26.432194283258113
0.05,4653,-44,122945,26.417060593038247
0.05,4654,-121,122824,26.385392051557464
0.05,4655,84,122908,26.397766323024054
0.05,4656,77,122985,26.408632166630877
0.05,4657,40,123025,26.411550021468443
0.05,4658,88,123113,26.424769263790512
0.05,4659,72,123185,26.434549356223176
0.05,4660,86,123271,26.447328899377816
0.05,4661,-177,123094,26.403689403689405
0.05,4662,7,123101,26.399528200729144
0.05,4663,74,123175,26.40973413379074
0.05,4664,57,123232,26.416291532690245
0.05,4665,-50,123182,26.399914273467637
0.05,4666,-104,123078,26.371973430469254
0.05,4667,49,123127,26.37682090831191
0.05,4668,16,123143,26.374598415078175
0.05,4669,84,123227,26.38693790149893
0.05,4670,85,123312,26.399486191393706
0.05,4671,51,123363,26.404751712328768
0.05,4672,53,123416,26.410442970254653
0.05,4673,32,123448,26.411638853230638
0.05,4674,46,123494,26.415828877005346
0.05,4675,83,123577,26.42792985457656
0.05,4676,75,123652,26.438315159290145
0.05,4677,83,123735,26.450406156477126
0.05,4678,18,123753,26.448600128232528
0.05,4679,14,123767,26.445940170940172
0.05,4680,-164,123603,26.405255287331766
0.05,4681,-208,123395,26.355190089705253
0.05,4682,28,123423,26.35554131966688
0.05,4683,-200,123223,26.30721605465414
0.05,4684,70,123293,26.316542155816435
0.05,4685,28,123321,26.316901408450704
0.05,4686,48,123369,26.321527629613826
0.05,4687,44,123413,26.325298634812288
0.05,4688,39,123452,26.32800170612071
0.05,4689,91,123543,26.34179104477612
0.05,4690,78,123621,26.352803240247283
0.05,4691,90,123711,26.366368286445013
0.05,4692,24,123735,26.365864052844664
0.05,4693,23,123758,26.36514699616532
0.05,4694,56,123814,26.371458998935037
0.05,4695,-25,123789,26.360519591141397
0.05,4696,94,123883,26.37492016180541
0.05,4697,43,123926,26.378458918688803
0.05,4698,90,124016,26.39199829751011
0.05,4699,89,124105,26.40531914893617
0.05,4700,73,124178,26.41523080195703
0.05,4701,-15,124163,26.406422798809018
0.05,4702,65,124228,26.414628960238147
0.05,4703,94,124322,26.428996598639454
0.05,4704,40,124362,26.431880977683317
0.05,4705,31,124393,26.432851678708033
0.05,4706,85,124478,26.44529424261738
0.05,4707,40,124518,26.448173322005097
0.05,4708,28,124546,26.44850286685071
0.05,4709,-11,124535,26.440552016985137
0.05,4710,-32,124503,26.428146890256844
0.05,4711,42,124545,26.431451612903224
0.05,4712,71,124616,26.44090812645873
0.05,4713,21,124637,26.43975392448027
0.05,4714,-91,124546,26.414846235418874
0.05,4715,94,124640,26.429177268871925
0.05,4716,84,124724,26.441382234471064
0.05,4717,87,124811,26.45421788893599
0.05,4718,89,124900,26.467471922017378
0.05,4719,90,124990,26.48093220338983
0.05,4720,65,125055,26.489091294217328
0.05,4721,92,125147,26.502964845404488
0.05,4722,94,125241,26.517255981367775
0.05,4723,73,125314,26.52709568162574
0.05,4724,34,125348,26.528677248677248
0.05,4725,83,125431,26.540626322471436
0.05,4726,83,125514,26.552570340596574
0.05,4727,-22,125492,26.542301184433164
0.05,4728,93,125585,26.556354408965955
0.05,4729,94,125679,26.57061310782241
0.05,4730,73,125752,26.580426971042062
0.05,4731,85,125837,26.59277261200338
0.05,4732,64,125901,26.60067610395098
0.05,4733,54,125955,26.606463878326995
0.05,4734,75,126030,26.616684266103483
0.05,4735,75,126105,26.62690033783784
0.05,4736,-13,126092,26.6185349377243
0.05,4737,-59,126033,26.600464330941325
0.05,4738,90,126123,26.61384258282338
0.05,4739,82,126205,26.62552742616034
0.05,4740,50,126255,26.63045770934402
0.05,4741,87,126342,26.643188528047236
0.05,4742,93,126435,26.65717900063251
0.05,4743,-4,126431,26.650716694772346
0.05,4744,18,126449,26.648893572181244
0.05,4745,-10,126439,26.641171512852928
0.05,4746,13,126452,26.638297872340427
0.05,4747,-147,126305,26.60172704296546
0.05,4748,86,126391,26.61423457570015
0.05,4749,-132,126259,26.58084210526316
0.05,4750,29,126288,26.581351294464323
0.05,4751,69,126357,26.59027777777778
0.05,4752,-281,126076,26.525562802440565
0.05,4753,75,126151,26.535759360538496
0.05,4754,11,126162,26.53249211356467
0.05,4755,62,126224,26.53994953742641
0.05,4756,68,126292,26.54866512507883
0.05,4757,81,126373,26.560109289617486
0.05,4758,76,126449,26.57049800378231
0.05,4759,74,126523,26.580462184873948
0.05,4760,-17,126506,26.571308548624238
0.05,4761,66,126572,26.579588408231835
0.05,4762,-40,126532,26.565609909720763
0.05,4763,64,126596,26.57346767422334
0.05,4764,62,126658,26.580902413431268
0.05,4765,63,126721,26.58854385228703
0.05,4766,68,126789,26.59723096286973
0.05,4767,92,126881,26.61094798657718
0.05,4768,65,126946,26.61899769343678
0.05,4769,33,126979,26.62033542976939
0.05,4770,-6,126973,26.61349821840285
0.05,4771,71,127044,26.62279966471081
0.05,4772,89,127133,26.635868426566102
0.05,4773,42,127175,26.639086719731882
0.05,4774,77,127252,26.6496335078534
0.05,4775,36,127288,26.651591289782246
0.05,4776,69,127357,26.660456353359848
0.05,4777,-141,127216,26.625366262034323
0.05,4778,38,127254,26.627746390458256
0.05,4779,90,127344,26.641004184100417
0.05,4780,34,127378,26.642543400962143
0.05,4781,89,127467,26.655583437892094
0.05,4782,-131,127336,26.622621785490278
0.05,4783,72,127408,26.632107023411372
0.05,4784,10,127418,26.628631138975965
0.05,4785,46,127464,26.632678646050984
0.05,4786,-86,127378,26.609149780655944
0.05,4787,5,127383,26.604636591478698
0.05,4788,-221,127162,26.552933806640215
0.05,4789,94,127256,26.567014613778706
0.05,4790,86,127342,26.579419745355874
0.05,4791,33,127375,26.58075959933222
0.05,4792,-329,127046,26.50657208428959
0.05,4793,76,127122,26.51689612015019
0.05,4794,-81,127041,26.494473409801877
0.05,4795,70,127111,26.503544620517097
0.05,4796,13,127124,26.500729622680844
0.05,4797,78,127202,26.511463109629013
0.05,4798,41,127243,26.51448218378829
0.05,4799,76,127319,26.524791666666665
0.05,4800,81,127400,26.53613830451989
0.05,4801,55,127455,26.542065805914202
0.05,4802,94,127549,26.556110764105767
0.05,4803,77,127626,26.56661115736886
0.05,4804,-51,127575,26.550468262226847
0.05,4805,64,127639,26.55826050769871
0.05,4806,76,127715,26.568545870605366
0.05,4807,77,127792,26.579034941763727
0.05,4808,-21,127771,26.569141193595343
0.05,4809,65,127836,26.577130977130977
0.05,4810,66,127902,26.585325296196217
0.05,4811,82,127984,26.596841230257688
0.05,4812,-11,127973,26.589029711198837
0.05,4813,-294,127679,26.522434565849604
0.05,4814,91,127770,26.53582554517134
0.05,4815,79,127849,26.54671926910299
0.05,4816,23,127872,26.545982976956612
0.05,4817,-106,127766,26.518472395184723
0.05,4818,94,127860,26.532475617348
0.05,4819,77,127937,26.542946058091285
0.05,4820,84,128021,26.554864136071355
0.05,4821,81,128102,26.56615512235587
0.05,4822,79,128181,26.57702674683807
0.05,4823,36,128217,26.578980099502488
0.05,4824,92,128309,26.592538860103627
0.05,4825,40,128349,26.595317032739327
0.05,4826,36,128385,26.597265382224986
0.05,4827,-46,128339,26.582228666114332
0.05,4828,-228,128111,26.529509215158416
0.05,4829,-37,128074,26.516356107660457
0.05,4830,39,128113,26.518940178016972
0.05,4831,75,128188,26.528973509933774
0.05,4832,85,128273,26.54107179805504
0.05,4833,15,128288,26.53868431940422
0.05,4834,19,128307,26.53712512926577
0.05,4835,23,128330,26.53639371381307
0.05,4836,80,128410,26.547446764523464
0.05,4837,90,128500,26.56056221579165
0.05,4838,1,128501,26.55528001653234
0.05,4839,54,128555,26.56095041322314
0.05,4840,37,128592,26.563106796116504
0.05,4841,-98,128494,26.537381247418423
0.05,4842,5,128499,26.53293413173653
0.05,4843,55,128554,26.538810900082577
0.05,4844,71,128625,26.54798761609907
0.05,4845,91,128716,26.56128765992571
0.05,4846,-238,128478,26.506705178460905
0.05,4847,68,128546,26.51526402640264
0.05,4848,-73,128473,26.494741183749227
0.05,4849,31,128504,26.495670103092785
0.05,4850,75,128579,26.50566893424036
0.05,4851,76,128655,26.515869744435285
0.05,4852,33,128688,26.517205852050278
0.05,4853,90,128778,26.530284301606923
0.05,4854,85,128863,26.542327497425333
0.05,4855,67,128930,26.550658978583197
0.05,4856,-23,128907,26.540457072266832
0.05,4857,80,128987,26.55146150679292
0.05,4858,86,129073,26.56369623379296
0.05,4859,69,129142,26.572427983539093
0.05,4860,45,129187,26.576218885003087
0.05,4861,63,129250,26.58371040723982
0.05,4862,41,129291,26.58667489204195
0.05,4863,73,129364,26.596217105263158
0.05,4864,45,129409,26.6
0.05,4865,70,129479,26.60891903000411
0.05,4866,-68,129411,26.589480172590918
0.05,4867,-392,129019,26.503492193919474
0.05,4868,86,129105,26.515711645101664
0.05,4869,64,129169,26.52340862422998
0.05,4870,75,129244,26.53336070622049
0.05,4871,91,129335,26.546592775041052
0.05,4872,94,129429,26.560435050277036
0.05,4873,10,129439,26.557037340993023
0.05,4874,84,129523,26.568820512820512
0.05,4875,89,129612,26.581624282198522
0.05,4876,60,129672,26.58847652245233
0.05,4877,94,129766,26.60229602296023
0.05,4878,93,129859,26.615904898544784
0.05,4879,-315,129544,26.54590163934426
0.05,4880,82,129626,26.557262855972137
0.05,4881,10,129636,26.553871364195
0.05,4882,72,129708,26.56317837395044
0.05,4883,57,129765,26.56941031941032
0.05,4884,94,129859,26.583213920163768
0.05,4885,92,129951,26.596602537863284
0.05,4886,85,130036,26.608553304685902
0.05,4887,87,130123,26.620908346972175
0.05,4888,41,130164,26.623849457966866
0.05,4889,4,130168,26.61922290388548
0.05,4890,75,130243,26.62911470047025
0.05,4891,33,130276,26.630417007358954
0.05,4892,87,130363,26.642754956059676
0.05,4893,91,130454,26.655905190028605
0.05,4894,30,130484,26.65658835546476
0.05,4895,63,130547,26.664011437908496
0.05,4896,-69,130478,26.644476209924445
0.05,4897,90,130568,26.657411188240097
0.05,4898,76,130644,26.667483159828535
0.05,4899,66,130710,26.675510204081633
0.05,4900,29,130739,26.67598449296062
0.05,4901,93,130832,26.68951448388413
0.05,4902,81,130913,26.700591474607382
0.05,4903,23,130936,26.69983686786297
0.05,4904,86,131022,26.711926605504587
0.05,4905,63,131085,26.719323277619242
0.05,4906,-390,130695,26.634399836967596
0.05,4907,69,130764,26.643031784841074
0.05,4908,11,130775,26.63984518231819
0.05,4909,90,130865,26.65274949083503
0.05,4910,-86,130779,26.629810629199756
0.05,4911,3,130782,26.625
0.05,4912,37,130819,26.62711174435172
0.05,4913,61,130880,26.634106634106633
0.05,4914,93,130973,26.64760935910478
0.05,4915,51,131024,26.652563059397885
0.05,4916,72,131096,26.661785641651413
0.05,4917,-223,130873,26.61102074013827
0.05,4918,94,130967,26.62472047164058
0.05,4919,16,130983,26.622560975609755
0.05,4920,72,131055,26.63178215809795
0.05,4921,80,131135,26.64262494920764
0.05,4922,81,131216,26.653666463538492
0.05,4923,85,131301,26.665515840779854
0.05,4924,91,131392,26.678578680203046
0.05,4925,-15,131377,26.670117742590335
0.05,4926,92,131469,26.683377308707126
0.05,4927,82,131551,26.694602272727273
0.05,4928,80,131631,26.7054169202678
0.05,4929,81,131712,26.716430020283976
0.05,4930,91,131803,26.72946663962685
0.05,4931,80,131883,26.740267639902676
0.05,4932,12,131895,26.737279545915264
0.05,4933,74,131969,26.746858532630725
0.05,4934,79,132048,26.75744680851064
0.05,4935,72,132120,26.766612641815236
0.05,4936,-15,132105,26.758152724326514
0.05,4937,-20,132085,26.74868367760227
0.05,4938,-226,131859,26.697509617331445
0.05,4939,65,131924,26.705263157894738
0.05,4940,-181,131743,26.663226067597652
0.05,4941,29,131772,26.66369890732497
0.05,4942,91,131863,26.676714545822374
0.05,4943,-98,131765,26.651496763754047
0.05,4944,82,131847,26.66268958543984
0.05,4945,91,131938,26.675697533360292
0.05,4946,92,132030,26.68890236506974
0.05,4947,87,132117,26.70109135004042
0.05,4948,-189,131928,26.65750656698323
0.05,4949,68,131996,26.665858585858587
0.05,4950,89,132085,26.678448798222583
0.05,4951,-5,132080,26.67205169628433
0.05,4952,86,132166,26.684029880880274
0.05,4953,89,132255,26.696608800968914
0.05,4954,69,132324,26.705146316851664
0.05,4955,-123,132201,26.67493946731235
0.05,4956,-165,132036,26.636271938672586
0.05,4957,40,132076,26.63896732553449
0.05,4958,85,132161,26.650736035491025
0.05,4959,42,132203,26.65383064516129
0.05,4960,52,132255,26.658939729893167
0.05,4961,57,132312,26.665054413542926
0.05,4962,95,132407,26.67882329236349
0.05,4963,17,132424,26.676873489121675
0.05,4964,40,132464,26.679556898288016
0.05,4965,70,132534,26.688280306081353
0.05,4966,-25,132509,26.677873968190056
0.05,4967,70,132579,26.68659420289855
0.05,4968,39,132618,26.68907224793721
0.05,4969,82,132700,26.70020120724346
0.05,4970,86,132786,26.712130356065177
0.05,4971,76,132862,26.72204344328238
0.05,4972,37,132899,26.72411019505329
0.05,4973,6,132905,26.719943707277846
0.05,4974,61,132966,26.72683417085427
0.05,4975,93,133059,26.740152733118972
0.05,4976,29,133088,26.740606791239703
0.05,4977,-130,132958,26.70912012856569
0.05,4978,62,133020,26.716208073910423
0.05,4979,-11,133009,26.70863453815261
0.05,4980,52,133061,26.71371210600281
0.05,4981,87,133148,26.72581292653553
0.05,4982,41,133189,26.72867750351194
0.05,4983,-53,133136,26.712680577849117
0.05,4984,90,133226,26.725376128385154
0.05,4985,74,133300,26.734857601283593
0.05,4986,89,133389,26.7473430920393
0.05,4987,18,133407,26.745589414595027
0.05,4988,58,133465,26.751854078973743
0.05,4989,1,133466,26.746693386773547
0.05,4990,89,133555,26.759166499699457
0.05,4991,-143,133412,26.725160256410255
0.05,4992,94,133506,26.73863408772281
0.05,4993,78,133584,26.748898678414097
0.05,4994,70,133654,26.757557557557558
0.05,4995,90,133744,26.77021617293835
0.05,4996,25,133769,26.76986191715029
0.05,4997,93,133862,26.783113245298118
0.05,4998,88,133950,26.795359071814364
0.05,4999,54,134004,26.8008
0.05,5000,93,134097,26.81403719256149
0.05,5001,92,134189,26.82706917233107
0.05,5002,74,134263,26.836498101139316
0.05,5003,-32,134231,26.824740207833734
0.05,5004,12,134243,26.82177822177822
0.05,5005,-15,134228,26.813423891330405
0.05,5006,87,134315,26.82544437787098
0.05,5007,91,134406,26.838258785942493
0.05,5008,87,134493,26.85026951487323
0.05,5009,31,134524,26.851097804391216
0.05,5010,94,134618,26.864498104170824
0.05,5011,30,134648,26.86512370311253
0.05,5012,70,134718,26.87372830640335
0.05,5013,-213,134505,26.82588751495812
0.05,5014,84,134589,26.83728813559322
0.05,5015,-34,134555,26.825159489633172
0.05,5016,33,134588,26.826390273071556
0.05,5017,85,134673,26.83798326026305
0.05,5018,39,134712,26.840406455469218
0.05,5019,84,134796,26.85179282868526
0.05,5020,-47,134749,26.837084246166103
0.05,5021,-56,134693,26.82058940661091
0.05,5022,86,134779,26.832371092972327
0.05,5023,-7,134772,26.82563694267516
0.05,5024,78,134850,26.83582089552239
0.05,5025,-88,134762,26.81297254277756
0.05,5026,67,134829,26.820966779391288
0.05,5027,44,134873,26.824383452665074
0.05,5028,-42,134831,26.810697951879103
0.05,5029,-228,134603,26.76003976143141
0.05,5030,89,134692,26.77241105148082
0.05,5031,58,134750,26.778616852146264
0.05,5032,94,134844,26.791972978342937
0.05,5033,-142,134702,26.75844259038538
0.05,5034,55,134757,26.764051638530287
0.05,5035,89,134846,26.776409849086576
0.05,5036,26,134872,26.77625570776256
0.05,5037,74,134946,26.78562921794363
0.05,5038,90,135036,26.79817424092082
0.05,5039,-24,135012,26.788095238095238
0.05,5040,61,135073,26.794881967863518
0.05,5041,29,135102,26.79531931773106
0.05,5042,-150,134952,26.760261748958953
0.05,5043,90,135042,26.77279936558287
0.05,5044,-57,134985,26.756194251734392
0.05,5045,90,135075,26.768727705112962
0.05,5046,94,135169,26.782048741826827
0.05,5047,-29,135140,26.770998415213946
0.05,5048,-6,135134,26.764507823331353
0.05,5049,-1,135133,26.759009900990097
0.05,5050,77,135210,26.76895664224906
0.05,5051,70,135280,26.777513855898654
0.05,5052,77,135357,26.78745299821888
0.05,5053,-48,135309,26.77265532251682
0.05,5054,60,135369,26.779228486646883
0.05,5055,94,135463,26.792523734177216
0.05,5056,59,135522,26.798892624085425
0.05,5057,-95,135427,26.77481217872677
0.05,5058,94,135521,26.7881004151018
0.05,5059,7,135528,26.784189723320157
0.05,5060,86,135614,26.79589014028848
0.05,5061,83,135697,26.806993283287238
0.05,5062,69,135766,26.815326881295675
0.05,5063,24,135790,26.81477093206951
0.05,5064,70,135860,26.82329713721619
0.05,5065,75,135935,26.83280694828267
0.05,5066,62,135997,26.839747385040457
0.05,5067,43,136040,26.842936069455405
0.05,5068,93,136133,26.85598737423555
0.05,5069,49,136182,26.860355029585797
0.05,5070,91,136273,26.873003352395976
0.05,5071,-152,136121,26.837736593059937
0.05,5072,58,136179,26.84387936132466
0.05,5073,71,136250,26.852581789515174
0.05,5074,-34,136216,26.840591133004928
0.05,5075,84,136300,26.85185185185185
0.05,5076,93,136393,26.864880835138862
0.05,5077,74,136467,26.874163056321386
0.05,5078,76,136543,26.883835400669422
0.05,5079,93,136636,26.896850393700788
0.05,5080,24,136660,26.89628025979138
0.05,5081,18,136678,26.89452971271153
0.05,5082,74,136752,26.903796970293133
0.05,5083,65,136817,26.911290322580644
0.05,5084,63,136880,26.918387413962634
0.05,5085,-153,136727,26.883012190326387
0.05,5086,93,136820,26.896009435816786
0.05,5087,58,136878,26.902122641509433
0.05,5088,24,136902,26.90155236785223
0.05,5089,70,136972,26.910019646365424
0.05,5090,46,137018,26.913769396975056
0.05,5091,-93,136925,26.89021995286724
0.05,5092,-22,136903,26.880620459454153
0.05,5093,-39,136864,26.867687475461327
0.05,5094,1,136865,26.86261040235525
0.05,5095,26,136891,26.862441130298272
0.05,5096,-10,136881,26.85520894643908
0.05,5097,84,136965,26.86641820321695
0.05,5098,-56,136909,26.850166699352815
0.05,5099,84,136993,26.86137254901961
0.05,5100,78,137071,26.87139776514409
0.05,5101,18,137089,26.869658957271657
0.05,5102,72,137161,26.878502841465803
0.05,5103,76,137237,26.88812695924765
0.05,5104,37,137274,26.890107737512242
0.05,5105,78,137352,26.90011750881316
0.05,5106,24,137376,26.899549637752106
0.05,5107,79,137455,26.909749412685983
0.05,5108,-207,137248,26.863965550988453
0.05,5109,88,137336,26.875929549902153
0.05,5110,-39,137297,26.863040500880455
0.05,5111,75,137372,26.87245696400626
0.05,5112,-17,137355,26.863876393506747
0.05,5113,74,137429,26.873093468908877
0.05,5114,16,137445,26.870967741935484
0.05,5115,65,137510,26.878420641125878
0.05,5116,72,137582,26.887238616376784
0.05,5117,94,137676,26.900351699882766
0.05,5118,87,137763,26.912092205508888
0.05,5119,77,137840,26.921875
0.05,5120,34,137874,26.923257176332747
0.05,5121,-10,137864,26.916048418586488
0.05,5122,-114,137750,26.888541869998047
0.05,5123,76,137826,26.898126463700233
0.05,5124,-9,137817,26.891121951219514
0.05,5125,-20,137797,26.88197424892704
0.05,5126,87,137884,26.893700019504582
0.05,5127,-63,137821,26.87617004680187
0.05,5128,67,137888,26.883992981087932
0.05,5129,57,137945,26.889863547758285
0.05,5130,71,138016,26.898460339115182
0.05,5131,-398,137618,26.815666406858924
0.05,5132,93,137711,26.828560296123126
0.05,5133,79,137790,26.83872224386443
0.05,5134,51,137841,26.84342745861733
0.05,5135,-34,137807,26.831580996884735
0.05,5136,-331,137476,26.761923301537863
0.05,5137,74,137550,26.771117166212534
0.05,5138,-197,137353,26.72757345787118
0.05,5139,20,137373,26.726264591439687
0.05,5140,7,137380,26.72242754327952
0.05,5141,67,137447,26.73026059898872
0.05,5142,84,137531,26.741396072331323
0.05,5143,68,137599,26.749416796267496
0.05,5144,92,137691,26.762099125364433
0.05,5145,-90,137601,26.739409249902838
0.05,5146,85,137686,26.750728579755197
0.05,5147,70,137756,26.75912975912976
0.05,5148,88,137844,26.771023499708683
0.05,5149,93,137937,26.78388349514563
0.05,5150,28,137965,26.78411958842943
0.05,5151,19,137984,26.782608695652176
0.05,5152,21,138005,26.78148651271104
0.05,5153,57,138062,26.78734963135429
0.05,5154,-52,138010,26.772065955383123
0.05,5155,76,138086,26.781613653995347
0.05,5156,-181,137905,26.741322474306767
0.05,5157,-67,137838,26.723148507173324
0.05,5158,40,137878,26.725722039154874
0.05,5159,92,137970,26.738372093023255
0.05,5160,54,138024,26.743654330556094
0.05,5161,-2,138022,26.738086013173188
0.05,5162,54,138076,26.7433662599264
0.05,5163,13,138089,26.740704879938033
0.05,5164,35,138124,26.742303969022267
0.05,5165,56,138180,26.747967479674795
0.05,5166,23,138203,26.74724211341204
0.05,5167,88,138291,26.75909442724458
0.05,5168,37,138328,26.761075643257882
0.05,5169,39,138367,26.763442940038686
0.05,5170,-6,138361,26.757106942564302
0.05,5171,81,138442,26.767594740912607
0.05,5172,79,138521,26.77769186158902
0.05,5173,77,138598,26.787398531117123
0.05,5174,42,138640,26.790338164251207
0.05,5175,-39,138601,26.777627511591962
0.05,5176,89,138690,26.789646513424763
0.05,5177,66,138756,26.797219003476247
0.05,5178,87,138843,26.808843406062948
0.05,5179,93,138936,26.82162162162162
0.05,5180,94,139030,26.834587917390465
0.05,5181,-56,138974,26.81860285604014
0.05,5182,-225,138749,26.770017364460738
0.05,5183,14,138763,26.76755401234568
0.05,5184,8,138771,26.763934426229508
0.05,5185,86,138857,26.775356729656767
0.05,5186,-69,138788,26.75689223057644
0.05,5187,83,138871,26.767733230532
0.05,5188,-39,138832,26.755058778184623
0.05,5189,84,138916,26.766088631984587
0.05,5190,58,138974,26.77210556732807
0.05,5191,82,139056,26.782742681047765
0.05,5192,81,139137,26.793183131138072
0.05,5193,10,139147,26.789949942241048
0.05,5194,5,139152,26.785755534167468
0.05,5195,94,139246,26.79869130100077
0.05,5196,31,139277,26.799499711371947
0.05,5197,36,139313,26.80126971912274
0.05,5198,91,139404,26.813618003462203
0.05,5199,23,139427,26.812884615384615
0.05,5200,-171,139256,26.774850990194192
0.05,5201,-173,139083,26.736447520184544
0.05,5202,94,139177,26.74937536036902
0.05,5203,81,139258,26.7598001537279
0.05,5204,93,139351,26.77252641690682
0.05,5205,94,139445,26.785439877064924
0.05,5206,90,139535,26.797580180526214
0.05,5207,81,139616,26.807987711213517
0.05,5208,81,139697,26.818391245920523
0.05,5209,-46,139651,26.804414587332055
0.05,5210,87,139738,26.81596622529265
0.05,5211,61,139799,26.822524942440523
0.05,5212,92,139891,26.83502781507769
0.05,5213,-19,139872,26.826237054085155
0.05,5214,-21,139851,26.81706615532119
0.05,5215,72,139923,26.82572852760736
0.05,5216,-270,139653,26.768832662449682
0.05,5217,79,139732,26.778842468378688
0.05,5218,86,139818,26.790189691511785
0.05,5219,65,139883,26.797509578544062
0.05,5220,9,139892,26.794100746983336
0.05,5221,93,139985,26.806779011872845
0.05,5222,-298,139687,26.744591231093242
0.05,5223,-77,139610,26.724732006125574
0.05,5224,87,139697,26.736267942583734
0.05,5225,53,139750,26.741293532338307
0.05,5226,-21,139729,26.732159938779414
0.05,5227,81,139810,26.742540168324407
0.05,5228,77,139887,26.752151462994835
0.05,5229,71,139958,26.760611854684512
0.05,5230,62,140020,26.76734849933091
0.05,5231,91,140111,26.779625382262996
0.05,5232,72,140183,26.788266768583988
0.05,5233,87,140270,26.79977072984333
0.05,5234,94,140364,26.812607449856735
0.05,5235,89,140453,26.82448433919022
0.05,5236,9,140462,26.821080771434026
0.05,5237,34,140496,26.82245131729668
0.05,5238,82,140578,26.83298339377744
0.05,5239,74,140652,26.84198473282443
0.05,5240,2,140654,26.83724480061057
0.05,5241,-249,140405,26.78462418924075
0.05,5242,66,140471,26.792103757390805
0.05,5243,61,140532,26.79862700228833
0.05,5244,50,140582,26.803050524308865
0.05,5245,48,140630,26.807091117041555
0.05,5246,5,140635,26.80293501048218
0.05,5247,59,140694,26.80907012195122
0.05,5248,-55,140639,26.793484473232997
0.05,5249,77,140716,26.803047619047618
0.05,5250,78,140794,26.812797562369074
0.05,5251,31,140825,26.813594821020562
0.05,5252,-21,140804,26.80449267085475
0.05,5253,45,140849,26.80795584316711
0.05,5254,81,140930,26.81826831588963
0.05,5255,-173,140757,26.78025114155251
0.05,5256,-30,140727,26.769450256800457
0.05,5257,49,140776,26.773678204640547
0.05,5258,1,140777,26.768777334093933
0.05,5259,91,140868,26.780988593155893
0.05,5260,26,140894,26.78084014445923
0.05,5261,15,140909,26.778601292284304
0.05,5262,88,140997,26.79023370701121
0.05,5263,-101,140896,26.76595744680851
0.05,5264,74,140970,26.774928774928775
0.05,5265,21,140991,26.77383213064945
0.05,5266,56,141047,26.779381051832164
0.05,5267,11,141058,26.77638572513288
0.05,5268,-121,140937,26.748339343328905
0.05,5269,88,141025,26.759962049335865
0.05,5270,-79,140946,26.739897552646557
0.05,5271,-18,140928,26.731411229135052
0.05,5272,28,140956,26.731651811113217
0.05,5273,73,141029,26.74042472506636
0.05,5274,70,141099,26.74862559241706
0.05,5275,-86,141013,26.727255496588324
0.05,5276,94,141107,26.740003790032215
0.05,5277,70,141177,26.748200075786283
0.05,5278,26,141203,26.748058344383406
0.05,5279,-31,141172,26.737121212121213
0.05,5280,21,141193,26.736034841886006
0.05,5281,51,141244,26.740628549791747
0.05,5282,12,141256,26.737838349422677
0.05,5283,27,141283,26.73788796366389
0.05,5284,89,141372,26.749668874172187
0.05,5285,-38,141334,26.737419598940598
0.05,5286,-222,141112,26.690372612067335
0.05,5287,57,141169,26.69610438729198
0.05,5288,12,141181,26.693325770467005
0.05,5289,64,141245,26.700378071833647
0.05,5290,86,141331,26.711585711585712
0.05,5291,43,141374,26.71466364323507
0.05,5292,92,141466,26.726997921783486
0.05,5293,25,141491,26.72667170381564
0.05,5294,74,141565,26.735599622285175
0.05,5295,46,141611,26.739237160120847
0.05,5296,30,141641,26.739852746837833
0.05,5297,-87,141554,26.71838429596074
0.05,5298,87,141641,26.729760332138138
0.05,5299,-43,141598,26.716603773584907
0.05,5300,-73,141525,26.69779286926995
0.05,5301,86,141611,26.708977744247452
0.05,5302,-68,141543,26.691118234961344
0.05,5303,-209,141334,26.646681749622925
0.05,5304,83,141417,26.657304429783224
0.05,5305,94,141511,26.669996230682248
0.05,5306,35,141546,26.671565856416056
0.05,5307,77,141623,26.681047475508667
0.05,5308,-164,141459,26.64513090977585
0.05,5309,17,141476,26.64331450094162
0.05,5310,74,141550,26.652231218226323
0.05,5311,-4,141546,26.646460843373493
0.05,5312,89,141635,26.658196875588178
0.05,5313,22,141657,26.657320286036885
0.05,5314,18,141675,26.655691439322673
0.05,5315,43,141718,26.658765989465763
0.05,5316,17,141735,26.656949407560653
0.05,5317,9,141744,26.653629183903725
0.05,5318,93,141837,26.666102650874226
0.05,5319,-89,141748,26.644360902255638
0.05,5320,54,141802,26.64950197331329
0.05,5321,-5,141797,26.643555054490793
0.05,5322,15,141812,26.64136764982153
0.05,5323,45,141857,26.64481592787378
0.05,5324,59,141916,26.65089201877934
0.05,5325,92,142008,26.66316184754037
0.05,5326,35,142043,26.66472686314999
0.05,5327,90,142133,26.676614114114113
0.05,5328,-82,142051,26.65622067930193
0.05,5329,8,142059,26.652720450281425
0.05,5330,-28,142031,26.64246858000375
0.05,5331,-64,141967,26.625468867216803
0.05,5332,-33,141934,26.614288393024562
0.05,5333,44,141978,26.617547806524186
0.05,5334,93,142071,26.629990627928773
0.05,5335,-158,141913,26.59538980509745
0.05,5336,83,141996,26.605958403597526
0.05,5337,65,142061,26.61315099288123
0.05,5338,93,142154,26.625585315602173
0.05,5339,-38,142116,26.613483146067416
0.05,5340,-21,142095,26.604568432877738
0.05,5341,93,142188,26.616997379258706
0.05,5342,93,142281,26.629421673217294
0.05,5343,94,142375,26.642028443113773
0.05,5344,-152,142223,26.60860617399439
0.05,5345,78,142301,26.61821922933034
0.05,5346,33,142334,26.619412754815784
0.05,5347,-23,142311,26.610134629768137
0.05,5348,67,142378,26.617685548700692
0.05,5349,86,142464,26.62878504672897
0.05,5350,-95,142369,26.606054943001308
0.05,5351,-95,142274,26.583333333333332
0.05,5352,69,142343,26.59125723893144
0.05,5353,-9,142334,26.58460963765409
0.05,5354,-16,142318,26.576657329598508
0.05,5355,72,142390,26.585138162808065
0.05,5356,78,142468,26.594735859622922
0.05,5357,83,142551,26.605263157894736
0.05,5358,85,142636,26.616159731293152
0.05,5359,82,142718,26.626492537313432
0.05,5360,16,142734,26.624510352546167
0.05,5361,49,142783,26.628683327116747
0.05,5362,-191,142592,26.588103673317175
0.05,5363,18,142610,26.586502609992543
0.05,5364,79,142689,26.59627213420317
0.05,5365,73,142762,26.60491986582184
0.05,5366,54,142816,26.610024222098005
0.05,5367,-92,142724,26.587928464977644
0.05,5368,89,142813,26.599552989383497
0.05,5369,92,142905,26.61173184357542
0.05,5370,78,142983,26.621299571774344
0.05,5371,91,143074,26.633283693224126
0.05,5372,41,143115,26.635957565605807
0.05,5373,90,143205,26.647748418310382
0.05,5374,34,143239,26.649116279069766
0.05,5375,86,143325,26.66015625
0.05,5376,48,143373,26.664124976752838
0.05,5377,77,143450,26.67348456675344
0.05,5378,-21,143429,26.664621676891617
0.05,5379,-225,143204,26.617843866171004
0.05,5380,91,143295,26.629808585764728
0.05,5381,-89,143206,26.608324043106652
0.05,5382,67,143273,26.615827605424485
0.05,5383,-139,143134,26.585066864784547
0.05,5384,38,143172,26.587186629526464
0.05,5385,43,143215,26.59023393984404
0.05,5386,18,143233,26.588639316873955
0.05,5387,87,143320,26.59985152190052
0.05,5388,-172,143148,26.56299870105771
0.05,5389,44,143192,26.566233766233765
0.05,5390,89,143281,26.57781487664626
0.05,5391,-20,143261,26.5691765578635
0.05,5392,87,143348,26.58038197663638
0.05,5393,60,143408,26.586577678902483
0.05,5394,23,143431,26.585912882298423
0.05,5395,47,143478,26.589696071163825
0.05,5396,37,143515,26.591624976838986
0.05,5397,51,143566,26.59614672100778
0.05,5398,44,143610,26.599370253750696
0.05,5399,78,143688,26.608888888888888
0.05,5400,34,143722,26.610257359748196
0.05,5401,77,143799,26.61958533876342
0.05,5402,37,143836,26.62150657042384
0.05,5403,78,143914,26.63101406365655
0.05,5404,-42,143872,26.618316373728028
0.05,5405,80,143952,26.62819089900111
0.05,5406,90,144042,26.639911226188275
0.05,5407,82,144124,26.650147928994084
0.05,5408,63,144187,26.65686818265853
0.05,5409,85,144272,26.667652495378928
0.05,5410,82,144354,26.677878395860283
0.05,5411,62,144416,26.68440502586844
0.05,5412,94,144510,26.696840938481433
0.05,5413,87,144597,26.7079793128925
0.05,5414,76,144673,26.717082179132042
0.05,5415,-6,144667,26.711041358936484
0.05,5416,9,144676,26.70777182942588
0.05,5417,-59,144617,26.691952750092284
0.05,5418,-142,144475,26.66082303007935
0.05,5419,64,144539,26.66771217712177
0.05,5420,92,144631,26.67976388120273
0.05,5421,40,144671,26.68222058281077
0.05,5422,71,144742,26.690392771528675
0.05,5423,26,144768,26.690265486725664
0.05,5424,-3,144765,26.68479262672811
0.05,5425,79,144844,26.694434205676373
0.05,5426,-14,144830,26.686935691910815
0.05,5427,82,144912,26.697126013264555
0.05,5428,56,144968,26.702523484988028
0.05,5429,15,144983,26.70036832412523
0.05,5430,-53,144930,26.68569324249678
0.05,5431,25,144955,26.68538291605302
0.05,5432,63,145018,26.692066997975335
0.05,5433,27,145045,26.692123665807877
0.05,5434,70,145115,26.700091996320147
0.05,5435,57,145172,26.705665930831493
0.05,5436,76,145248,26.71473238918521
0.05,5437,17,145265,26.712945936005884
0.05,5438,84,145349,26.72347858062144
0.05,5439,-4,145345,26.717830882352942
0.05,5440,17,145362,26.716044844697667
0.05,5441,32,145394,26.7170158030136
0.05,5442,44,145438,26.720191071100498
0.05,5443,33,145471,26.72134459955915
0.05,5444,80,145551,26.731129476584023
0.05,5445,57,145608,26.736687477047376
0.05,5446,92,145700,26.748668992105745
0.05,5447,-84,145616,26.728340675477238
0.05,5448,-50,145566,26.714259497155442
0.05,5449,53,145619,26.71908256880734
0.05,5450,-89,145530,26.697853604843147
0.05,5451,94,145624,26.71019809244314
0.05,5452,54,145678,26.715202640748213
0.05,5453,-57,145621,26.6998533186652
0.05,5454,62,145683,26.706324472960585
0.05,5455,54,145737,26.71132697947214
0.05,5456,-53,145684,26.696719809419093
0.05,5457,-28,145656,26.686698424331258
0.05,5458,3,145659,26.682359406484704
0.05,5459,40,145699,26.684798534798535
0.05,5460,44,145743,26.68796923640359
0.05,5461,72,145815,26.69626510435738
0.05,5462,-361,145454,26.625297455610472
0.05,5463,63,145517,26.631954612005856
0.05,5464,80,145597,26.641720036596524
0.05,5465,19,145616,26.640321990486644
0.05,5466,93,145709,26.6524602158405
0.05,5467,84,145793,26.66294806144843
0.05,5468,65,145858,26.669957944779668
0.05,5469,21,145879,26.668921389396708
0.05,5470,74,145953,26.677572655821606
0.05,5471,51,146004,26.68201754385965
0.05,5472,48,146052,26.685912662159694
0.05,5473,86,146138,26.6967482645232
0.05,5474,51,146189,26.70118721461187
0.05,5475,-40,146149,26.689006574141708
0.05,5476,70,146219,26.69691436918021
0.05,5477,64,146283,26.703723986856517
0.05,5478,11,146294,26.700857820770214
0.05,5479,-125,146169,26.673175182481753
0.05,5480,-3,146166,26.66776135741653
0.05,5481,62,146228,26.6742064939803
0.05,5482,-7,146221,26.668064927959147
0.05,5483,81,146302,26.677972283005104
0.05,5484,81,146383,26.687876025524158
0.05,5485,90,146473,26.699416697047027
0.05,5486,-55,146418,26.684527063969384
0.05,5487,48,146466,26.688411078717202
0.05,5488,-262,146204,26.6358170887229
0.05,5489,15,146219,26.633697632058286
0.05,5490,-50,146169,26.619741395010017
0.05,5491,41,146210,26.622359796067006
0.05,5492,44,146254,26.625523393409793
0.05,5493,-5,146249,26.619767018565707
0.05,5494,-81,146168,26.600181983621475
0.05,5495,84,146252,26.610625909752546
0.05,5496,-39,146213,26.598690194651628
0.05,5497,58,146271,26.60440160058203
0.05,5498,92,146363,26.61629387161302
0.05,5499,-72,146291,26.598363636363636
0.05,5500,29,146320,26.598800218142156
0.05,5501,-25,146295,26.589422028353326
0.05,5502,32,146327,26.590405233508996
0.05,5503,66,146393,26.597565406976745
0.05,5504,74,146467,26.606176203451408
0.05,5505,86,146553,26.61696331274973
0.05,5506,-72,146481,26.599055747230796
0.05,5507,88,146569,26.610203340595497
0.05,5508,-21,146548,26.601561081866038
0.05,5509,35,146583,26.603085299455536
0.05,5510,79,146662,26.612592995826528
0.05,5511,-32,146630,26.601959361393323
0.05,5512,91,146721,26.613640486123707
0.05,5513,-9,146712,26.607181719260065
0.05,5514,88,146800,26.618313689936535
0.05,5515,81,146881,26.628172588832488
0.05,5516,69,146950,26.635852818560814
0.05,5517,91,147041,26.64751721638275
0.05,5518,93,147134,26.659539771697773
0.05,5519,72,147206,26.667753623188407
0.05,5520,37,147243,26.669625067922478
0.05,5521,-134,147109,26.640528793915248
0.05,5522,90,147199,26.652000724244072
0.05,5523,35,147234,26.653511947863866
0.05,5524,93,147327,26.66552036199095
0.05,5525,-20,147307,26.657075642417663
0.05,5526,47,147354,26.660756287316808
0.05,5527,30,147384,26.66136034732272
0.05,5528,13,147397,26.658889491770665
0.05,5529,-6,147391,26.652983725135623
0.05,5530,46,147437,26.656481648888086
0.05,5531,3,147440,26.652205350686913
0.05,5532,-35,147405,26.641062714621363
0.05,5533,52,147457,26.645645102999637
0.05,5534,78,147535,26.654923215898826
0.05,5535,85,147620,26.665462427745666
0.05,5536,86,147706,26.676178435976162
0.05,5537,-54,147652,26.661610689779703
0.05,5538,94,147746,26.673767828127822
0.05,5539,87,147833,26.68465703971119
0.05,5540,27,147860,26.684713950550442
0.05,5541,46,147906,26.688199206062794
0.05,5542,76,147982,26.69709543568465
0.05,5543,83,148065,26.707251082251084
0.05,5544,92,148157,26.7190261496844
0.05,5545,61,148218,26.725207356653446
0.05,5546,51,148269,26.729583558680368
0.05,5547,75,148344,26.73828406633021
0.05,5548,93,148437,26.75022526581366
0.05,5549,84,148521,26.76054054054054
0.05,5550,-44,148477,26.747793190416143
0.05,5551,64,148541,26.75450288184438
0.05,5552,72,148613,26.762650819376912
0.05,5553,-38,148575,26.750990277277637
0.05,5554,49,148624,26.754995499549956
0.05,5555,-30,148594,26.744780417566595
0.05,5556,-70,148524,26.727370883570273
0.05,5557,62,148586,26.733717164447643
0.05,5558,85,148671,26.74419859686994
0.05,5559,49,148720,26.74820143884892
0.05,5560,31,148751,26.74896601330696
0.05,5561,84,148835,26.75925925925926
0.05,5562,8,148843,26.755887111270898
0.05,5563,14,148857,26.753594536304817
0.05,5564,-44,148813,26.740880503144655
0.05,5565,-45,148768,26.72799137621272
0.05,5566,30,148798,26.728579126998383
0.05,5567,78,148876,26.73778735632184
0.05,5568,-47,148829,26.724546597234692
0.05,5569,88,148917,26.735547576301617
0.05,5570,47,148964,26.73918506551786
0.05,5571,26,148990,26.73905240488155
0.05,5572,90,149080,26.75040373228064
0.05,5573,30,149110,26.750986724076068
0.05,5574,55,149165,26.756053811659193
0.05,5575,-40,149125,26.744081779053083
0.05,5576,14,149139,26.741796664873586
0.05,5577,93,149232,26.753675152384368
0.05,5578,50,149282,26.757841907151818
0.05,5579,-51,149231,26.743906810035842
0.05,5580,74,149305,26.752374126500627
0.05,5581,74,149379,26.76083840917234
0.05,5582,-106,149273,26.737058928891276
0.05,5583,-182,149091,26.6996776504298
0.05,5584,-40,149051,26.687735004476277
0.05,5585,47,149098,26.691371285356247
0.05,5586,-34,149064,26.68050832289243
0.05,5587,-18,149046,26.672512526843235
0.05,5588,93,149139,26.684380032206118
0.05,5589,3,149142,26.680143112701252
0.05,5590,93,149235,26.69200500804865
0.05,5591,94,149329,26.70404148783977
0.05,5592,68,149397,26.711424995530127
0.05,5593,88,149485,26.72238112263139
0.05,5594,-46,149439,26.709383378016085
0.05,5595,91,149530,26.72087205146533
0.05,5596,-4,149526,26.715383241021975
0.05,5597,2,149528,26.710968202929617
0.05,5598,-57,149471,26.696017145918916
0.05,5599,93,149564,26.707857142857144
0.05,5600,-228,149336,26.66238171755044
0.05,5601,67,149403,26.66958229203856
0.05,5602,-45,149358,26.656791004818846
0.05,5603,67,149425,26.66399000713776
0.05,5604,83,149508,26.674041034790367
0.05,5605,92,149600,26.685693899393506
0.05,5606,88,149688,26.696629213483146
0.05,5607,94,149782,26.708630527817405
0.05,5608,-72,149710,26.69103226956677
0.05,5609,54,149764,26.69590017825312
0.05,5610,93,149857,26.70771698449474
0.05,5611,93,149950,26.71952957947256
0.05,5612,83,150033,26.729556386958844
0.05,5613,92,150125,26.741182757392234
0.05,5614,42,150167,26.743900267141584
0.05,5615,-54,150113,26.72952279202279
0.05,5616,92,150205,26.741142958874843
0.05,5617,-122,150083,26.714667141331436
0.05,5618,80,150163,26.724150204662752
0.05,5619,-6,150157,26.71832740213523
0.05,5620,9,150166,26.71517523572318
0.05,5621,89,150255,26.72625400213447
0.05,5622,92,150347,26.737862351058155
0.05,5623,67,150414,26.7450213371266
0.05,5624,37,150451,26.746844444444445
0.05,5625,-11,150440,26.740135087095627
0.05,5626,-101,150339,26.71743380131509
0.05,5627,93,150432,26.729211087420044
0.05,5628,42,150474,26.731923965180318
0.05,5629,93,150567,26.743694493783305
0.05,5630,82,150649,26.753507369916534
0.05,5631,-5,150644,26.747869318181817
0.05,5632,62,150706,26.7541274631635
0.05,5633,76,150782,26.762868299609515
0.05,5634,-175,150607,26.72706299911269
0.05,5635,76,150683,26.73580553584102
0.05,5636,42,150725,26.738513393649104
0.05,5637,73,150798,26.746718694572543
0.05,5638,-8,150790,26.740556836318497
0.05,5639,0,150790,26.73581560283688
0.05,5640,-22,150768,26.72717603261833
0.05,5641,61,150829,26.733250620347395
0.05,5642,94,150923,26.745171008328903
0.05,5643,77,151000,26.754075124025515
0.05,5644,91,151091,26.765456155890167
0.05,5645,82,151173,26.775239107332624
0.05,5646,-76,151097,26.757039135824332
0.05,5647,-78,151019,26.73849150141643
0.05,5648,80,151099,26.7479199858382
0.05,5649,-61,151038,26.732389380530975
0.05,5650,89,151127,26.743408246328084
0.05,5651,-7,151120,26.737438075017693
0.05,5652,94,151214,26.749336635414824
0.05,5653,-24,151190,26.740360806508665
0.05,5654,89,151279,26.75137046861185
0.05,5655,83,151362,26.76131541725601
0.05,5656,25,151387,26.761004065759238
0.05,5657,90,151477,26.77218098267939
0.05,5658,-41,151436,26.76020498321258
0.05,5659,-173,151263,26.724911660777384
0.05,5660,54,151317,26.72972972972973
0.05,5661,58,151375,26.735252560932533
0.05,5662,93,151468,26.746953911354407
0.05,5663,24,151492,26.74646892655367
0.05,5664,61,151553,26.75251544571933
0.05,5665,92,151645,26.76403106247794
0.05,5666,88,151733,26.774836774307392
0.05,5667,82,151815,26.784580098800284
0.05,5668,90,151905,26.795731169518433
0.05,5669,41,151946,26.798236331569665
0.05,5670,-270,151676,26.745900193969316
0.05,5671,93,151769,26.757581100141042
0.05,5672,23,151792,26.756918737881193
0.05,5673,81,151873,26.766478674656327
0.05,5674,43,151916,26.769339207048457
0.05,5675,20,151936,26.76814658210007
0.05,5676,34,151970,26.769420468557335
0.05,5677,86,152056,26.779852060584712
0.05,5678,93,152149,26.79151259024476
0.05,5679,94,152243,26.803345070422534
0.05,5680,62,152305,26.809540573842632
0.05,5681,66,152371,26.816437873988033
0.05,5682,-24,152347,26.80749604082351
0.05,5683,85,152432,26.817733990147783
0.05,5684,30,152462,26.81829375549692
0.05,5685,86,152548,26.8287020752726
0.05,5686,93,152641,26.840337612097766
0.05,5687,-267,152374,26.788677918424753
0.05,5688,-33,152341,26.778168395148533
0.05,5689,-59,152282,26.76309314586995
0.05,5690,94,152376,26.774907749077492
0.05,5691,89,152465,26.78583977512298
0.05,5692,56,152521,26.790971368347094
0.05,5693,-17,152504,26.783280646294344
0.05,5694,72,152576,26.79122036874451
0.05,5695,91,152667,26.80249297752809
0.05,5696,63,152730,26.808846761453395
0.05,5697,11,152741,26.806072306072306
0.05,5698,-48,152693,26.79294613090016
0.05,5699,-47,152646,26.78
0.05,5700,94,152740,26.79179091387476
0.05,5701,76,152816,26.800420904945632
0.05,5702,80,152896,26.809749254778186
0.05,5703,77,152973,26.818548387096776
0.05,5704,71,153044,26.826292725679227
0.05,5705,10,153054,26.823343848580443
0.05,5706,-9,153045,26.81706676011915
0.05,5707,80,153125,26.826384022424666
0.05,5708,60,153185,26.83219478017166
0.05,5709,24,153209,26.83169877408056
0.05,5710,64,153273,26.838206969007178
0.05,5711,-10,153263,26.831757703081234
0.05,5712,94,153357,26.843514790827935
0.05,5713,92,153449,26.854917745887295
0.05,5714,75,153524,26.86334208223972
0.05,5715,-19,153505,26.855318404478655
0.05,5716,24,153529,26.854818960993526
0.05,5717,93,153622,26.866386848548444
0.05,5718,70,153692,26.87392900856793
0.05,5719,66,153758,26.880769230769232
0.05,5720,-33,153725,26.870302394686245
0.05,5721,56,153781,26.87539321915414
0.05,5722,65,153846,26.882054866328847
0.05,5723,80,153926,26.89133473095737
0.05,5724,-174,153752,26.856244541484717
0.05,5725,-89,153663,26.83601117708697
0.05,5726,-238,153425,26.78976776671905
0.05,5727,53,153478,26.794343575418996
0.05,5728,39,153517,26.796474079245943
0.05,5729,6,153523,26.79284467713787
0.05,5730,26,153549,26.79270633397313
0.05,5731,35,153584,26.79413817166783
0.05,5732,16,153600,26.792255363683935
0.05,5733,91,153691,26.803453086850368
0.05,5734,-50,153641,26.790061028770705
0.05,5735,-23,153618,26.781380753138077
0.05,5736,19,153637,26.780024402998084
0.05,5737,35,153672,26.781456953642383
0.05,5738,22,153694,26.78062380205611
0.05,5739,-45,153649,26.768118466898954
0.05,5740,86,153735,26.778435812576205
0.05,5741,59,153794,26.784047370254267
0.05,5742,-8,153786,26.777990597248824
0.05,5743,87,153873,26.788474930362117
0.05,5744,90,153963,26.799477806788513
0.05,5745,24,153987,26.798990602158025
0.05,5746,-93,153894,26.778145119192622
0.05,5747,15,153909,26.776096033402922
0.05,5748,30,153939,26.77665680987998
0.05,5749,69,154008,26.784
0.05,5750,90,154098,26.794992175273865
0.05,5751,-114,153984,26.770514603616135
0.05,5752,20,154004,26.769337736832956
0.05,5753,62,154066,26.775460549183176
0.05,5754,79,154145,26.78453518679409
0.05,5755,82,154227,26.79412786657401
0.05,5756,87,154314,26.804585721730067
0.05,5757,-9,154305,26.798367488711357
0.05,5758,-89,154216,26.77826011460323
0.05,5759,31,154247,26.778993055555556
0.05,5760,78,154325,26.78788404790835
0.05,5761,37,154362,26.78965636931621
0.05,5762,-22,154340,26.781190352247094
0.05,5763,90,154430,26.79215822345593
0.05,5764,16,154446,26.79028620988725
0.05,5765,52,154498,26.794658342004855
0.05,5766,-52,154446,26.7809953181897
0.05,5767,-11,154435,26.774445214979195
0.05,5768,86,154521,26.784711388455538
0.05,5769,1,154522,26.780242634315425
0.05,5770,90,154612,26.79119736614105
0.05,5771,89,154701,26.801975051975052
0.05,5772,8,154709,26.79871817079508
0.05,5773,89,154798,26.809490820921372
0.05,5774,89,154887,26.82025974025974
0.05,5775,-42,154845,26.80834487534626
0.05,5776,7,154852,26.80491604639086
0.05,5777,-72,154780,26.787815853236413
0.05,5778,-164,154616,26.75480186883544
0.05,5779,92,154708,26.766089965397924
0.05,5780,62,154770,26.772184743124026
0.05,5781,34,154804,26.773434797647873
0.05,5782,-278,154526,26.720733183468788
0.05,5783,-37,154489,26.709716459197786
0.05,5784,94,154583,26.721348314606743
0.05,5785,63,154646,26.727618389215348
0.05,5786,53,154699,26.73215828581303
0.05,5787,78,154777,26.74101589495508
0.05,5788,90,154867,26.751943340818794
0.05,5789,60,154927,26.75768566493955
0.05,5790,-32,154895,26.747539285097567
0.05,5791,-46,154849,26.734979281767956
0.05,5792,34,154883,26.736233385119974
0.05,5793,74,154957,26.74439074905074
0.05,5794,-105,154852,26.721656600517687
0.05,5795,19,154871,26.72032436162871
0.05,5796,84,154955,26.730205278592376
0.05,5797,54,155009,26.73490858916868
0.05,5798,92,155101,26.74616313157441
0.05,5799,54,155155,26.750862068965517
0.05,5800,49,155204,26.754697465954145
0.05,5801,40,155244,26.756980351602895
0.05,5802,92,155336,26.768223332758918
0.05,5803,43,155379,26.7710199862164
0.05,5804,-19,155360,26.763135228251507
0.05,5805,45,155405,26.766276265931793
0.05,5806,70,155475,26.77372137075943
0.05,5807,-68,155407,26.75740358126722
0.05,5808,90,155497,26.76829058357721
0.05,5809,92,155589,26.779518072289157
0.05,5810,83,155672,26.789192909998278
0.05,5811,92,155764,26.80041293874742
0.05,5812,67,155831,26.807328401857905
0.05,5813,50,155881,26.811317509459926
0.05,5814,-203,155678,26.771797076526227
0.05,5815,-87,155591,26.75223521320495
0.05,5816,88,155679,26.762764311500774
0.05,5817,-15,155664,26.755586112066002
0.05,5818,55,155719,26.7604399381337
0.05,5819,32,155751,26.76134020618557
0.05,5820,-211,155540,26.720494760350455
0.05,5821,88,155628,26.73102026794916
0.05,5822,80,155708,26.74016829812811
0.05,5823,-114,155594,26.716002747252748
0.05,5824,54,155648,26.72068669527897
0.05,5825,93,155741,26.73206316512187
0.05,5826,-70,155671,26.715462502145186
0.05,5827,90,155761,26.726321207961565
0.05,5828,69,155830,26.733573511751587
0.05,5829,86,155916,26.743739279588336
0.05,5830,11,155927,26.741039272852
0.05,5831,74,156001,26.749142661179697
0.05,5832,-27,155974,26.73992799588548
0.05,5833,67,156041,26.746828933836134
0.05,5834,74,156115,26.754927163667524
0.05,5835,25,156140,26.754626456477038
0.05,5836,89,156229,26.765290388898407
0.05,5837,-71,156158,26.748544021925316
0.05,5838,71,156229,26.756122623736943
0.05,5839,24,156253,26.755650684931506
0.05,5840,71,156324,26.763225475089882
0.05,5841,81,156405,26.772509414584047
0.05,5842,-126,156279,26.746363169604656
0.05,5843,58,156337,26.75171115674196
0.05,5844,-19,156318,26.74388366124893
0.05,5845,38,156356,26.74580910023948
0.05,5846,-48,156308,26.733025483153753
0.05,5847,-128,156180,26.70656634746922
0.05,5848,-179,156001,26.671396819969225
0.05,5849,-33,155968,26.66119658119658
0.05,5850,-61,155907,26.64621432233806
0.05,5851,-98,155809,26.624914559125084
0.05,5852,78,155887,26.633692123697248
0.05,5853,89,155976,26.64434574649812
0.05,5854,83,156059,26.65397096498719
0.05,5855,83,156142,26.663592896174862
0.05,5856,-177,155965,26.6288202151272
0.05,5857,89,156054,26.639467395015362
0.05,5858,-90,155964,26.619559651817717
0.05,5859,81,156045,26.628839590443686
0.05,5860,87,156132,26.6391400784849
0.05,5861,23,156155,26.638519276697373
0.05,5862,34,156189,26.639774859287055
0.05,5863,62,156251,26.645804911323328
0.05,5864,64,156315,26.652173913043477
0.05,5865,-59,156256,26.637572451414933
0.05,5866,51,156307,26.641724901994206
0.05,5867,84,156391,26.65149965916837
0.05,5868,95,156486,26.663145339921623
0.05,5869,42,156528,26.665758091993187
0.05,5870,48,156576,26.669391926417987
0.05,5871,85,156661,26.67932561307902
0.05,5872,27,156688,26.67938021454112
0.05,5873,44,156732,26.682328907048007
0.05,5874,28,156760,26.68255319148936
0.05,5875,74,156834,26.69060585432267
0.05,5876,54,156888,26.695252679938744
0.05,5877,62,156950,26.70125893160939
0.05,5878,91,157041,26.712195951692465
0.05,5879,29,157070,26.712585034013607
0.05,5880,7,157077,26.709233123618432
0.05,5881,74,157151,26.71727303638218
0.05,5882,12,157163,26.714771375148732
0.05,5883,89,157252,26.725356900067982
0.05,5884,88,157340,26.735768903993204
0.05,5885,-13,157327,26.729018008834522
0.05,5886,86,157413,26.73908612196365
0.05,5887,93,157506,26.750339673913043
0.05,5888,94,157600,26.76175921209034
0.05,5889,53,157653,26.766213921901528
0.05,5890,11,157664,26.763537599728398
0.05,5891,47,157711,26.766972165648337
0.05,5892,-89,157622,26.747327337519092
0.05,5893,65,157687,26.7538174414659
0.05,5894,-112,157575,26.73027989821883
0.05,5895,6,157581,26.726763907734057
0.05,5896,-267,157314,26.676954383584874
0.05,5897,-1,157313,26.672261783655475
0.05,5898,69,157382,26.679437192744533
0.05,5899,48,157430,26.683050847457626
0.05,5900,90,157520,26.693780715133027
0.05,5901,73,157593,26.701626567265333
0.05,5902,-210,157383,26.661528036591562
0.05,5903,94,157477,26.672933604336045
0.05,5904,49,157526,26.67671464860288
0.05,5905,85,157611,26.68658990856756
0.05,5906,94,157705,26.6979854410022
0.05,5907,-345,157360,26.635071090047393
0.05,5908,26,157386,26.634963614824844
0.05,5909,34,157420,26.63620981387479
0.05,5910,-17,157403,26.62882760954153
0.05,5911,69,157472,26.63599458728011
0.05,5912,29,157501,26.63639438525283
0.05,5913,-70,157431,26.62005410889415
0.05,5914,66,157497,26.626711749788672
0.05,5915,89,157586,26.637254901960784
0.05,5916,-48,157538,26.624640865303363
0.05,5917,-201,157337,26.58617776275769
0.05,5918,62,157399,26.59216083797939
0.05,5919,93,157492,26.603378378378377
0.05,5920,92,157584,26.614423239317684
0.05,5921,30,157614,26.61499493414387
0.05,5922,94,157708,26.62637177106196
0.05,5923,84,157792,26.63605671843349
0.05,5924,91,157883,26.646919831223627
0.05,5925,91,157974,26.65777927775903
0.05,5926,80,158054,26.666779146279737
0.05,5927,-64,157990,26.651484480431847
0.05,5928,68,158058,26.658458424692192
0.05,5929,-205,157853,26.619392917369307
0.05,5930,86,157939,26.62940482212106
0.05,5931,22,157961,26.62862440997977
0.05,5932,-137,157824,26.60104500252823
0.05,5933,52,157876,26.605325244354567
0.05,5934,85,157961,26.615164279696714
0.05,5935,90,158051,26.6258423180593
0.05,5936,33,158084,26.62691595081691
0.05,5937,-104,157980,26.60491748063321
0.05,5938,92,158072,26.61592860750968
0.05,5939,-206,157866,26.576767676767677
0.05,5940,89,157955,26.58727486955058
0.05,5941,35,157990,26.588690676539887
0.05,5942,91,158081,26.599528857479388
0.05,5943,-29,158052,26.590174966352624
0.05,5944,-160,157892,26.55878889823381
0.05,5945,44,157936,26.561722166162127
0.05,5946,38,157974,26.56364553556415
0.05,5947,85,158059,26.573470073974445
0.05,5948,80,158139,26.582450832072617
0.05,5949,60,158199,26.588067226890757
0.05,5950,48,158247,26.591665266341792
0.05,5951,75,158322,26.599798387096776
0.05,5952,-105,158217,26.577691920040316
0.05,5953,71,158288,26.58515283842795
0.05,5954,2,158290,26.581024349286313
0.05,5955,82,158372,26.59032907991941
0.05,5956,78,158450,26.59895920765486
0.05,5957,-96,158354,26.578382007385027
0.05,5958,-19,158335,26.570733344520892
0.05,5959,71,158406,26.578187919463087
0.05,5960,11,158417,26.575574568025498
0.05,5961,31,158448,26.576316672257633
0.05,5962,48,158496,26.579909441556264
0.05,5963,84,158580,26.58953722334004
0.05,5964,53,158633,26.593964794635372
0.05,5965,44,158677,26.59688233322159
0.05,5966,-15,158662,26.589911178146473
0.05,5967,33,158695,26.590985254691688
0.05,5968,34,158729,26.592226503601943
0.05,5969,94,158823,26.6035175879397
0.05,5970,76,158899,26.611790319879418
0.05,5971,93,158992,26.622906898861352
0.05,5972,57,159049,26.627992633517497
0.05,5973,81,159130,26.63709407432206
0.05,5974,-131,158999,26.61071129707113
0.05,5975,48,159047,26.61429049531459
0.05,5976,49,159096,26.618035803915006
0.05,5977,-28,159068,26.60889929742389
0.05,5978,59,159127,26.614316775380498
0.05,5979,91,159218,26.625083612040132
0.05,5980,90,159308,26.635679652232067
0.05,5981,-38,159270,26.624874623871616
0.05,5982,-187,159083,26.589169313053652
0.05,5983,-116,158967,26.56534090909091
0.05,5984,91,159058,26.576106934001672
0.05,5985,-179,158879,26.5417641162713
0.05,5986,46,158925,26.54501419742776
0.05,5987,58,158983,26.550267201068806
0.05,5988,89,159072,26.560694606779094
0.05,5989,-24,159048,26.552253756260434
0.05,5990,72,159120,26.55983975963946
0.05,5991,90,159210,26.570427236315087
0.05,5992,93,159303,26.581511763724347
0.05,5993,-71,159232,26.565231898565234
0.05,5994,69,159301,26.57231025854879
0.05,5995,84,159385,26.58188792528352
0.05,5996,56,159441,26.58679339669835
0.05,5997,14,159455,26.584694898299432
0.05,5998,72,159527,26.592265377562928
0.05,5999,62,159589,26.598166666666668
0.05,6000,91,159680,26.608898516913847
0.05,6001,-18,159662,26.601466177940686
0.05,6002,-16,159646,26.594369481925703
0.05,6003,-110,159536,26.57161892071952
0.05,6004,19,159555,26.57035803497086
0.05,6005,64,159619,26.576590076590076
0.05,6006,48,159667,26.58015648410188
0.05,6007,43,159710,26.582889480692412
0.05,6008,-1,159709,26.578299217839906
0.05,6009,94,159803,26.589517470881862
0.05,6010,-9,159794,26.58359673931126
0.05,6011,88,159882,26.593812375249502
0.05,6012,93,159975,26.604856145019124
0.05,6013,-55,159920,26.591286997006982
0.05,6014,81,160001,26.60033250207814
0.05,6015,81,160082,26.609375
0.05,6016,41,160123,26.611766661126808
0.05,6017,-84,160039,26.59338650714523
0.05,6018,90,160129,26.603920917095863
0.05,6019,85,160214,26.613621262458473
0.05,6020,68,160282,26.62049493439628
0.05,6021,92,160374,26.63135171039522
0.05,6022,13,160387,26.62908849410593
0.05,6023,88,160475,26.639276228419654
0.05,6024,87,160562,26.64929460580913
0.05,6025,-32,160530,26.639561898440093
0.05,6026,-153,160377,26.609756097560975
0.05,6027,64,160441,26.61595885865959
0.05,6028,64,160505,26.622159562116437
0.05,6029,-11,160494,26.61592039800995
0.05,6030,86,160580,26.625766871165645
0.05,6031,88,160668,26.635941644562333
0.05,6032,89,160757,26.646278799933697
0.05,6033,86,160843,26.656115346370566
0.05,6034,74,160917,26.663960231980116
0.05,6035,92,161009,26.674784625579854
0.05,6036,-18,160991,26.667384462481365
0.05,6037,-26,160965,26.658661808545876
0.05,6038,-41,160924,26.647458188441796
0.05,6039,69,160993,26.654470198675497
0.05,6040,84,161077,26.66396292004635
0.05,6041,82,161159,26.673121482952666
0.05,6042,92,161251,26.683931821942743
0.05,6043,-109,161142,26.66148246194573
0.05,6044,66,161208,26.667990074441686
0.05,6045,92,161300,26.678795898114455
0.05,6046,56,161356,26.683644782536796
0.05,6047,-41,161315,26.672453703703702
0.05,6048,-112,161203,26.64952884774343
0.05,6049,-48,161155,26.63719008264463
0.05,6050,-44,161111,26.625516443563047
0.05,6051,23,161134,26.62491738268341
0.05,6052,90,161224,26.63538741120106
0.05,6053,76,161300,26.64354146019161
0.05,6054,-135,161165,26.616845582163503
0.05,6055,92,161257,26.627642007926024
0.05,6056,-101,161156,26.606570909691268
0.05,6057,73,161229,26.614229118520964
0.05,6058,45,161274,26.617263574847335
0.05,6059,-18,161256,26.60990099009901
0.05,6060,10,161266,26.607160534565253
0.05,6061,64,161330,26.613328934345102
0.05,6062,-102,161228,26.592116114134917
0.05,6063,87,161315,26.60207783641161
0.05,6064,78,161393,26.61055234954658
0.05,6065,-222,161171,26.569568084404878
0.05,6066,77,161248,26.57788033624526
0.05,6067,-25,161223,26.569380355965723
0.05,6068,26,161249,26.56928653814467
0.05,6069,85,161334,26.578912685337727
0.05,6070,48,161382,26.582441113490365
0.05,6071,-62,161320,26.567852437417656
0.05,6072,90,161410,26.578297381854107
0.05,6073,38,161448,26.58017780704643
0.05,6074,33,161481,26.581234567901234
0.05,6075,87,161568,26.59117840684661
0.05,6076,91,161659,26.601777192693763
0.05,6077,73,161732,26.609410990457388
0.05,6078,-45,161687,26.59763118934035
0.05,6079,60,161747,26.603125
0.05,6080,-74,161673,26.58658115441539
0.05,6081,15,161688,26.584676093390332
0.05,6082,78,161766,26.593128390596746
0.05,6083,94,161860,26.604207758053914
0.05,6084,87,161947,26.614133114215285
0.05,6085,-176,161771,26.58084127505751
0.05,6086,34,161805,26.582060128141944
0.05,6087,90,161895,26.592477003942182
0.05,6088,94,161989,26.603547380522254
0.05,6089,-126,161863,26.57848932676519
0.05,6090,-288,161575,26.526842882942045
0.05,6091,94,161669,26.537918581746553
0.05,6092,48,161717,26.541440997866403
0.05,6093,58,161775,26.546603216278307
0.05,6094,47,161822,26.549958982772765
0.05,6095,-25,161797,26.541502624671917
0.05,6096,93,161890,26.552402821059538
0.05,6097,24,161914,26.551984257133487
0.05,6098,-31,161883,26.54254795868175
0.05,6099,-105,161778,26.520983606557376
0.05,6100,36,161814,26.522537288969023
0.05,6101,2,161816,26.51851851851852
0.05,6102,-126,161690,26.493527773226283
0.05,6103,47,161737,26.4968872870249
0.05,6104,50,161787,26.5007371007371
0.05,6105,49,161836,26.504421880117917
0.05,6106,59,161895,26.509742917962992
0.05,6107,94,161989,26.52079240340537
0.05,6108,69,162058,26.527745948600426
0.05,6109,-70,161988,26.511947626841245
0.05,6110,69,162057,26.518900343642613
0.05,6111,-15,162042,26.51210732984293
0.05,6112,63,162105,26.51807623098315
0.05,6113,-85,162020,26.499836440955185
0.05,6114,82,162102,26.508912510220767
0.05,6115,-17,162085,26.50179856115108
0.05,6116,26,162111,26.50171652770966
0.05,6117,-8,162103,26.496077149395227
0.05,6118,17,162120,26.49452524922373
0.05,6119,72,162192,26.501960784313727
0.05,6120,57,162249,26.50694330991668
0.05,6121,30,162279,26.507513884351518
0.05,6122,23,162302,26.50694104197289
0.05,6123,33,162335,26.50800130633573
0.05,6124,-2,162333,26.50334693877551
0.05,6125,57,162390,26.50832517140059
0.05,6126,94,162484,26.519340623469887
0.05,6127,70,162554,26.526436031331592
0.05,6128,88,162642,26.536465981399903
0.05,6129,60,162702,26.541924959216967
0.05,6130,87,162789,26.551786005545587
0.05,6131,-50,162739,26.539302022178735
0.05,6132,65,162804,26.5455731289744
0.05,6133,-52,162752,26.532768177372024
0.05,6134,12,162764,26.53039934800326
0.05,6135,66,162830,26.536831812255542
0.05,6136,49,162879,26.540492097115855
0.05,6137,-28,162851,26.531606386445095
0.05,6138,-24,162827,26.523375142531357
0.05,6139,46,162873,26.52654723127036
0.05,6140,89,162962,26.536720403843024
0.05,6141,94,163056,26.54770433083686
0.05,6142,-103,162953,26.526615660100926
0.05,6143,45,162998,26.529622395833332
0.05,6144,-13,162985,26.52318958502848
0.05,6145,71,163056,26.530426293524243
0.05,6146,14,163070,26.528387831462503
0.05,6147,50,163120,26.53220559531555
0.05,6148,-29,163091,26.523174499918685
0.05,6149,8,163099,26.520162601626016
0.05,6150,77,163176,26.52836937083401
0.05,6151,-129,163047,26.50308842652796
0.05,6152,-115,162932,26.480091012514222
0.05,6153,54,162986,26.48456288592785
0.05,6154,87,163073,26.494394800974817
0.05,6155,61,163134,26.5
0.05,6156,41,163175,26.502355043040442
0.05,6157,72,163247,26.50974342318935
0.05,6158,94,163341,26.520701412566975
0.05,6159,50,163391,26.524512987012987
0.05,6160,62,163453,26.530271059892875
0.05,6161,89,163542,26.540408958130477
0.05,6162,94,163636,26.551354859646278
0.05,6163,91,163727,26.56181051265412
0.05,6164,-16,163711,26.554906731549067
0.05,6165,89,163800,26.56503405773597
0.05,6166,94,163894,26.575968866547754
0.05,6167,10,163904,26.573281452658886
0.05,6168,72,163976,26.580645161290324
0.05,6169,-25,163951,26.572285251215558
0.05,6170,85,164036,26.581753362502024
0.05,6171,-149,163887,26.553305249513933
0.05,6172,-62,163825,26.538959987040336
0.05,6173,-29,163796,26.529964366699062
0.05,6174,65,163861,26.536194331983804
0.05,6175,77,163938,26.544365284974095
0.05,6176,72,164010,26.551724137931036
0.05,6177,85,164095,26.561184849465846
0.05,6178,-30,164065,26.552031072989156
0.05,6179,69,164134,26.558899676375404
0.05,6180,-81,164053,26.541498139459634
0.05,6181,61,164114,26.547072144936912
0.05,6182,33,164147,26.54811580139091
0.05,6183,15,164162,26.546248382923675
0.05,6184,89,164251,26.556345998383186
0.05,6185,13,164264,26.554154542515356
0.05,6186,-60,164204,26.540164861807014
0.05,6187,82,164286,26.54912734324499
0.05,6188,72,164358,26.55647115850703
0.05,6189,64,164422,26.562520193861065
0.05,6190,90,164512,26.572766919722177
0.05,6191,2,164514,26.5687984496124
0.05,6192,-36,164478,26.558695301146457
0.05,6193,82,164560,26.567646109137875
0.05,6194,84,164644,26.576916868442293
0.05,6195,84,164728,26.586184635248546
0.05,6196,74,164802,26.59383572696466
0.05,6197,-5,164797,26.588738302678284
0.05,6198,-68,164729,26.57347959348282
0.05,6199,54,164783,26.577903225806452
0.05,6200,85,164868,26.587324625060475
0.05,6201,1,164869,26.583198968074814
0.05,6202,94,164963,26.594067386748346
0.05,6203,92,165055,26.604609929078013
0.05,6204,-493,164562,26.520870265914585
0.05,6205,-64,164498,26.506284241057042
0.05,6206,-45,164453,26.49476397615595
0.05,6207,91,164544,26.50515463917526
0.05,6208,-21,164523,26.497503623771944
0.05,6209,-71,164452,26.48180354267311
0.05,6210,76,164528,26.4897762035099
0.05,6211,77,164605,26.497907276239538
0.05,6212,92,164697,26.508450024142928
0.05,6213,-20,164677,26.500965561635017
0.05,6214,55,164732,26.50555108608206
0.05,6215,71,164803,26.512709137709138
0.05,6216,-36,164767,26.50265401318964
0.05,6217,62,164829,26.508362817626246
0.05,6218,-20,164809,26.500884386557324
0.05,6219,-366,164443,26.437781350482314
0.05,6220,90,164533,26.447998714033115
0.05,6221,82,164615,26.456927033108325
0.05,6222,-146,164469,26.429214205367185
0.05,6223,41,164510,26.431555269922878
0.05,6224,-294,164216,26.380080321285142
0.05,6225,91,164307,26.390459363957596
0.05,6226,94,164401,26.401316845993254
0.05,6227,89,164490,26.411368015414258
0.05,6228,93,164583,26.422058115267298
0.05,6229,-46,164537,26.41043338683788
0.05,6230,25,164562,26.410207029369282
0.05,6231,91,164653,26.420571245186135
0.05,6232,65,164718,26.426760789347025
0.05,6233,94,164812,26.437600256657042
0.05,6234,93,164905,26.448275862068964
0.05,6235,32,164937,26.449166132135986
0.05,6236,47,164984,26.452461119127786
0.05,6237,70,165054,26.459442128887463
0.05,6238,70,165124,26.466420900785383
0.05,6239,24,165148,26.46602564102564
0.05,6240,68,165216,26.472680660150615
0.05,6241,31,165247,26.473405959628323
0.05,6242,38,165285,26.475252282556465
0.05,6243,43,165328,26.477898782831517
0.05,6244,91,165419,26.488230584467573
0.05,6245,49,165468,26.491834774255523
0.05,6246,94,165562,26.50264126780855
0.05,6247,48,165610,26.506081946222793
0.05,6248,2,165612,26.502160345655305
0.05,6249,74,165686,26.50976
0.05,6250,69,165755,26.516557350823867
0.05,6251,55,165810,26.521113243761995
0.05,6252,8,165818,26.518151287382057
0.05,6253,87,165905,26.52782219379597
0.05,6254,46,165951,26.53093525179856
0.05,6255,74,166025,26.538523017902815
0.05,6256,-34,165991,26.52884769058654
0.05,6257,75,166066,26.536593160754233
0.05,6258,34,166100,26.537785588752197
0.05,6259,18,166118,26.536421725239617
0.05,6260,30,166148,26.536974924133524
0.05,6261,0,166148,26.53273714468221
0.05,6262,-9,166139,26.527063707488423
0.05,6263,27,166166,26.52713920817369
0.05,6264,-273,165893,26.47932960893855
0.05,6265,84,165977,26.488509415895308
0.05,6266,78,166055,26.496728897399073
0.05,6267,52,166107,26.500797702616463
0.05,6268,64,166171,26.506779390652415
0.05,6269,78,166249,26.514992025518342
0.05,6270,89,166338,26.52495614734492
0.05,6271,49,166387,26.528539540816325
0.05,6272,-46,166341,26.516977522716402
0.05,6273,93,166434,26.527574115396877
0.05,6274,23,166457,26.527011952191234
0.05,6275,78,166535,26.53521351179095
0.05,6276,-118,166417,26.512187350645213
0.05,6277,90,166507,26.52230009557184
0.05,6278,77,166584,26.5303392259914
0.05,6279,56,166640,26.53503184713376
0.05,6280,-138,166502,26.508836172583983
0.05,6281,93,166595,26.519420566698503
0.05,6282,49,166644,26.522998567563267
0.05,6283,-34,166610,26.513367281985996
0.05,6284,1,166611,26.509307875894986
0.05,6285,71,166682,26.516385618835507
0.05,6286,85,166767,26.52568792746938
0.05,6287,-7,166760,26.520356234096692
0.05,6288,-1,166759,26.51598028303387
0.05,6289,88,166847,26.52575516693164
0.05,6290,-230,166617,26.48497854077253
0.05,6291,-182,166435,26.45184361093452
0.05,6292,-25,166410,26.44366756713809
0.05,6293,86,166496,26.453129965046077
0.05,6294,62,166558,26.458776806989675
0.05,6295,-70,166488,26.44345616264295
0.05,6296,-18,166470,26.43639828489757
0.05,6297,30,166500,26.43696411559225
0.05,6298,90,166590,26.447055088109224
0.05,6299,65,166655,26.453174603174602
0.05,6300,82,166737,26.461990160292018
0.05,6301,-13,166724,26.455728340209458
0.05,6302,71,166795,26.462795494209107
0.05,6303,-119,166676,26.439720812182742
0.05,6304,94,166770,26.450436161776366
0.05,6305,58,166828,26.455439264192833
0.05,6306,1,166829,26.45140320279055
0.05,6307,24,166853,26.451014584654406
0.05,6308,13,166866,26.448882548739896
0.05,6309,94,166960,26.45958795562599
0.05,6310,-67,166893,26.44477895737601
0.05,6311,56,166949,26.449461343472752
0.05,6312,-61,166888,26.43560906066846
0.05,6313,44,166932,26.43839087741527
0.05,6314,62,166994,26.444022169437847
0.05,6315,17,167011,26.442526915769474
0.05,6316,30,167041,26.443090074402406
0.05,6317,79,167120,26.451408673630898
0.05,6318,70,167190,26.458300363981643
0.05,6319,71,167261,26.46534810126582
0.05,6320,87,167348,26.474924853662394
0.05,6321,71,167419,26.481967731730464
0.05,6322,86,167505,26.491380673730824
0.05,6323,91,167596,26.501581277672358
0.05,6324,-305,167291,26.449169960474308
0.05,6325,-40,167251,26.438665823585204
0.05,6326,73,167324,26.446024972340762
0.05,6327,84,167408,26.4551201011378
0.05,6328,-40,167368,26.444620003160058
0.05,6329,41,167409,26.44691943127962
0.05,6330,-167,167242,26.416363923550783
0.05,6331,-3,167239,26.411718256475048
0.05,6332,-104,167135,26.39112584872888
0.05,6333,90,167225,26.401168298073888
0.05,6334,45,167270,26.40410418310971
0.05,6335,79,167349,26.412405303030305
0.05,6336,21,167370,26.411551207195835
0.05,6337,-135,167235,26.386083938150836
0.05,6338,-58,167177,26.37277173055687
0.05,6339,72,167249,26.379968454258677
0.05,6340,86,167335,26.38937076170951
0.05,6341,-225,167110,26.349731945758435
0.05,6342,43,167153,26.352356928897997
0.05,6343,94,167247,26.363020176544765
0.05,6344,16,167263,26.361386918833727
0.05,6345,86,167349,26.37078474629688
0.05,6346,94,167443,26.38144005041752
0.05,6347,-142,167301,26.354914933837428
0.05,6348,94,167395,26.36556938100488
0.05,6349,56,167451,26.370236220472442
0.05,6350,46,167497,26.37332703511258
0.05,6351,31,167528,26.37405541561713
0.05,6352,82,167610,26.382811270266018
0.05,6353,78,167688,26.390934844192635
0.05,6354,94,167782,26.40157356412274
0.05,6355,94,167876,26.412208936438013
0.05,6356,-128,167748,26.38791882963662
0.05,6357,25,167773,26.387700534759357
0.05,6358,78,167851,26.395816952350998
0.05,6359,76,167927,26.403616352201258
0.05,6360,41,167968,26.40591102027983
0.05,6361,-55,167913,26.393115372524363
0.05,6362,89,168002,26.402954581172402
0.05,6363,-2,168000,26.398491514770583
0.05,6364,90,168090,26.408483896307935
0.05,6365,0,168090,26.404335532516495
0.05,6366,-39,168051,26.3940631380556
0.05,6367,0,168051,26.389918341708544
0.05,6368,87,168138,26.39943476212906
0.05,6369,25,168163,26.399215070643642
0.05,6370,67,168230,26.405587819808506
0.05,6371,13,168243,26.403483992467045
0.05,6372,80,168323,26.411893927506668
0.05,6373,42,168365,26.414339504235958
0.05,6374,81,168446,26.422901960784312
0.05,6375,83,168529,26.43177540777917
0.05,6376,79,168608,26.440018817625845
0.05,6377,88,168696,26.44967074317968
0.05,6378,16,168712,26.448032606991692
0.05,6379,-36,168676,26.438244514106582
0.05,6380,-292,168384,26.388340385519513
0.05,6381,93,168477,26.39877781259793
0.05,6382,25,168502,26.398558671471093
0.05,6383,88,168590,26.408208020050125
0.05,6384,88,168678,26.41785434612373
0.05,6385,16,168694,26.41622298778578
0.05,6386,48,168742,26.419602317206827
0.05,6387,90,168832,26.429555416405762
0.05,6388,-22,168810,26.421975269995304
0.05,6389,82,168892,26.430672926447574
0.05,6390,91,168983,26.440776091378503
0.05,6391,-34,168949,26.431320400500624
0.05,6392,92,169041,26.441576724542468
0.05,6393,76,169117,26.44932749452612
0.05,6394,92,169209,26.459577795152462
0.05,6395,91,169300,26.469668542839276
0.05,6396,48,169348,26.473034234797563
0.05,6397,81,169429,26.48155673648015
0.05,6398,67,169496,26.487888732614472
0.05,6399,65,169561,26.49390625
0.05,6400,-22,169539,26.486330260896736
0.05,6401,93,169632,26.49671977507029
0.05,6402,85,169717,26.505856629704827
0.05,6403,70,169787,26.51264834478451
0.05,6404,-17,169770,26.505854800936767
0.05,6405,37,169807,26.507492975335623
0.05,6406,78,169885,26.515529889183707
0.05,6407,33,169918,26.5165418227216
0.05,6408,2,169920,26.512716492432517
0.05,6409,30,169950,26.513260530421217
0.05,6410,-22,169928,26.50569333957261
0.05,6411,89,170017,26.5154398003743
0.05,6412,-120,169897,26.492593170123186
0.05,6413,32,169929,26.493451824134706
0.05,6414,68,169997,26.49992205767732
0.05,6415,-145,169852,26.473192019950126
0.05,6416,77,169929,26.481065918653577
0.05,6417,21,169950,26.480211904019942
0.05,6418,81,170031,26.48870540582645
0.05,6419,-63,169968,26.474766355140186
0.05,6420,4,169972,26.471266157919327
0.05,6421,85,170057,26.480379943942697
0.05,6422,68,170125,26.4868441538222
0.05,6423,32,170157,26.487702366127024
0.05,6424,90,170247,26.497587548638133
0.05,6425,-62,170185,26.483815748521632
0.05,6426,94,170279,26.49432083398164
0.05,6427,29,170308,26.49471064094586
0.05,6428,-7,170301,26.489500699953336
0.05,6429,88,170389,26.499066874027992
0.05,6430,27,170416,26.499144767532265
0.05,6431,39,170455,26.50108830845771
0.05,6432,67,170522,26.507383802269548
0.05,6433,91,170613,26.517407522536526
0.05,6434,1,170614,26.513442113442114
0.05,6435,-143,170471,26.487103791174643
0.05,6436,61,170532,26.492465434208484
0.05,6437,-120,170412,26.469711090400747
0.05,6438,65,170477,26.47569498369312
0.05,6439,85,170562,26.484782608695653
0.05,6440,64,170626,26.49060704859494
0.05,6441,28,170654,26.49084135361689
0.05,6442,-62,170592,26.477106937761913
0.05,6443,-86,170506,26.459652389819986
0.05,6444,-5,170501,26.45477114041893
0.05,6445,82,170583,26.463388147688487
0.05,6446,-100,170483,26.443772297192492
0.05,6447,92,170575,26.453939205955336
0.05,6448,-33,170542,26.444720111645218
0.05,6449,68,170610,26.451162790697673
0.05,6450,94,170704,26.461633855216245
0.05,6451,-100,170604,26.44203347799132
0.05,6452,-114,170490,26.420269642026962
0.05,6453,78,170568,26.428261543229006
0.05,6454,91,170659,26.438264910921767
0.05,6455,-8,170651,26.432930607187114
0.05,6456,39,170690,26.43487687780703
0.05,6457,-103,170587,26.41483431402911
0.05,6458,78,170665,26.42282087010373
0.05,6459,-123,170542,26.39969040247678
0.05,6460,45,170587,26.402569261724192
0.05,6461,84,170671,26.41148251315382
0.05,6462,-48,170623,26.399969054618598
0.05,6463,10,170633,26.39743193069307
0.05,6464,77,170710,26.40525908739366
0.05,6465,16,170726,26.403649860810393
0.05,6466,86,170812,26.412865316220813
0.05,6467,86,170898,26.42207792207792
0.05,6468,61,170959,26.42742309475962
0.05,6469,20,170979,26.426429675425037
0.05,6470,40,171019,26.42852727553701
0.05,6471,60,171079,26.433714462299136
0.05,6472,90,171169,26.44353468252742
0.05,6473,78,171247,26.451498300895892
0.05,6474,-31,171216,26.442625482625484
0.05,6475,10,171226,26.44008647313156
0.05,6476,-24,171202,26.432298903813493
0.05,6477,90,171292,26.44211176288978
0.05,6478,-50,171242,26.430313319956785
0.05,6479,86,171328,26.439506172839508
0.05,6480,86,171414,26.448696188859746
0.05,6481,20,171434,26.447701326751
0.05,6482,61,171495,26.45303100416474
0.05,6483,82,171577,26.461597779148672
0.05,6484,19,171596,26.460447185813415
0.05,6485,78,171674,26.468393462843046
0.05,6486,72,171746,26.475412363187914
0.05,6487,-95,171651,26.456689272503084
0.05,6488,94,171745,26.467098166127293
0.05,6489,23,171768,26.466563944530048
0.05,6490,-122,171646,26.443691264828225
0.05,6491,72,171718,26.45070856438694
0.05,6492,51,171769,26.454489450177114
0.05,6493,67,171836,26.460732984293195
0.05,6494,-48,171788,26.44926866820631
0.05,6495,64,171852,26.455049261083744
0.05,6496,-26,171826,26.446975527166384
0.05,6497,89,171915,26.456602031394276
0.05,6498,91,172006,26.466533312817358
0.05,6499,3,172009,26.462923076923076
0.05,6500,91,172100,26.47285033071835
0.05,6501,-552,171548,26.383881882497693
0.05,6502,79,171627,26.391972935568198
0.05,6503,82,171709,26.400522755227552
0.05,6504,18,171727,26.399231360491928
0.05,6505,70,171797,26.40593298493698
0.05,6506,17,171814,26.404487475026894
0.05,6507,88,171902,26.413952059004302
0.05,6508,88,171990,26.4234137348287
0.05,6509,55,172045,26.427803379416282
0.05,6510,43,172088,26.43034864076179
0.05,6511,47,172135,26.43350737100737
0.05,6512,42,172177,26.435897435897434
0.05,6513,25,172202,26.43567700337734
0.05,6514,6,172208,26.432540291634687
0.05,6515,93,172301,26.442756292203807
0.05,6516,89,172390,26.45235537824152
0.05,6517,93,172483,26.46256520405032
0.05,6518,75,172558,26.47001073784323
0.05,6519,-88,172470,26.45245398773006
0.05,6520,-13,172457,26.446403925778256
0.05,6521,80,172537,26.454615148727385
0.05,6522,39,172576,26.456538402575504
0.05,6523,-12,172564,26.450643776824034
0.05,6524,88,172652,26.46007662835249
0.05,6525,46,172698,26.463070793748084
0.05,6526,49,172747,26.46652367090547
0.05,6527,90,172837,26.47625612745098
0.05,6528,50,172887,26.479859090212898
0.05,6529,85,172972,26.488820826952526
0.05,6530,-70,172902,26.474046853468074
0.05,6531,-40,172862,26.463870177587264
0.05,6532,94,172956,26.474207867748355
0.05,6533,90,173046,26.48393021120294
0.05,6534,67,173113,26.490130068859983
0.05,6535,15,173128,26.488372093023255
0.05,6536,89,173217,26.497934832491968
0.05,6537,93,173310,26.508106454573262
0.05,6538,59,173369,26.513075393791098
0.05,6539,27,173396,26.5131498470948
0.05,6540,54,173450,26.517352086836876
0.05,6541,60,173510,26.522470192601652
0.05,6542,-120,173390,26.50007641754547
0.05,6543,93,173483,26.510238386308068
0.05,6544,-137,173346,26.48525592055004
0.05,6545,68,173414,26.491597922395357
0.05,6546,85,173499,26.500534595998168
0.05,6547,91,173590,26.51038485033598
0.05,6548,-14,173576,26.504199114368607
0.05,6549,47,173623,26.50732824427481
0.05,6550,83,173706,26.515951763089603
0.05,6551,92,173798,26.525946275946275
0.05,6552,88,173886,26.53532733099344
0.05,6553,-109,173777,26.514647543484894
0.05,6554,33,173810,26.515636918382913
0.05,6555,92,173902,26.52562538133008
0.05,6556,84,173986,26.53439072746683
0.05,6557,-68,173918,26.51997560231778
0.05,6558,-140,173778,26.49458758957158
0.05,6559,84,173862,26.503353658536586
0.05,6560,86,173948,26.512421886907482
0.05,6561,94,174042,26.522706491923195
0.05,6562,-35,174007,26.51333231753771
0.05,6563,79,174086,26.52132845825716
0.05,6564,15,174101,26.51957349581112
0.05,6565,-113,173988,26.498324703015534
0.05,6566,22,174010,26.497639713720115
0.05,6567,81,174091,26.505937880633375
0.05,6568,-116,173975,26.48424417719592
0.05,6569,-385,173590,26.421613394216134
0.05,6570,-717,172873,26.308476639780856
0.05,6571,94,172967,26.318776628119295
0.05,6572,-105,172862,26.2987981134946
0.05,6573,46,172908,26.30179494980225
0.05,6574,61,172969,26.307072243346006
0.05,6575,26,172995,26.307025547445257
0.05,6576,40,173035,26.30910749581876
0.05,6577,-41,172994,26.298875038005473
0.05,6578,-49,172945,26.287429700562395
0.05,6579,-133,172812,26.26322188449848
0.05,6580,54,172866,26.267436559793346
0.05,6581,85,172951,26.276359769067152
0.05,6582,-9,172942,26.27100106334498
0.05,6583,-5,172937,26.266251518833535
0.05,6584,50,172987,26.269855732725894
0.05,6585,85,173072,26.27877315517765
0.05,6586,-6,173066,26.273872779717625
0.05,6587,94,173160,26.284153005464482
0.05,6588,-36,173124,26.27470025800577
0.05,6589,-20,173104,26.267678300455234
0.05,6590,-19,173085,26.260810195721437
0.05,6591,62,173147,26.266231796116504
0.05,6592,84,173231,26.274988624298498
0.05,6593,88,173319,26.28434940855323
0.05,6594,81,173400,26.292645943896893
0.05,6595,-86,173314,26.275621588841723
0.05,6596,82,173396,26.284068515992118
0.05,6597,-34,173362,26.274931797514398
0.05,6598,87,173449,26.284133959690863
0.05,6599,76,173525,26.291666666666668
0.05,6600,93,173618,26.301772458718375
0.05,6601,12,173630,26.29960617994547
0.05,6602,36,173666,26.301075268817204
0.05,6603,93,173759,26.311175045427014
0.05,6604,64,173823,26.316881150643454
0.05,6605,-157,173666,26.289131092945805
0.05,6606,51,173717,26.292871197215074
0.05,6607,81,173798,26.301150121065376
0.05,6608,90,173888,26.310788318958995
0.05,6609,86,173974,26.31981845688351
0.05,6610,18,173992,26.318559975797914
0.05,6611,85,174077,26.327434966727164
0.05,6612,-84,173993,26.31075154997732
0.05,6613,84,174077,26.319473843362566
0.05,6614,52,174129,26.323356009070295
0.05,6615,-51,174078,26.311668681983072
0.05,6616,67,174145,26.317817742179237
0.05,6617,57,174202,26.322453913569053
0.05,6618,92,174294,26.33237649191721
0.05,6619,53,174347,26.33640483383686
0.05,6620,-313,174034,26.285153300105723
0.05,6621,90,174124,26.294774992449412
0.05,6622,56,174180,26.299260154008756
0.05,6623,10,174190,26.296799516908212
0.05,6624,11,174201,26.294490566037737
0.05,6625,72,174273,26.301388469664957
0.05,6626,55,174328,26.305719028217897
0.05,6627,-65,174263,26.291943270971636
0.05,6628,16,174279,26.29039070749736
0.05,6629,-86,174193,26.27345399698341
0.05,6630,-28,174165,26.265269190167395
0.05,6631,94,174259,26.275482509047045
0.05,6632,89,174348,26.28493894165536
0.05,6633,69,174417,26.2913777509798
0.05,6634,-175,174242,26.26103993971364
0.05,6635,-187,174055,26.2289029535865
0.05,6636,52,174107,26.23278589724273
0.05,6637,74,174181,26.23998192226574
0.05,6638,7,174188,26.237083898177435
0.05,6639,86,174274,26.246084337349398
0.05,6640,5,174279,26.24288510766451
0.05,6641,57,174336,26.247515808491418
0.05,6642,25,174361,26.247328014451302
0.05,6643,2,174363,26.24367850692354
0.05,6644,80,174443,26.251768246802108
0.05,6645,30,174473,26.252332229912728
0.05,6646,-26,174447,26.244471190010533
0.05,6647,-166,174281,26.21555354993983
0.05,6648,92,174373,26.225447435704616
0.05,6649,-33,174340,26.21654135338346
0.05,6650,94,174434,26.22673282213201
0.05,6651,94,174528,26.236921226698737
0.05,6652,10,174538,26.23448068540508
0.05,6653,-83,174455,26.218064322212204
0.05,6654,94,174549,26.2282494365139
0.05,6655,33,174582,26.229266826923077
0.05,6656,91,174673,26.238996544990236
0.05,6657,84,174757,26.247671973565634
0.05,6658,85,174842,26.256494969214597
0.05,6659,88,174930,26.265765765765767
0.05,6660,86,175016,26.27473352349497
0.05,6661,-99,174917,26.255929150405283
0.05,6662,62,174979,26.26129371154135
0.05,6663,91,175070,26.271008403361346
0.05,6664,94,175164,26.281170292573144
0.05,6665,94,175258,26.29132913291329
0.05,6666,-138,175120,26.266686665666718
0.05,6667,48,175168,26.26994601079784
0.05,6668,39,175207,26.27185485080222
0.05,6669,40,175247,26.27391304347826
0.05,6670,53,175300,26.277919352420927
0.05,6671,40,175340,26.27997601918465
0.05,6672,0,175340,26.276037764124084
0.05,6673,-102,175238,26.256817500749175
0.05,6674,89,175327,26.26621722846442
0.05,6675,-30,175297,26.257789095266627
0.05,6676,-58,175239,26.245169986520892
0.05,6677,-129,175110,26.221922731356695
0.05,6678,93,175203,26.23192094624944
0.05,6679,33,175236,26.232934131736528
0.05,6680,16,175252,26.231402484657984
0.05,6681,-334,174918,26.177491768931457
0.05,6682,43,174961,26.18000897800389
0.05,6683,-1,174960,26.175942549371634
0.05,6684,82,175042,26.184293193717277
0.05,6685,34,175076,26.185462159736762
0.05,6686,-9,175067,26.180200388814118
0.05,6687,83,175150,26.188696172248804
0.05,6688,85,175235,26.197488413813723
0.05,6689,89,175324,26.206875934230194
0.05,6690,67,175391,26.212972649828128
0.05,6691,77,175468,26.22056186491333
0.05,6692,80,175548,26.228597041685344
0.05,6693,-333,175215,26.174932775619958
0.05,6694,81,175296,26.183121732636295
0.05,6695,-55,175241,26.17099761051374
0.05,6696,-53,175188,26.159175750335972
0.05,6697,54,175242,26.163332338011347
0.05,6698,76,175318,26.170771756978652
0.05,6699,34,175352,26.17194029850746
0.05,6700,-39,175313,26.16221459483659
0.05,6701,60,175373,26.167263503431812
0.05,6702,91,175464,26.176935700432644
0.05,6703,22,175486,26.17631264916468
0.05,6704,-50,175436,26.164951528709917
0.05,6705,-26,175410,26.15717268118103
0.05,6706,93,175503,26.1671388101983
0.05,6707,-16,175487,26.160852713178294
0.05,6708,18,175505,26.159636309435086
0.05,6709,92,175597,26.169448584202684
0.05,6710,79,175676,26.17732081656981
0.05,6711,75,175751,26.1845947556615
0.05,6712,79,175830,26.19246238641442
0.05,6713,-131,175699,26.169049746797736
0.05,6714,22,175721,26.16842889054356
0.05,6715,77,175798,26.17599761762954
0.05,6716,49,175847,26.179395563495607
0.05,6717,28,175875,26.179666567430782
0.05,6718,36,175911,26.181128144069056
0.05,6719,25,175936,26.18095238095238
0.05,6720,67,176003,26.18702574021723
0.05,6721,94,176097,26.197113954180303
0.05,6722,-140,175957,26.172393276810947
0.05,6723,-82,175875,26.156305770374775
0.05,6724,79,175954,26.164163568773233
0.05,6725,89,176043,26.17350579839429
0.05,6726,92,176135,26.183291214508696
0.05,6727,62,176197,26.188614744351963
0.05,6728,51,176248,26.19230197651954
0.05,6729,81,176329,26.200445765230313
0.05,6730,-145,176184,26.175011142475114
0.05,6731,-21,176163,26.16800356506239
0.05,6732,94,176257,26.17807812267934
0.05,6733,3,176260,26.174636174636174
0.05,6734,7,176267,26.171789161098737
0.05,6735,-231,176036,26.133610451306414
0.05,6736,15,176051,26.131957844738015
0.05,6737,92,176143,26.141733452062926
0.05,6738,-21,176122,26.134738091705
0.05,6739,91,176213,26.144362017804156
0.05,6740,86,176299,26.153241358848835
0.05,6741,58,176357,26.15796499555028
0.05,6742,73,176430,26.16491176034406
0.05,6743,-42,176388,26.154804270462634
0.05,6744,94,176482,26.1648628613788
0.05,6745,80,176562,26.17284316632078
0.05,6746,69,176631,26.179190751445088
0.05,6747,-40,176591,26.169383521043272
0.05,6748,-340,176251,26.11512816713587
0.05,6749,-111,176140,26.094814814814814
0.05,6750,-85,176055,26.078358761664937
0.05,6751,46,176101,26.081309241706162
0.05,6752,3,176104,26.077891307567008
0.05,6753,-102,176002,26.058928042641398
0.05,6754,-634,175368,25.96121391561806
0.05,6755,24,175392,25.960923623445826
0.05,6756,59,175451,25.965813230723693
0.05,6757,62,175513,25.971145309263097
0.05,6758,3,175516,25.967746708092914
0.05,6759,38,175554,25.969526627218936
0.05,6760,66,175620,25.975447419020856
0.05,6761,65,175685,25.981218574386276
0.05,6762,50,175735,25.984770072453053
0.05,6763,63,175798,25.99024246008279
0.05,6764,-275,175523,25.945750184774575
0.05,6765,-37,175486,25.93644694058528
0.05,6766,82,175568,25.9447317866115
0.05,6767,22,175590,25.944148936170212
0.05,6768,-13,175577,25.93839562712365
0.05,6769,82,175659,25.946676514032497
0.05,6770,92,175751,25.956431841677745
0.05,6771,-28,175723,25.94846426461902
0.05,6772,4,175727,25.945223682267827
0.05,6773,40,175767,25.94729849424269
0.05,6774,-47,175720,25.93653136531365
0.05,6775,66,175786,25.94244391971665
0.05,6776,22,175808,25.941862180906007
0.05,6777,80,175888,25.94983771023901
0.05,6778,-30,175858,25.941584304469686
0.05,6779,-26,175832,25.93392330383481
0.05,6780,-162,175670,25.906208523816545
0.05,6781,-41,175629,25.896343261574756
0.05,6782,65,175694,25.902108211705734
0.05,6783,75,175769,25.909345518867923
0.05,6784,78,175847,25.917022844509948
0.05,6785,-36,175811,25.907898614795165
0.05,6786,71,175882,25.914542507735376
0.05,6787,3,175885,25.911166764879198
0.05,6788,86,175971,25.92001767565179
0.05,6789,57,176028,25.92459499263623
0.05,6790,57,176085,25.92917096156678
0.05,6791,58,176143,25.93389281507656
0.05,6792,64,176207,25.939496540556455
0.05,6793,38,176245,25.941271710332646
0.05,6794,93,176338,25.95114054451803
0.05,6795,84,176422,25.959682165979988
0.05,6796,89,176511,25.9689568927468
0.05,6797,-39,176472,25.959399823477494
0.05,6798,78,176550,25.967053978526256
0.05,6799,39,176589,25.968970588235294
0.05,6800,92,176681,25.978679605940304
0.05,6801,-11,176670,25.97324316377536
0.05,6802,-21,176649,25.966338380126416
0.05,6803,64,176713,25.971928277483833
0.05,6804,82,176795,25.98016164584864
0.05,6805,-105,176690,25.960916838084042
0.05,6806,61,176751,25.966064345526664
0.05,6807,86,176837,25.97488249118684
0.05,6808,93,176930,25.98472609781172
0.05,6809,-17,176913,25.9784140969163
0.05,6810,89,177002,25.987667009249744
0.05,6811,89,177091,25.996917204932473
0.05,6812,16,177107,25.995449875238513
0.05,6813,-52,177055,25.984003522160258
0.05,6814,75,177130,25.991195891415995
0.05,6815,-20,177110,25.984448356807512
0.05,6816,-101,177009,25.965820742261993
0.05,6817,19,177028,25.9647990613083
0.05,6818,36,177064,25.966270714180965
0.05,6819,88,177152,25.975366568914957
0.05,6820,-36,177116,25.966280604017005
0.05,6821,-10,177106,25.9610085019056
0.05,6822,0,177106,25.957203576139527
0.05,6823,35,177141,25.95852872215709
0.05,6824,19,177160,25.957509157509158
0.05,6825,48,177208,25.96073835335482
0.05,6826,90,177298,25.97011864655046
0.05,6827,36,177334,25.971587580550672
0.05,6828,58,177392,25.976277639478695
0.05,6829,76,177468,25.983601756954613
0.05,6830,23,177491,25.983164983164983
0.05,6831,72,177563,25.989900468384075
0.05,6832,21,177584,25.989170203424557
0.05,6833,79,177663,25.99692712906058
0.05,6834,48,177711,26.00014630577908
0.05,6835,93,177804,26.009947337624343
0.05,6836,64,177868,26.015503875968992
0.05,6837,66,177934,26.021351272301843
0.05,6838,66,178000,26.02719695861968
0.05,6839,64,178064,26.032748538011695
0.05,6840,68,178132,26.03888320420991
0.05,6841,19,178151,26.03785442852967
0.05,6842,79,178230,26.045594037702763
0.05,6843,84,178314,26.05406195207481
0.05,6844,93,178407,26.06384222059898
0.05,6845,46,178453,26.066754309085596
0.05,6846,59,178512,26.071564188695778
0.05,6847,-63,178449,26.058557242990656
0.05,6848,-35,178414,26.049642283545044
0.05,6849,92,178506,26.0592700729927
0.05,6850,18,178524,26.0580937089476
0.05,6851,88,178612,26.06713368359603
0.05,6852,18,178630,26.065956515394717
0.05,6853,50,178680,26.069448497227896
0.05,6854,-133,178547,26.046243617797227
0.05,6855,0,178547,26.042444574095683
0.05,6856,77,178624,26.049876039084147
0.05,6857,-161,178463,26.02260134149898
0.05,6858,79,178542,26.030325120279926
0.05,6859,87,178629,26.039212827988337
0.05,6860,5,178634,26.036146334353592
0.05,6861,-14,178620,26.03031186243078
0.05,6862,32,178652,26.03118169896547
0.05,6863,73,178725,26.038024475524477
0.05,6864,49,178774,26.04136926438456
0.05,6865,90,178864,26.050684532478883
0.05,6866,-17,178847,26.044415319644678
0.05,6867,91,178938,26.053873034362258
0.05,6868,1,178939,26.050225651477653
0.05,6869,57,178996,26.054730713246
0.05,6870,-67,178929,26.041187600058215
0.05,6871,80,179009,26.049039580908033
0.05,6872,-57,178952,26.036956205441584
0.05,6873,77,179029,26.04437009019494
0.05,6874,14,179043,26.04261818181818
0.05,6875,87,179130,26.051483420593367
0.05,6876,77,179207,26.058891958702922
0.05,6877,73,179280,26.06571677813318
0.05,6878,84,179364,26.074138682948103
0.05,6879,87,179451,26.082994186046513
0.05,6880,64,179515,26.08850457782299
0.05,6881,55,179570,26.092705608834642
0.05,6882,60,179630,26.097631846578526
0.05,6883,-131,179499,26.074811156304474
0.05,6884,-166,179333,26.046913580246912
0.05,6885,55,179388,26.05111821086262
0.05,6886,-6,179382,26.046464353129085
0.05,6887,17,179399,26.045150987224158
0.05,6888,78,179477,26.052692698504863
0.05,6889,93,179570,26.062409288824384
0.05,6890,3,179573,26.059062545349008
0.05,6891,34,179607,26.060214741729542
0.05,6892,84,179691,26.06862033947483
0.05,6893,-56,179635,26.05671598491442
0.05,6894,86,179721,26.065409717186366
0.05,6895,91,179812,26.074825986078885
0.05,6896,80,179892,26.082644628099175
0.05,6897,46,179938,26.085532038271964
0.05,6898,66,180004,26.0913175822583
0.05,6899,93,180097,26.101014492753624
0.05,6900,89,180186,26.110128966816404
0.05,6901,93,180279,26.119820341929877
0.05,6902,37,180316,26.12139649427785
0.05,6903,28,180344,26.12166859791425
0.05,6904,-47,180297,26.111078928312818
0.05,6905,-17,180280,26.10483637416739
0.05,6906,5,180285,26.101780802084843
0.05,6907,90,180375,26.111030689056168
0.05,6908,75,180450,26.118106817194963
0.05,6909,84,180534,26.126483357452965
0.05,6910,32,180566,26.12733323686876
0.05,6911,87,180653,26.136140046296298
0.05,6912,51,180704,26.139736727903948
0.05,6913,49,180753,26.143043100954586
0.05,6914,92,180845,26.152566883586406
0.05,6915,83,180928,26.160786581839215
0.05,6916,33,180961,26.16177533612838
0.05,6917,23,180984,26.16131830008673
0.05,6918,-67,180917,26.14785373608903
0.05,6919,35,180952,26.149132947976877
0.05,6920,62,181014,26.154312960554833
0.05,6921,23,181037,26.15385726668593
0.05,6922,-101,180936,26.135490394337715
0.05,6923,92,181028,26.145002888503754
0.05,6924,79,181107,26.152635379061373
0.05,6925,83,181190,26.16084319953797
0.05,6926,-64,181126,26.14782734228382
0.05,6927,64,181190,26.153290993071593
0.05,6928,-8,181182,26.14836195699235
0.05,6929,86,181268,26.156998556998555
0.05,6930,31,181299,26.157697301976626
0.05,6931,78,181377,26.165175995383727
0.05,6932,86,181463,26.173806433001587
0.05,6933,92,181555,26.183299682722815
0.05,6934,86,181641,26.191925018024513
0.05,6935,-159,181482,26.16522491349481
0.05,6936,94,181576,26.175003603863342
0.05,6937,71,181647,26.181464398962238
0.05,6938,89,181736,26.190517365614642
0.05,6939,91,181827,26.19985590778098
0.05,6940,67,181894,26.205734044085865
0.05,6941,48,181942,26.208873523480264
0.05,6942,73,182015,26.215612847472276
0.05,6943,28,182043,26.215869815668203
0.05,6944,85,182128,26.224334053275737
0.05,6945,93,182221,26.233947595738556
0.05,6946,47,182268,26.23693680725493
0.05,6947,-12,182256,26.231433506044905
0.05,6948,91,182347,26.240754065333142
0.05,6949,-208,182139,26.20705035971223
0.05,6950,86,182225,26.21565242411164
0.05,6951,-199,182026,26.18325661680092
0.05,6952,-43,181983,26.173306486408745
0.05,6953,93,182076,26.182916307161346
0.05,6954,73,182149,26.18964773544213
0.05,6955,86,182235,26.198246118458883
0.05,6956,63,182298,26.203536006899526
0.05,6957,-39,182259,26.194164989939637
0.05,6958,-16,182243,26.188101738755567
0.05,6959,33,182276,26.189080459770114
0.05,6960,-53,182223,26.17770435282287
0.05,6961,-30,182193,26.16963516230968
0.05,6962,78,182271,26.17707884532529
0.05,6963,84,182355,26.185381964388284
0.05,6964,82,182437,26.193395549174443
0.05,6965,93,182530,26.202985931668103
0.05,6966,-13,182517,26.19735897803933
0.05,6967,73,182590,26.204075774971297
0.05,6968,42,182632,26.20634237336777
0.05,6969,2,182634,26.20286944045911
0.05,6970,81,182715,26.210730167838186
0.05,6971,84,182799,26.219018932874356
0.05,6972,-316,182483,26.169941201778286
0.05,6973,-36,182447,26.161026670490394
0.05,6974,-25,182422,26.1536917562724
0.05,6975,56,182478,26.15797018348624
0.05,6976,89,182567,26.166977210835604
0.05,6977,94,182661,26.17669819432502
0.05,6978,-64,182597,26.16377704542198
0.05,6979,-20,182577,26.157163323782235
0.05,6980,-15,182562,26.151267726686722
0.05,6981,92,182654,26.160698940131766
0.05,6982,93,182747,26.17027065731061
0.05,6983,83,182830,26.17840778923253
0.05,6984,0,182830,26.174659985683608
0.05,6985,-12,182818,26.16919553392499
0.05,6986,88,182906,26.17804494060398
0.05,6987,91,182997,26.187321121923297
0.05,6988,73,183070,26.19401917298612
0.05,6989,50,183120,26.197424892703864
0.05,6990,-29,183091,26.189529394936347
0.05,6991,83,183174,26.197654462242564
0.05,6992,-9,183165,26.192621192621193
0.05,6993,-57,183108,26.180726336860165
0.05,6994,-72,183036,26.166690493209437
0.05,6995,-21,183015,26.159948542024015
0.05,6996,80,183095,26.16764327568958
0.05,6997,49,183144,26.17090597313518
0.05,6998,30,183174,26.171453064723533
0.05,6999,3,183177,26.168142857142858
0.05,7000,10,183187,26.165833452363948
0.05,7001,77,183264,26.173093401885176
0.05,7002,89,183353,26.182064829358847
0.05,7003,59,183412,26.186750428326672
0.05,7004,67,183479,26.192576730906495
0.05,7005,6,183485,26.18969454753069
0.05,7006,-219,183266,26.154702440416727
0.05,7007,-88,183178,26.138413242009133
0.05,7008,70,183248,26.14467113710943
0.05,7009,6,183254,26.141797432239656
0.05,7010,84,183338,26.150049921551847
0.05,7011,92,183430,26.159440958357102
0.05,7012,-84,183346,26.143733067160987
0.05,7013,92,183438,26.153122326775023
0.05,7014,-77,183361,26.1384176764077
0.05,7015,2,183363,26.134977194982895
0.05,7016,80,183443,26.14265355565056
0.05,7017,87,183530,26.15132516386435
0.05,7018,18,183548,26.150163841002993
0.05,7019,-10,183538,26.145014245014245
0.05,7020,55,183593,26.149124056402222
0.05,7021,51,183644,26.15266305895756
0.05,7022,38,183682,26.154349992880537
0.05,7023,80,183762,26.162015945330296
0.05,7024,-11,183751,26.156725978647685
0.05,7025,13,183764,26.15485340165101
0.05,7026,79,183843,26.162373701437314
0.05,7027,90,183933,26.17145702902675
0.05,7028,80,184013,26.17911509460805
0.05,7029,92,184105,26.188477951635846
0.05,7030,-23,184082,26.181482008249183
0.05,7031,43,184125,26.183873720136518
0.05,7032,90,184215,26.19294753305844
0.05,7033,94,184309,26.202587432470857
0.05,7034,7,184316,26.199857853589197
0.05,7035,43,184359,26.20224559408755
0.05,7036,19,184378,26.201222111695326
0.05,7037,5,184383,26.19820971867008
0.05,7038,89,184472,26.207131694843017
0.05,7039,-17,184455,26.200994318181817
0.05,7040,59,184514,26.2056526061639
0.05,7041,73,184587,26.21229764271514
0.05,7042,30,184617,26.21283543944342
0.05,7043,-7,184610,26.208120386144238
0.05,7044,-116,184494,26.18793470546487
0.05,7045,74,184568,26.194720408742548
0.05,7046,84,184652,26.202923229743153
0.05,7047,77,184729,26.210130533484676
0.05,7048,86,184815,26.218612569158747
0.05,7049,92,184907,26.227943262411348
0.05,7050,8,184915,26.2253581052333
0.05,7051,24,184939,26.225042541123084
0.05,7052,47,184986,26.227988090174392
0.05,7053,72,185058,26.23447689254324
0.05,7054,94,185152,26.244082211197732
0.05,7055,78,185230,26.25141723356009
0.05,7056,-33,185197,26.24302111378773
0.05,7057,70,185267,26.24922074241995
0.05,7058,66,185333,26.254851962034284
0.05,7059,-149,185184,26.230028328611898
0.05,7060,49,185233,26.23325308030024
0.05,7061,6,185239,26.230387992070234
0.05,7062,-91,185148,26.213790174146965
0.05,7063,-35,185113,26.205124575311437
0.05,7064,77,185190,26.212314225053078
0.05,7065,89,185279,26.221200113218227
0.05,7066,94,185373,26.230791000424507
0.05,7067,92,185465,26.240096208262592
0.05,7068,-27,185438,26.232564719196493
0.05,7069,-233,185205,26.195898161244696
0.05,7070,8,185213,26.193324847970583
0.05,7071,-106,185107,26.174632352941178
0.05,7072,-7,185100,26.169942033083558
0.05,7073,0,185100,26.16624257845632
0.05,7074,70,185170,26.172438162544168
0.05,7075,-182,184988,26.143018654607122
0.05,7076,91,185079,26.152183128444257
0.05,7077,21,185100,26.1514552133371
0.05,7078,83,185183,26.15948580307953
0.05,7079,86,185269,26.167937853107343
0.05,7080,-11,185258,26.1626888857506
0.05,7081,83,185341,26.170714487432928
0.05,7082,31,185372,26.1713963010024
0.05,7083,89,185461,26.180265386787127
0.05,7084,61,185522,26.18517995765702
0.05,7085,84,185606,26.193338978267004
0.05,7086,30,185636,26.193876111189503
0.05,7087,8,185644,26.191309255079005
0.05,7088,51,185695,26.194808858795316
0.05,7089,91,185786,26.20394922425952
0.05,7090,87,185873,26.212522916372865
0.05,7091,55,185928,26.2165820642978
0.05,7092,-276,185652,26.173974340899477
0.05,7093,-54,185598,26.16267268113899
0.05,7094,-49,185549,26.152078928823116
0.05,7095,-50,185499,26.141347237880495
0.05,7096,65,185564,26.146822601099057
0.05,7097,94,185658,26.156382079459004
0.05,7098,-106,185552,26.137765882518664
0.05,7099,64,185616,26.143098591549297
0.05,7100,-123,185493,26.122095479509927
0.05,7101,-36,185457,26.11334835257674
0.05,7102,38,185495,26.115021821765453
0.05,7103,83,185578,26.12302927927928
0.05,7104,92,185670,26.132301196340606
0.05,7105,87,185757,26.140866873065015
0.05,7106,-18,185739,26.134655972984383
0.05,7107,88,185827,26.143359594822734
0.05,7108,51,185878,26.146856097904067
0.05,7109,93,185971,26.156258790436006
0.05,7110,60,186031,26.161018140908453
0.05,7111,75,186106,26.167885264341958
0.05,7112,63,186169,26.173063405033037
0.05,7113,21,186190,26.172336238403147
0.05,7114,76,186266,26.179339423752634
0.05,7115,53,186319,26.18310848791456
0.05,7116,90,186409,26.192075312631726
0.05,7117,26,186435,26.192048328182075
0.05,7118,91,186526,26.201151847169545
0.05,7119,19,186545,26.2001404494382
0.05,7120,91,186636,26.20924027524224
0.05,7121,-271,186365,26.16750912664982
0.05,7122,71,186436,26.173803172820442
0.05,7123,9,186445,26.171392476137
0.05,7124,91,186536,26.180491228070174
0.05,7125,93,186629,26.189868088689305
0.05,7126,0,186629,26.186193349235303
0.05,7127,86,186715,26.194584736251404
0.05,7128,-90,186625,26.178285874596718
0.05,7129,-8,186617,26.173492286115007
0.05,7130,89,186706,26.182302622353106
0.05,7131,77,186783,26.18942793045429
0.05,7132,25,186808,26.189261180428993
0.05,7133,9,186817,26.18685169610317
0.05,7134,88,186905,26.19551506657323
0.05,7135,72,186977,26.201933856502244
0.05,7136,93,187070,26.21129326047359
0.05,7137,57,187127,26.215606612496497
0.05,7138,10,187137,26.213335201008544
0.05,7139,30,187167,26.213865546218486
0.05,7140,37,187204,26.215375997759416
0.05,7141,72,187276,26.22178661439373
0.05,7142,94,187370,26.231275374492512
0.05,7143,84,187454,26.23936170212766
0.05,7144,90,187544,26.248285514345696
0.05,7145,75,187619,26.25510775258886
0.05,7146,46,187665,26.257870435147613
0.05,7147,-13,187652,26.252378287632904
0.05,7148,92,187744,26.261575045460905
0.05,7149,91,187835,26.270629370629372
0.05,7150,-65,187770,26.257866032722696
0.05,7151,-177,187593,26.22944630872483
0.05,7152,51,187644,26.23290926883825
0.05,7153,92,187736,26.24210232038021
0.05,7154,42,187778,26.244304682040532
0.05,7155,-18,187760,26.238121855785355
0.05,7156,91,187851,26.24717060220763
0.05,7157,92,187943,26.256356524168762
0.05,7158,90,188033,26.265260511244588
0.05,7159,64,188097,26.270530726256982
0.05,7160,-134,187963,26.248149699762603
0.05,7161,88,188051,26.256771851438145
0.05,7162,37,188088,26.25827167387966
0.05,7163,92,188180,26.267448352875487
0.05,7164,57,188237,26.271737613398464
0.05,7165,85,188322,26.279933017024838
0.05,7166,-85,188237,26.26440630668341
0.05,7167,66,188303,26.269949776785715
0.05,7168,41,188344,26.272004463662995
0.05,7169,51,188395,26.275453277545328
0.05,7170,92,188487,26.28461860270534
0.05,7171,93,188580,26.293920803123257
0.05,7172,25,188605,26.293740415446816
0.05,7173,93,188698,26.30303875104544
0.05,7174,9,188707,26.30062717770035
0.05,7175,87,188794,26.309085841694536
0.05,7176,9,188803,26.306674097812458
0.05,7177,26,188829,26.306631373641682
0.05,7178,61,188890,26.31146399219947
0.05,7179,6,188896,26.308635097493035
0.05,7180,81,188977,26.316251218493246
0.05,7181,76,189053,26.32316903369535
0.05,7182,36,189089,26.324516218850064
0.05,7183,1,189090,26.32099109131403
0.05,7184,85,189175,26.329157967988866
0.05,7185,-30,189145,26.321319231839688
0.05,7186,69,189214,26.327257548351188
0.05,7187,92,189306,26.336393989983307
0.05,7188,43,189349,26.338711920990402
0.05,7189,69,189418,26.344645340751043
0.05,7190,76,189494,26.351550549297734
0.05,7191,8,189502,26.348998887652947
0.05,7192,50,189552,26.352286945641595
0.05,7193,0,189552,26.34862385321101
0.05,7194,80,189632,26.356080611535788
0.05,7195,38,189670,26.35769872151195
0.05,7196,-4,189666,26.35348061692372
0.05,7197,90,189756,26.362322867463185
0.05,7198,89,189845,26.37102375329907
0.05,7199,-131,189714,26.349166666666665
0.05,7200,-5,189709,26.344813220386058
0.05,7201,82,189791,26.35254096084421
0.05,7202,26,189817,26.35249201721505
0.05,7203,9,189826,26.35008328706274
0.05,7204,94,189920,26.359472588480223
0.05,7205,76,189996,26.366361365528725
0.05,7206,60,190056,26.3710281670598
0.05,7207,-197,189859,26.34003884572697
0.05,7208,-116,189743,26.320294076848384
0.05,7209,84,189827,26.328294036061028
0.05,7210,89,189916,26.33698516155873
0.05,7211,75,189991,26.343732667775928
0.05,7212,94,190085,26.353112435879662
0.05,7213,79,190164,26.360410313279733
0.05,7214,49,190213,26.363548163548163
0.05,7215,65,190278,26.36890243902439
0.05,7216,80,190358,26.376333656644036
0.05,7217,19,190377,26.375311720698253
0.05,7218,-6,190371,26.370826984346863
0.05,7219,-95,190276,26.354016620498616
0.05,7220,90,190366,26.36283063287633
0.05,7221,84,190450,26.370811409581833
0.05,7222,34,190484,26.371867645022842
0.05,7223,19,190503,26.370847176079735
0.05,7224,-24,190479,26.36387543252595
0.05,7225,95,190574,26.373373927484085
0.05,7226,87,190661,26.38176283381763
0.05,7227,75,190736,26.388489208633093
0.05,7228,75,190811,26.395213722506572
0.05,7229,18,190829,26.39405255878285
0.05,7230,94,190923,26.403402019084496
0.05,7231,-78,190845,26.3889657079646
0.05,7232,-566,190279,26.307064841697773
0.05,7233,-21,190258,26.30052529720763
0.05,7234,34,190292,26.301589495507947
0.05,7235,71,190363,26.307766721945825
0.05,7236,-13,190350,26.30233522177698
0.05,7237,-103,190247,26.284470848300636
0.05,7238,67,190314,26.29009531703274
0.05,7239,73,190387,26.296546961325966
0.05,7240,-32,190355,26.288496064079546
0.05,7241,86,190441,26.296741231703948
0.05,7242,87,190528,26.305122186939112
0.05,7243,74,190602,26.311706239646604
0.05,7244,71,190673,26.317874396135267
0.05,7245,84,190757,26.325834943417057
0.05,7246,12,190769,26.323858148199253
0.05,7247,81,190850,26.331401766004415
0.05,7248,74,190924,26.337977652089943
0.05,7249,55,190979,26.34193103448276
0.05,7250,2,190981,26.33857398979451
0.05,7251,9,190990,26.336183121897406
0.05,7252,55,191045,26.340135116503514
0.05,7253,74,191119,26.346705266060106
0.05,7254,65,191184,26.352033080634044
0.05,7255,91,191275,26.360942668136715
0.05,7256,94,191369,26.370263194157364
0.05,7257,43,191412,26.37255442270598
0.05,7258,80,191492,26.379942140790742
0.05,7259,43,191535,26.382231404958677
0.05,7260,63,191598,26.38727448009916
0.05,7261,75,191673,26.393968603690443
0.05,7262,72,191745,26.400247831474598
0.05,7263,94,191839,26.40955396475771
0.05,7264,-77,191762,26.395320027529248
0.05,7265,-99,191663,26.378062207541976
0.05,7266,-14,191649,26.37250584835558
0.05,7267,72,191721,26.378783709411117
0.05,7268,79,191800,26.38602283670381
0.05,7269,89,191889,26.394635488308115
0.05,7270,-327,191562,26.346032182643377
0.05,7271,91,191653,26.35492299229923
0.05,7272,40,191693,26.356799120033
0.05,7273,80,191773,26.364173769590323
0.05,7274,35,191808,26.365360824742268
0.05,7275,92,191900,26.37438152831226
0.05,7276,92,191992,26.38339975264532
0.05,7277,3,191995,26.38018686452322
0.05,7278,94,192089,26.38947657645281
0.05,7279,38,192127,26.39107142857143
0.05,7280,37,192164,26.39252849883258
0.05,7281,24,192188,26.392199945070036
0.05,7282,-74,192114,26.378415488123025
0.05,7283,-65,192049,26.365870400878638
0.05,7284,69,192118,26.37172271791352
0.05,7285,68,192186,26.377436178973372
0.05,7286,81,192267,26.384932070811033
0.05,7287,23,192290,26.384467618002194
0.05,7288,58,192348,26.388805048703524
0.05,7289,-104,192244,26.370919067215365
0.05,7290,79,192323,26.37813742970786
0.05,7291,66,192389,26.383571036752606
0.05,7292,-87,192302,26.368024132730014
0.05,7293,7,192309,26.365368796270907
0.05,7294,-7,192302,26.36079506511309
0.05,7295,9,192311,26.35841557017544
0.05,7296,10,192321,26.356173770042485
0.05,7297,73,192394,26.36256508632502
0.05,7298,38,192432,26.364159473900536
0.05,7299,42,192474,26.366301369863013
0.05,7300,-63,192411,26.354061087522258
0.05,7301,93,192504,26.363188167625307
0.05,7302,84,192588,26.37108037792688
0.05,7303,84,192672,26.3789704271632
0.05,7304,-202,192470,26.347707049965777
0.05,7305,66,192536,26.353134410073913
0.05,7306,91,192627,26.361981661420554
0.05,7307,25,192652,26.361795292829775
0.05,7308,-39,192613,26.35285264742099
0.05,7309,-13,192600,26.34746922024624
0.05,7310,-92,192508,26.331281630419916
0.05,7311,60,192568,26.335886214442013
0.05,7312,-134,192434,26.31396143853412
0.05,7313,85,192519,26.321985233798195
0.05,7314,91,192610,26.330827067669173
0.05,7315,29,192639,26.33119190814653
0.05,7316,63,192702,26.336203362033622
0.05,7317,54,192756,26.33998360207707
0.05,7318,-315,192441,26.29334608553081
0.05,7319,90,192531,26.30204918032787
0.05,7320,94,192625,26.31129627100123
0.05,7321,-117,192508,26.291723572794318
0.05,7322,26,192534,26.2916837361737
0.05,7323,80,192614,26.299016930638995
0.05,7324,45,192659,26.301569965870307
0.05,7325,62,192721,26.306442806442806
0.05,7326,82,192803,26.314043947045175
0.05,7327,91,192894,26.3228711790393
0.05,7328,90,192984,26.33155955792059
0.05,7329,-59,192925,26.319918144611187
0.05,7330,30,192955,26.320420133678898
0.05,7331,69,193024,26.326241134751772
0.05,7332,79,193103,26.33342424655666
0.05,7333,-6,193097,26.32901554404145
0.05,7334,-89,193008,26.313292433537832
0.05,7335,-59,192949,26.301663031624862
0.05,7336,-42,192907,26.292353823088455
0.05,7337,4,192911,26.289315889888254
0.05,7338,23,192934,26.288867693146205
0.05,7339,-2,192932,26.2850136239782
0.05,7340,-115,192817,26.26576760659311
0.05,7341,94,192911,26.27499318986652
0.05,7342,93,193004,26.28408007626311
0.05,7343,91,193095,26.292892156862745
0.05,7344,-53,193042,26.28209666439755
0.05,7345,16,193058,26.280696977947184
0.05,7346,91,193149,26.289505920783995
0.05,7347,94,193243,26.298720740337508
0.05,7348,58,193301,26.30303442645258
0.05,7349,-116,193185,26.283673469387754
0.05,7350,55,193240,26.28757992109917
0.05,7351,-100,193140,26.270402611534276
0.05,7352,-59,193081,26.258805929552565
0.05,7353,-59,193022,26.247212401414195
0.05,7354,58,193080,26.251529571719917
0.05,7355,54,193134,26.25530179445351
0.05,7356,93,193227,26.264374065515835
0.05,7357,85,193312,26.27235661864637
0.05,7358,78,193390,26.279385786112243
0.05,7359,-2,193388,26.275543478260868
0.05,7360,92,193480,26.28447221844858
0.05,7361,61,193541,26.289187720728062
0.05,7362,76,193617,26.295939155235637
0.05,7363,44,193661,26.2983432916893
0.05,7364,85,193746,26.30631364562118
0.05,7365,93,193839,26.31536790659788
0.05,7366,47,193886,26.318175648160718
0.05,7367,-170,193716,26.291530944625407
0.05,7368,83,193799,26.299226489347266
0.05,7369,13,193812,26.29742198100407
0.05,7370,74,193886,26.30389363722697
0.05,7371,-245,193641,26.26709169831796
0.05,7372,35,193676,26.268276142682762
0.05,7373,-185,193491,26.239625711960944
0.05,7374,92,193583,26.248542372881356
0.05,7375,-38,193545,26.239831887201735
0.05,7376,25,193570,26.239663819981022
0.05,7377,63,193633,26.24464624559501
0.05,7378,84,193717,26.25247323485567
0.05,7379,82,193799,26.260027100271003
0.05,7380,-138,193661,26.237772659531228
0.05,7381,-179,193482,26.20997019777838
0.05,7382,81,193563,26.217391304347824
0.05,7383,7,193570,26.214788732394368
0.05,7384,39,193609,26.21651997291808
0.05,7385,48,193657,26.219469266179257
0.05,7386,80,193737,26.226749695410856
0.05,7387,-23,193714,26.220086626962644
0.05,7388,94,193808,26.229259710380294
0.05,7389,24,193832,26.22895805142084
0.05,7390,69,193901,26.23474496008659
0.05,7391,-270,193631,26.194669913419915
0.05,7392,82,193713,26.20221831462194
0.05,7393,71,193784,26.20827698133622
0.05,7394,87,193871,26.21649763353617
0.05,7395,-5,193866,26.21227690643591
0.05,7396,78,193944,26.219278085710425
0.05,7397,89,194033,26.227764260610975
0.05,7398,42,194075,26.229895931882687
0.05,7399,-35,194040,26.221621621621622
0.05,7400,-157,193883,26.19686528847453
0.05,7401,64,193947,26.201972439881114
0.05,7402,56,194003,26.20599756855329
0.05,7403,67,194070,26.211507293354945
0.05,7404,-120,193950,26.191762322754894
0.05,7405,83,194033,26.199432892249526
0.05,7406,60,194093,26.20399621979209
0.05,7407,94,194187,26.213147948164146
0.05,7408,12,194199,26.21122958563909
0.05,7409,-108,194091,26.193117408906883
0.05,7410,-132,193959,26.171771690729997
0.05,7411,-79,193880,26.157582298974635
0.05,7412,71,193951,26.16363145824902
0.05,7413,87,194038,26.171837065012138
0.05,7414,-31,194007,26.164126770060687
0.05,7415,26,194033,26.1641046386192
0.05,7416,73,194106,26.170419306997438
0.05,7417,76,194182,26.177136694526826
0.05,7418,-19,194163,26.17104731095835
0.05,7419,-22,194141,26.16455525606469
0.05,7420,-32,194109,26.156717423527827
0.05,7421,56,194165,26.160738345459446
0.05,7422,-573,193592,26.08002155462751
0.05,7423,79,193671,26.087149784482758
0.05,7424,72,193743,26.093333333333334
0.05,7425,46,193789,26.09601400484783
0.05,7426,87,193876,26.10421435303622
0.05,7427,36,193912,26.105546580506193
0.05,7428,8,193920,26.103109435994078
0.05,7429,73,193993,26.109421265141318
0.05,7430,-211,193782,26.077513120710538
0.05,7431,57,193839,26.081673842841766
0.05,7432,93,193932,26.090676711960178
0.05,7433,79,194011,26.09779391982782
0.05,7434,48,194059,26.100739744451918
0.05,7435,80,194139,26.107988165680474
0.05,7436,71,194210,26.114024472233428
0.05,7437,-201,194009,26.083490185533744
0.05,7438,26,194035,26.083478962226106
0.05,7439,90,194125,26.09206989247312
0.05,7440,31,194156,26.092729471845182
0.05,7441,1,194157,26.089357699543132
0.05,7442,89,194246,26.097810022840253
0.05,7443,20,194266,26.096990865126276
0.05,7444,92,194358,26.10584284754869
0.05,7445,3,194361,26.102739726027398
0.05,7446,87,194448,26.11091714784477
0.05,7447,76,194524,26.117615467239528
0.05,7448,72,194596,26.123775003356155
0.05,7449,-45,194551,26.114228187919462
0.05,7450,43,194594,26.116494430277815
0.05,7451,-74,194520,26.10305958132045
0.05,7452,77,194597,26.10988863544881
0.05,7453,65,194662,26.115105983364636
0.05,7454,90,194752,26.123675385647218
0.05,7455,-8,194744,26.119098712446352
0.05,7456,86,194830,26.12712887220062
0.05,7457,11,194841,26.125100563153662
0.05,7458,87,194928,26.133261831344683
0.05,7459,39,194967,26.13498659517426
0.05,7460,-20,194947,26.128803109502748
0.05,7461,72,195019,26.13495041543822
0.05,7462,-108,194911,26.116977086962347
0.05,7463,39,194950,26.118703108252948
0.05,7464,42,194992,26.120830542531817
0.05,7465,84,195076,26.12858290918832
0.05,7466,29,195105,26.128967456809963
0.05,7467,76,195181,26.135645420460634
0.05,7468,3,195184,26.132547864506627
0.05,7469,44,195228,26.134939759036143
0.05,7470,-21,195207,26.12863070539419
0.05,7471,39,195246,26.130353319057814
0.05,7472,-230,195016,26.096079218520007
0.05,7473,57,195073,26.1002140754616
0.05,7474,31,195104,26.10086956521739
0.05,7475,86,195190,26.10888175494917
0.05,7476,73,195263,26.115153136284608
0.05,7477,10,195273,26.112998127841667
0.05,7478,-34,195239,26.104960556224093
0.05,7479,49,195288,26.108021390374333
0.05,7480,31,195319,26.108675310787326
0.05,7481,-20,195299,26.1025126971398
0.05,7482,34,195333,26.103568087665376
0.05,7483,-136,195197,26.081908070550508
0.05,7484,84,195281,26.089645958583834
0.05,7485,-11,195270,26.08469142399145
0.05,7486,78,195348,26.091625484172567
0.05,7487,92,195440,26.10042735042735
0.05,7488,61,195501,26.105087461610363
0.05,7489,-103,195398,26.08785046728972
0.05,7490,82,195480,26.095314377252702
0.05,7491,29,195509,26.095702082221035
0.05,7492,-13,195496,26.090484452155344
0.05,7493,-18,195478,26.08460101414465
0.05,7494,-8,195470,26.08005336891261
0.05,7495,83,195553,26.08764674493063
0.05,7496,24,195577,26.08736828064559
0.05,7497,93,195670,26.096292344625233
0.05,7498,25,195695,26.096146152820378
0.05,7499,18,195713,26.095066666666668
0.05,7500,-29,195684,26.087721637115052
0.05,7501,95,195779,26.096907491335642
0.05,7502,93,195872,26.105824336931892
0.05,7503,-95,195777,26.089685501066096
0.05,7504,71,195848,26.095669553630913
0.05,7505,89,195937,26.104050093258728
0.05,7506,60,195997,26.108565339016916
0.05,7507,38,196035,26.110149174214172
0.05,7508,-105,195930,26.092688773471835
0.05,7509,58,195988,26.09693741677763
0.05,7510,35,196023,26.09812275329517
0.05,7511,76,196099,26.104765708200212
0.05,7512,26,196125,26.104751763609745
0.05,7513,63,196188,26.109661964333245
0.05,7514,-80,196108,26.095542248835663
0.05,7515,17,196125,26.094332091538053
0.05,7516,42,196167,26.09644805108421
0.05,7517,79,196246,26.103484969406757
0.05,7518,-76,196170,26.08990557254954
0.05,7519,67,196237,26.095345744680852
0.05,7520,88,196325,26.103576652040953
0.05,7521,17,196342,26.102366391917045
0.05,7522,88,196430,26.11059417785458
0.05,7523,76,196506,26.117224880382775
0.05,7524,86,196592,26.125182724252493
0.05,7525,93,196685,26.1340685623173
0.05,7526,8,196693,26.131659359638633
0.05,7527,94,196787,26.14067481402763
0.05,7528,94,196881,26.149687873555585
0.05,7529,-72,196809,26.136653386454185
0.05,7530,26,196835,26.13663524100385
0.05,7531,-158,196677,26.11218799787573
0.05,7532,-170,196507,26.086154254613035
0.05,7533,-63,196444,26.07432970533581
0.05,7534,42,196486,26.076443264764432
0.05,7535,59,196545,26.080812101910826
0.05,7536,76,196621,26.087435319092478
0.05,7537,-257,196364,26.049880604934994
0.05,7538,57,196421,26.05398593977981
0.05,7539,83,196504,26.06153846153846
0.05,7540,-196,196308,26.03209123458427
0.05,7541,91,196399,26.040705383187483
0.05,7542,-49,196350,26.030756993238764
0.05,7543,-252,196098,25.99390243902439
0.05,7544,79,196177,26.000927766732936
0.05,7545,-21,196156,25.99469917837265
0.05,7546,92,196248,26.003445077514243
0.05,7547,86,196334,26.011393746687865
0.05,7548,-7,196327,26.007020797456615
0.05,7549,91,196418,26.015629139072846
0.05,7550,83,196501,26.023175738312805
0.05,7551,47,196548,26.02595338983051
0.05,7552,83,196631,26.03349662385807
0.05,7553,92,196723,26.04222928249934
0.05,7554,65,196788,26.04738583719391
0.05,7555,85,196873,26.055187930121757
0.05,7556,22,196895,26.05465131666005
0.05,7557,88,196983,26.06284731410426
0.05,7558,68,197051,26.068395290382327
0.05,7559,-6,197045,26.06415343915344
0.05,7560,84,197129,26.071815897368072
0.05,7561,24,197153,26.07154192012695
0.05,7562,41,197194,26.073515800608224
0.05,7563,10,197204,26.071390798519303
0.05,7564,91,197295,26.07997356245869
0.05,7565,80,197375,26.08710018503833
0.05,7566,83,197458,26.09462138231796
0.05,7567,79,197537,26.10161205073996
0.05,7568,-36,197501,26.09340731932884
0.05,7569,-10,197491,26.088639365918098
0.05,7570,81,197572,26.095892220314358
0.05,7571,72,197644,26.101954569466454
0.05,7572,37,197681,26.103393635283243
0.05,7573,81,197762,26.110641668867178
0.05,7574,-13,197749,26.105478547854787
0.05,7575,94,197843,26.114440337909187
0.05,7576,75,197918,26.120892173683515
0.05,7577,87,198005,26.128925837951968
0.05,7578,-39,197966,26.12033249769099
0.05,7579,71,198037,26.126253298153035
0.05,7580,68,198105,26.13177681044717
0.05,7581,-56,198049,26.120944341862305
0.05,7582,92,198141,26.12963207173942
0.05,7583,61,198202,26.134229957805907
0.05,7584,84,198286,26.141858932102835
0.05,7585,80,198366,26.148958607962037
0.05,7586,75,198441,26.155397390272835
0.05,7587,-45,198396,26.146020031628886
0.05,7588,-43,198353,26.13690868362103
0.05,7589,91,198444,26.145454545454545
0.05,7590,60,198504,26.149914372282968
0.05,7591,79,198583,26.15687565858799
0.05,7592,-88,198495,26.14184116949822
0.05,7593,73,198568,26.148011588095866
0.05,7594,-10,198558,26.143252139565504
0.05,7595,-256,198302,26.106108478146393
0.05,7596,39,198341,26.10780571278136
0.05,7597,44,198385,26.110160568570677
0.05,7598,-35,198350,26.102118699828925
0.05,7599,59,198409,26.10644736842105
0.05,7600,-3,198406,26.102618076568874
0.05,7601,-170,198236,26.076821888976585
0.05,7602,68,198304,26.082335920031568
0.05,7603,-1,198303,26.07877432930037
0.05,7604,-60,198243,26.067455621301775
0.05,7605,-71,198172,26.054693662897712
0.05,7606,89,198261,26.062968318653873
0.05,7607,-39,198222,26.05441640378549
0.05,7608,36,198258,26.0557234853463
0.05,7609,61,198319,26.060315374507226
0.05,7610,21,198340,26.0596505058468
0.05,7611,42,198382,26.061744613767736
0.05,7612,55,198437,26.065545776960462
0.05,7613,92,198529,26.074205411084844
0.05,7614,-107,198422,26.05673013788575
0.05,7615,85,198507,26.064469537815125
0.05,7616,74,198581,26.070762767493765
0.05,7617,-49,198532,26.060908374901548
0.05,7618,-199,198333,26.031368946055913
0.05,7619,69,198402,26.03700787401575
0.05,7620,93,198495,26.045794515155492
0.05,7621,54,198549,26.049462083442666
0.05,7622,86,198635,26.057326511871967
0.05,7623,75,198710,26.063746065057714
0.05,7624,-62,198648,26.052196721311475
0.05,7625,-22,198626,26.045895620246526
0.05,7626,-55,198571,26.035269437524583
0.05,7627,77,198648,26.041950707918197
0.05,7628,91,198739,26.050465329663126
0.05,7629,-7,198732,26.04613368283093
0.05,7630,86,198818,26.05399030271262
0.05,7631,51,198869,26.05725890985325
0.05,7632,24,198893,26.056989388182892
0.05,7633,94,198987,26.065889441970132
0.05,7634,-104,198883,26.048853962017027
0.05,7635,-40,198843,26.04020429544264
0.05,7636,31,198874,26.040853738378946
0.05,7637,-65,198809,26.02893427598848
0.05,7638,-44,198765,26.01976698520749
0.05,7639,92,198857,26.028403141361256
0.05,7640,-175,198682,26.002093966758277
0.05,7641,92,198774,26.01073017534677
0.05,7642,92,198866,26.019364124035064
0.05,7643,76,198942,26.025902668759812
0.05,7644,82,199024,26.033224329627206
0.05,7645,81,199105,26.040413287993722
0.05,7646,91,199196,26.048908068523605
0.05,7647,93,199289,26.057662133891213
0.05,7648,88,199377,26.06576023009544
0.05,7649,92,199469,26.07437908496732
0.05,7650,40,199509,26.076199189648413
0.05,7651,-135,199374,26.05514898065865
0.05,7652,67,199441,26.060499150659872
0.05,7653,-29,199412,26.05330546119676
0.05,7654,42,199454,26.055388634879165
0.05,7655,93,199547,26.064132706374085
0.05,7656,17,199564,26.06294893561447
0.05,7657,82,199646,26.070253329851138
0.05,7658,94,199740,26.07912260086173
0.05,7659,-67,199673,26.06697127937337
0.05,7660,93,199766,26.07570813209764
0.05,7661,85,199851,26.083398590446357
0.05,7662,93,199944,26.09213101918309
0.05,7663,91,200035,26.100600208768267
0.05,7664,90,200125,26.10893672537508
0.05,7665,83,200208,26.116357944169057
0.05,7666,-134,200074,26.09547410982131
0.05,7667,-104,199970,26.07850808555034
0.05,7668,86,200056,26.086321554309556
0.05,7669,-30,200026,26.079009126466755
0.05,7670,64,200090,26.08395254855951
0.05,7671,94,200184,26.092805005213766
0.05,7672,-63,200121,26.081193796429037
0.05,7673,76,200197,26.087698722960646
0.05,7674,76,200273,26.094201954397395
0.05,7675,80,200353,26.101224596143826
0.05,7676,-27,200326,26.094307672267814
0.05,7677,84,200410,26.101849439958322
0.05,7678,89,200499,26.110040369839822
0.05,7679,8,200507,26.107682291666666
0.05,7680,51,200558,26.110923056893633
0.05,7681,-6,200552,26.106743035667794
0.05,7682,-45,200507,26.097487960432122
0.05,7683,-15,200492,26.092139510671526
0.05,7684,-46,200446,26.082758620689656
0.05,7685,70,200516,26.08847254748894
0.05,7686,23,200539,26.088070768830494
0.05,7687,80,200619,26.095083246618106
0.05,7688,-44,200575,26.085966965795294
0.05,7689,89,200664,26.09414824447334
0.05,7690,79,200743,26.101027174619684
0.05,7691,64,200807,26.105954238169527
0.05,7692,79,200886,26.11282984531392
0.05,7693,-44,200842,26.10371718221991
0.05,7694,-128,200714,26.08369070825211
0.05,7695,82,200796,26.090956340956343
0.05,7696,13,200809,26.089255554111993
0.05,7697,5,200814,26.08651597817615
0.05,7698,-122,200692,26.06728146512534
0.05,7699,-18,200674,26.061558441558443
0.05,7700,-75,200599,26.048435268146992
0.05,7701,86,200685,26.056219163853545
0.05,7702,-108,200577,26.038816045696482
0.05,7703,-1,200576,26.035306334371754
0.05,7704,90,200666,26.04360804672291
0.05,7705,66,200732,26.04879314819621
0.05,7706,-57,200675,26.03801738679123
0.05,7707,10,200685,26.035936689154127
0.05,7708,-75,200610,26.022830457906345
0.05,7709,-57,200553,26.01206225680934
0.05,7710,49,200602,26.015043444430034
0.05,7711,59,200661,26.019320539419088
0.05,7712,-24,200637,26.012835472578764
0.05,7713,-67,200570,26.00077780658543
0.05,7714,93,200663,26.00946208684381
0.05,7715,87,200750,26.01736651114567
0.05,7716,-233,200517,25.983801995594142
0.05,7717,88,200605,25.99183726353978
0.05,7718,79,200684,25.998704495400958
0.05,7719,83,200767,26.006088082901556
0.05,7720,5,200772,26.003367439450848
0.05,7721,-6,200766,25.999222999223
0.05,7722,9,200775,25.997021882688074
0.05,7723,91,200866,26.00543759709995
0.05,7724,73,200939,26.011521035598705
0.05,7725,93,201032,26.02019156096298
0.05,7726,57,201089,26.024200854147793
0.05,7727,79,201168,26.03105590062112
0.05,7728,7,201175,26.028593608487515
0.05,7729,72,201247,26.034540750323416
0.05,7730,36,201283,26.035829776225587
0.05,7731,76,201359,26.04229177444387
0.05,7732,-246,201113,26.007112375533428
0.05,7733,90,201203,26.01538660460305
0.05,7734,-17,201186,26.009825468648998
0.05,7735,49,201235,26.012797311271974
0.05,7736,31,201266,26.013441902546205
0.05,7737,-38,201228,26.005169294391315
0.05,7738,40,201268,26.006977645690657
0.05,7739,91,201359,26.015374677002583
0.05,7740,-161,201198,25.991215605218965
0.05,7741,93,201291,25.999870834409712
0.05,7742,48,201339,26.002712127082525
0.05,7743,-15,201324,25.9974173553719
0.05,7744,47,201371,26.000129115558426
0.05,7745,79,201450,26.006971340046476
0.05,7746,84,201534,26.014457209242288
0.05,7747,91,201625,26.02284460505937
0.05,7748,23,201648,26.02245451025939
0.05,7749,-9,201639,26.017935483870968
0.05,7750,50,201689,26.021029544574894
0.05,7751,75,201764,26.02734778121775
0.05,7752,75,201839,26.033664387978845
0.05,7753,24,201863,26.0334021150374
0.05,7754,-64,201799,26.021792392005157
0.05,7755,-59,201740,26.010830324909747
0.05,7756,78,201818,26.017532551244038
0.05,7757,-101,201717,26.001160092807424
0.05,7758,41,201758,26.003093182111098
0.05,7759,71,201829,26.00889175257732
0.05,7760,77,201906,26.015461925009664
0.05,7761,91,201997,26.023834063385724
0.05,7762,-113,201884,26.005925544248356
0.05,7763,83,201967,26.013266357547657
0.05,7764,43,202010,26.01545396007727
0.05,7765,93,202103,26.024079320113316
0.05,7766,58,202161,26.028196214754733
0.05,7767,93,202254,26.036817713697218
0.05,7768,68,202322,26.042219075814135
0.05,7769,-151,202171,26.01943371943372
0.05,7770,-39,202132,26.01106678677133
0.05,7771,77,202209,26.017627380339682
0.05,7772,-153,202056,25.994596680818216
0.05,7773,81,202137,26.001672240802677
0.05,7774,31,202168,26.00231511254019
0.05,7775,25,202193,26.00218621399177
0.05,7776,-205,201988,25.97248296258197
0.05,7777,-320,201668,25.928002057084083
0.05,7778,11,201679,25.926083044093073
0.05,7779,18,201697,25.925064267352184
0.05,7780,86,201783,25.932784989075955
0.05,7781,-15,201768,25.92752505782575
0.05,7782,72,201840,25.933444687138635
0.05,7783,54,201894,25.93705035971223
0.05,7784,32,201926,25.937829158638408
0.05,7785,-38,201888,25.92961726175186
0.05,7786,27,201915,25.929754719404134
0.05,7787,93,202008,25.938366718027734
0.05,7788,69,202077,25.943895236872514
0.05,7789,13,202090,25.942233632862646
0.05,7790,94,202184,25.95096906687203
0.05,7791,93,202277,25.959573921971252
0.05,7792,74,202351,25.965738483254203
0.05,7793,78,202429,25.972414677957403
0.05,7794,-220,202209,25.940859525336755
0.05,7795,-229,201980,25.90815802975885
0.05,7796,91,202071,25.916506348595615
0.05,7797,-16,202055,25.91113105924596
0.05,7798,69,202124,25.916655981536096
0.05,7799,90,202214,25.924871794871795
0.05,7800,-44,202170,25.91590821689527
0.05,7801,72,202242,25.921814919251474
0.05,7802,90,202332,25.930026912725875
0.05,7803,91,202423,25.93836494105587
0.05,7804,-22,202401,25.932222934016657
0.05,7805,39,202440,25.93389700230592
0.05,7806,89,202529,25.941975150505957
0.05,7807,68,202597,25.94736168032787
0.05,7808,51,202648,25.95056985529517
0.05,7809,69,202717,25.956081946222792
0.05,7810,89,202806,25.964153117398542
0.05,7811,89,202895,25.97222222222222
0.05,7812,-17,202878,25.966722129783694
0.05,7813,56,202934,25.97056565139493
0.05,7814,75,203009,25.976839411388355
0.05,7815,-180,202829,25.950486182190378
0.05,7816,79,202908,25.957272610976077
0.05,7817,47,202955,25.95996418521361
0.05,7818,3,202958,25.95702775290958
0.05,7819,-20,202938,25.951150895140664
0.05,7820,8,202946,25.948855645058178
0.05,7821,26,202972,25.94886218358476
0.05,7822,86,203058,25.95653841237377
0.05,7823,-105,202953,25.93980061349693
0.05,7824,61,203014,25.944281150159746
0.05,7825,48,203062,25.947099412215692
0.05,7826,93,203155,25.95566628337805
0.05,7827,-147,203008,25.933571793561573
0.05,7828,93,203101,25.942138204112915
0.05,7829,20,203121,25.94137931034483
0.05,7830,85,203206,25.94892095517814
0.05,7831,67,203273,25.954162410623084
0.05,7832,-52,203221,25.94421039193157
0.05,7833,76,203297,25.950599948940514
0.05,7834,83,203380,25.95788130185067
0.05,7835,44,203424,25.960183767228177
0.05,7836,-139,203285,25.939134873038153
0.05,7837,68,203353,25.944501148252105
0.05,7838,24,203377,25.944253093506823
0.05,7839,91,203468,25.952551020408162
0.05,7840,36,203504,25.95383241933427
0.05,7841,14,203518,25.95230808467228
0.05,7842,90,203608,25.960474308300395
0.05,7843,86,203694,25.968128505864353
0.05,7844,-78,203616,25.95487571701721
0.05,7845,82,203698,25.962018863114963
0.05,7846,13,203711,25.960367019243023
0.05,7847,50,203761,25.963430173292558
0.05,7848,83,203844,25.970696904064212
0.05,7849,76,203920,25.977070063694267
0.05,7850,92,204012,25.985479556744362
0.05,7851,-353,203659,25.937213448802854
0.05,7852,86,203745,25.94486183624093
0.05,7853,88,203833,25.95276292335116
0.05,7854,-46,203787,25.943602800763845
0.05,7855,94,203881,25.952265784114054
0.05,7856,52,203933,25.95558101056383
0.05,7857,58,203991,25.959658946296766
0.05,7858,22,204013,25.959155108792466
0.05,7859,-277,203736,25.9206106870229
0.05,7860,-76,203660,25.90764533774329
0.05,7861,-25,203635,25.901170185703382
0.05,7862,93,203728,25.909703675441943
0.05,7863,33,203761,25.91060528992879
0.05,7864,45,203806,25.91303242212333
0.05,7865,56,203862,25.916857360793287
0.05,7866,83,203945,25.924113385026057
0.05,7867,44,203989,25.926410777834267
0.05,7868,91,204080,25.934680391409326
0.05,7869,8,204088,25.932401524777635
0.05,7870,40,204128,25.93418879430822
0.05,7871,39,204167,25.935848577235774
0.05,7872,43,204210,25.938016004064526
0.05,7873,78,204288,25.944627889255777
0.05,7874,-42,204246,25.936
0.05,7875,64,204310,25.940832910106653
0.05,7876,56,204366,25.944648978037325
0.05,7877,36,204402,25.945925361766946
0.05,7878,-116,204286,25.927909633202184
0.05,7879,23,204309,25.92753807106599
0.05,7880,43,204352,25.929704352239565
0.05,7881,-11,204341,25.925019030702867
0.05,7882,88,204429,25.932893568438413
0.05,7883,-18,204411,25.92732115677321
0.05,7884,65,204476,25.932276474318325
0.05,7885,93,204569,25.940781131118438
0.05,7886,61,204630,25.94522632179536
0.05,7887,-68,204562,25.933316430020284
0.05,7888,64,204626,25.938141716313854
0.05,7889,39,204665,25.93979721166033
0.05,7890,90,204755,25.94791534659739
0.05,7891,-93,204662,25.932843385707045
0.05,7892,82,204744,25.939946788293426
0.05,7893,16,204760,25.93868761084368
0.05,7894,58,204818,25.9427485750475
0.05,7895,16,204834,25.94148936170213
0.05,7896,-124,204710,25.922502216031404
0.05,7897,85,204795,25.929982273993417
0.05,7898,94,204889,25.938599822762374
0.05,7899,69,204958,25.94405063291139
0.05,7900,73,205031,25.95000632831287
0.05,7901,87,205118,25.957732219691216
0.05,7902,74,205192,25.96381121093256
0.05,7903,15,205207,25.962424089068826
0.05,7904,67,205274,25.967615433270083
0.05,7905,25,205299,25.967493043258283
0.05,7906,84,205383,25.97483242696345
0.05,7907,24,205407,25.974582701062214
0.05,7908,19,205426,25.973700847136175
0.05,7909,41,205467,25.975600505689002
0.05,7910,52,205519,25.978890152951585
0.05,7911,20,205539,25.978134479271993
0.05,7912,92,205631,25.98647794768103
0.05,7913,-38,205593,25.978392721758908
0.05,7914,93,205686,25.986860391661402
0.05,7915,93,205779,25.99532592218292
0.05,7916,73,205852,26.00126310471138
0.05,7917,79,205931,26.007956554685528
0.05,7918,-115,205816,25.990150271498926
0.05,7919,77,205893,25.99659090909091
0.05,7920,81,205974,26.003534907208685
0.05,7921,74,206048,26.00959353698561
0.05,7922,58,206106,26.013631200302914
0.05,7923,-19,206087,26.007950530035334
0.05,7924,91,206178,26.01615141955836
0.05,7925,18,206196,26.015140045420136
0.05,7926,93,206289,26.02359026113284
0.05,7927,4,206293,26.020812310797176
0.05,7928,74,206367,26.026863412788497
0.05,7929,18,206385,26.025851197982345
0.05,7930,-104,206281,26.00945656285462
0.05,7931,74,206355,26.015506807866867
0.05,7932,-46,206309,26.006428841547965
0.05,7933,3,206312,26.003529115200404
0.05,7934,93,206405,26.011972274732198
0.05,7935,79,206484,26.018649193548388
0.05,7936,9,206493,26.016504976691444
0.05,7937,83,206576,26.02368354749307
0.05,7938,30,206606,26.024184406096484
0.05,7939,47,206653,26.02682619647355
0.05,7940,-45,206608,26.017881878856567
0.05,7941,58,206666,26.021908839083356
0.05,7942,46,206712,26.024424021150697
0.05,7943,62,206774,26.028952668680766
0.05,7944,88,206862,26.036752674638137
0.05,7945,25,206887,26.03662219984898
0.05,7946,33,206920,26.037498427079402
0.05,7947,90,207010,26.045546049320585
0.05,7948,18,207028,26.044533903635678
0.05,7949,-10,207018,26.04
0.05,7950,-66,206952,26.028424097597785
0.05,7951,61,207013,26.032821931589538
0.05,7952,25,207038,26.032692065887087
0.05,7953,76,207114,26.038974101081216
0.05,7954,89,207203,26.04688874921433
0.05,7955,62,207265,26.051407742584214
0.05,7956,80,207345,26.05818775920573
0.05,7957,93,207438,26.066599648152803
0.05,7958,88,207526,26.074381203668803
0.05,7959,-132,207394,26.054522613065327
0.05,7960,92,207486,26.062806180128124
0.05,7961,-175,207311,26.037553378548104
0.05,7962,77,207388,26.043953283938215
0.05,7963,74,207462,26.04997488699146
0.05,7964,79,207541,26.056622724419334
0.05,7965,79,207620,26.063268892794376
0.05,7966,-150,207470,26.04116982553031
0.05,7967,3,207473,26.0382781124498
0.05,7968,85,207558,26.045676998368677
0.05,7969,-12,207546,26.04090338770389
0.05,7970,76,207622,26.047170994856355
0.05,7971,76,207698,26.053437029603614
0.05,7972,91,207789,26.06158284209206
0.05,7973,54,207843,26.065086531226488
0.05,7974,85,207928,26.07247648902821
0.05,7975,77,208005,26.078861584754264
0.05,7976,45,208050,26.081233546446033
0.05,7977,-93,207957,26.0663073451993
0.05,7978,-26,207931,26.059781927559843
0.05,7979,-34,207897,26.052255639097744
0.05,7980,55,207952,26.055882721463476
0.05,7981,62,208014,26.060385868203458
0.05,7982,-26,207988,26.05386446198171
0.05,7983,-136,207852,26.033567134268537
0.05,7984,92,207944,26.041828428303067
0.05,7985,21,207965,26.041197094916104
0.05,7986,-20,207945,26.03543257793915
0.05,7987,81,208026,26.042313470205308
0.05,7988,86,208112,26.049818500438104
0.05,7989,-43,208069,26.041176470588237
0.05,7990,-69,208000,26.029282943311227
0.05,7991,27,208027,26.029404404404403
0.05,7992,-20,208007,26.023645689978732
0.05,7993,69,208076,26.029021766324743
0.05,7994,-72,208004,26.016760475297062
0.05,7995,68,208072,26.02201100550275
0.05,7996,-65,208007,26.0106289858697
0.05,7997,78,208085,26.01712928232058
0.05,7998,62,208147,26.021627703462933
0.05,7999,88,208235,26.029375
0.05,8000,63,208298,26.033995750531183
0.05,8001,41,208339,26.035866033491626
0.05,8002,66,208405,26.040859677620894
0.05,8003,94,208499,26.04935032483758
0.05,8004,88,208587,26.057089319175514
0.05,8005,86,208673,26.06457656757432
0.05,8006,59,208732,26.0686898963407
0.05,8007,94,208826,26.077172827172827
0.05,8008,93,208919,26.085528780122363
0.05,8009,65,208984,26.090387016229712
0.05,8010,78,209062,26.09686680813881
0.05,8011,93,209155,26.105217174238643
0.05,8012,56,209211,26.108947959565707
0.05,8013,57,209268,26.11280259545795
0.05,8014,-132,209136,26.093075483468496
0.05,8015,-195,208941,26.06549401197605
0.05,8016,93,209034,26.073843083447674
0.05,8017,90,209124,26.081815914193065
0.05,8018,91,209215,26.08991146028183
0.05,8019,-12,209203,26.085162094763092
0.05,8020,-86,209117,26.071188131155715
0.05,8021,58,209175,26.07516828721017
0.05,8022,73,209248,26.081017075906768
0.05,8023,-94,209154,26.0660518444666
0.05,8024,-43,209111,26.057445482866044
0.05,8025,67,209178,26.06254672314976
0.05,8026,77,209255,26.068892487853496
0.05,8027,93,209348,26.077229696063778
0.05,8028,-12,209336,26.072487233777558
0.05,8029,15,209351,26.071108343711085
0.05,8030,-43,209308,26.06250778234342
0.05,8031,75,209383,26.06860059760956
0.05,8032,87,209470,26.07618573384788
0.05,8033,71,209541,26.081777445855117
0.05,8034,-110,209431,26.064841319228375
0.05,8035,13,209444,26.063215530114483
0.05,8036,70,209514,26.06868234415827
0.05,8037,41,209555,26.07053993530729
0.05,8038,-149,209406,26.048762283866154
0.05,8039,-107,209299,26.03221393034826
0.05,8040,66,209365,26.03718442979729
0.05,8041,93,209458,26.045511066898783
0.05,8042,55,209513,26.0491110282233
0.05,8043,9,209522,26.046991546494283
0.05,8044,24,209546,26.046737103791173
0.05,8045,64,209610,26.05145413870246
0.05,8046,68,209678,26.056667080899715
0.05,8047,-93,209585,26.041873757455267
0.05,8048,94,209679,26.05031680954156
0.05,8049,-64,209615,26.03913043478261
0.05,8050,-35,209580,26.031548875916034
0.05,8051,36,209616,26.0327868852459
0.05,8052,-87,209529,26.018750776108284
0.05,8053,-27,209502,26.012167866898437
0.05,8054,69,209571,26.017504655493482
0.05,8055,46,209617,26.01998510427011
0.05,8056,-39,209578,26.011915104877747
0.05,8057,89,209667,26.019731943410275
0.05,8058,81,209748,26.026554163047525
0.05,8059,90,209838,26.034491315136478
0.05,8060,58,209896,26.03845676715048
0.05,8061,68,209964,26.043661622426196
0.05,8062,89,210053,26.051469676299146
0.05,8063,89,210142,26.059275793650794
0.05,8064,83,210225,26.06633601983881
0.05,8065,88,210313,26.07401438135383
0.05,8066,84,210397,26.081194991942482
0.05,8067,-26,210371,26.074739712444224
0.05,8068,3,210374,26.071880034700705
0.05,8069,85,210459,26.07918215613383
0.05,8070,94,210553,26.08759757155247
0.05,8071,-5,210548,26.08374628344896
0.05,8072,94,210642,26.092159048680788
0.05,8073,88,210730,26.099826603913797
0.05,8074,89,210819,26.10761609907121
0.05,8075,48,210867,26.11032689450223
0.05,8076,18,210885,26.109322768354588
0.05,8077,90,210975,26.11723198811587
0.05,8078,61,211036,26.121549696744648
0.05,8079,-33,211003,26.114232673267328
0.05,8080,8,211011,26.111991090211607
0.05,8081,47,211058,26.114575600098984
0.05,8082,-126,210932,26.09575652604231
0.05,8083,-48,210884,26.086590796635328
0.05,8084,-33,210851,26.079282622139765
0.05,8085,92,210943,26.08743507296562
0.05,8086,69,211012,26.092741436873997
0.05,8087,17,211029,26.091617210682493
0.05,8088,-66,210963,26.08023241438991
0.05,8089,12,210975,26.078491965389368
0.05,8090,93,211068,26.086763070077865
0.05,8091,-73,210995,26.074518042511123
0.05,8092,36,211031,26.075744470530086
0.05,8093,71,211102,26.081294786261427
0.05,8094,34,211136,26.08227300802965
0.05,8095,89,211225,26.09004446640316
0.05,8096,-48,211177,26.080894158330246
0.05,8097,-42,211135,26.072487033835515
0.05,8098,83,211218,26.079515989628348
0.05,8099,-118,211100,26.061728395061728
0.05,8100,56,211156,26.06542402172571
0.05,8101,86,211242,26.072821525549248
0.05,8102,19,211261,26.071948660989758
0.05,8103,-6,211255,26.06799111549852
0.05,8104,4,211259,26.0652683528686
0.05,8105,93,211352,26.073525783370343
0.05,8106,92,211444,26.081657826569632
0.05,8107,92,211536,26.089787863838186
0.05,8108,-17,211519,26.084474041188802
0.05,8109,81,211600,26.091245376078916
0.05,8110,16,211616,26.090001232893602
0.05,8111,94,211710,26.098372781065088
0.05,8112,23,211733,26.097990878836434
0.05,8113,62,211795,26.10241557801331
0.05,8114,25,211820,26.102279728897106
0.05,8115,82,211902,26.109167077378018
0.05,8116,90,211992,26.11703831464827
0.05,8117,-63,211929,26.106060606060606
0.05,8118,93,212022,26.11429979061461
0.05,8119,54,212076,26.117733990147784
0.05,8120,-36,212040,26.1100849649058
0.05,8121,87,212127,26.117581876385128
0.05,8122,89,212216,26.125323156469285
0.05,8123,74,212290,26.13121614967996
0.05,8124,-52,212238,26.1216
0.05,8125,-146,212092,26.10041841004184
0.05,8126,5,212097,26.09782207456626
0.05,8127,24,212121,26.097563976377952
0.05,8128,85,212206,26.10480993972198
0.05,8129,-40,212166,26.096678966789668
0.05,8130,60,212226,26.100848604107735
0.05,8131,27,212253,26.100959173635022
0.05,8132,35,212288,26.10205336284274
0.05,8133,-23,212265,26.096016719940987
0.05,8134,-72,212193,26.083958205285803
0.05,8135,75,212268,26.089970501474927
0.05,8136,54,212322,26.09340051616075
0.05,8137,90,212412,26.10125337920865
0.05,8138,90,212502,26.109104312569112
0.05,8139,91,212593,26.117076167076167
0.05,8140,95,212688,26.125537403267412
0.05,8141,93,212781,26.133750921149595
0.05,8142,-136,212645,26.11384010806828
0.05,8143,66,212711,26.11873772102161
0.05,8144,3,212714,26.115899324739104
0.05,8145,80,212794,26.12251411735821
0.05,8146,23,212817,26.12213084571008
0.05,8147,45,212862,26.124447717231224
0.05,8148,94,212956,26.13277702785618
0.05,8149,92,213048,26.14085889570552
0.05,8150,93,213141,26.149061464850938
0.05,8151,94,213235,26.157384690873407
0.05,8152,13,213248,26.15577088188397
0.05,8153,94,213342,26.164091243561444
0.05,8154,57,213399,26.167872470876762
0.05,8155,68,213467,26.173001471309465
0.05,8156,-34,213433,26.165624616893467
0.05,8157,55,213488,26.169159107624417
0.05,8158,-91,213397,26.154798382154677
0.05,8159,76,213473,26.160906862745097
0.05,8160,-56,213417,26.150839357921825
0.05,8161,80,213497,26.157436902719923
0.05,8162,-8,213489,26.15325248070562
0.05,8163,-54,213435,26.14343459088682
0.05,8164,69,213504,26.148683404776484
0.05,8165,73,213577,26.15442076904237
0.05,8166,44,213621,26.156605852822334
0.05,8167,91,213712,26.16454456415279
0.05,8168,30,213742,26.16501407761048
0.05,8169,-36,213706,26.157405140758875
0.05,8170,41,213747,26.15922163749847
0.05,8171,-132,213615,26.139867841409693
0.05,8172,-10,213605,26.135445980668052
0.05,8173,79,213684,26.14191338390017
0.05,8174,71,213755,26.147400611620796
0.05,8175,83,213838,26.1543542074364
0.05,8176,-219,213619,26.1243732420203
0.05,8177,90,213709,26.132183908045977
0.05,8178,52,213761,26.135346619391125
0.05,8179,17,213778,26.134229828850856
0.05,8180,14,213792,26.132746607994132
0.05,8181,-1,213791,26.129430457100952
0.05,8182,-102,213689,26.11377245508982
0.05,8183,-91,213598,26.099462365591396
0.05,8184,-9,213589,26.095174098961515
0.05,8185,50,213639,26.098094307354017
0.05,8186,70,213709,26.10345669964578
0.05,8187,83,213792,26.110405471421593
0.05,8188,94,213886,26.11869581145439
0.05,8189,92,213978,26.126739926739926
0.05,8190,83,214061,26.133683310951042
0.05,8191,19,214080,26.1328125
0.05,8192,92,214172,26.14085194678384
0.05,8193,-26,214146,26.134488650231877
0.05,8194,64,214210,26.139109212934716
0.05,8195,-10,214200,26.134699853587115
0.05,8196,-75,214125,26.12236183969745
0.05,8197,87,214212,26.129787753110516
0.05,8198,85,214297,26.136967922917428
0.05,8199,79,214376,26.143414634146342
0.05,8200,92,214468,26.151444945738323
0.05,8201,93,214561,26.159595220677883
0.05,8202,94,214655,26.167865415092038
0.05,8203,92,214747,26.175889809848854
0.05,8204,15,214762,26.174527726995734
0.05,8205,24,214786,26.17426273458445
0.05,8206,-158,214628,26.15182161569392
0.05,8207,83,214711,26.158747563352826
0.05,8208,56,214767,26.16238275063954
0.05,8209,77,214844,26.16857490864799
0.05,8210,22,214866,26.168067226890756
0.05,8211,51,214917,26.171091086215295
0.05,8212,-20,214897,26.165469377815658
0.05,8213,78,214975,26.171779887996106
0.05,8214,54,215029,26.175167376749847
0.05,8215,93,215122,26.18330087633885
0.05,8216,88,215210,26.190823901667276
0.05,8217,65,215275,26.195546361645167
0.05,8218,-46,215229,26.186762379851565
0.05,8219,71,215300,26.19221411192214
0.05,8220,41,215341,26.194015326602603
0.05,8221,15,215356,26.192653855509608
0.05,8222,85,215441,26.19980542381126
0.05,8223,85,215526,26.206955252918288
0.05,8224,86,215612,26.214224924012157
0.05,8225,72,215684,26.219790906880622
0.05,8226,94,215778,26.228029658441717
0.05,8227,93,215871,26.23614487117161
0.05,8228,-80,215791,26.22323490096002
0.05,8229,24,215815,26.222964763061967
0.05,8230,41,215856,26.224760053456446
0.05,8231,84,215940,26.23177842565598
0.05,8232,-13,215927,26.227013239402407
0.05,8233,60,215987,26.231114889482633
0.05,8234,59,216046,26.235094110503947
0.05,8235,0,216046,26.231908693540554
0.05,8236,91,216137,26.239771761563677
0.05,8237,83,216220,26.246661811119203
0.05,8238,88,216308,26.254157057895377
0.05,8239,71,216379,26.259587378640777
0.05,8240,79,216458,26.265987137483314
0.05,8241,22,216480,26.265469546226644
0.05,8242,-61,216419,26.254882930971732
0.05,8243,-31,216388,26.247937894226105
0.05,8244,35,216423,26.24899939357186
0.05,8245,80,216503,26.255517826825127
0.05,8246,91,216594,26.263368497635504
0.05,8247,94,216688,26.271580989330747
0.05,8248,-27,216661,26.265123045217603
0.05,8249,-10,216651,26.260727272727273
0.05,8250,31,216682,26.2613016604048
0.05,8251,94,216776,26.269510421715946
0.05,8252,36,216812,26.270689446261965
0.05,8253,73,216885,26.276350860188998
0.05,8254,92,216977,26.284312537855843
0.05,8255,93,217070,26.292393410852714
0.05,8256,84,217154,26.299382342255058
0.05,8257,68,217222,26.304432065875513
0.05,8258,91,217313,26.312265407434314
0.05,8259,-55,217258,26.30242130750605
0.05,8260,82,217340,26.30916353952306
0.05,8261,-173,217167,26.28503994190269
0.05,8262,-63,217104,26.274234539513493
0.05,8263,-91,217013,26.260043562439495
0.05,8264,60,217073,26.26412583182093
0.05,8265,22,217095,26.26360996854585
0.05,8266,14,217109,26.262126527156163
0.05,8267,-1,217108,26.25882922109337
0.05,8268,86,217194,26.26605393638892
0.05,8269,86,217280,26.273276904474002
0.05,8270,78,217358,26.279530891065168
0.05,8271,-67,217291,26.268254352030947
0.05,8272,19,217310,26.267375800797776
0.05,8273,63,217373,26.27181532511482
0.05,8274,59,217432,26.275770392749244
0.05,8275,-122,217310,26.25785403576607
0.05,8276,91,217401,26.265675969554188
0.05,8277,82,217483,26.27240879439478
0.05,8278,49,217532,26.275154004106778
0.05,8279,-90,217442,26.261111111111113
0.05,8280,67,217509,26.26603067262408
0.05,8281,73,217582,26.271673508814295
0.05,8282,82,217664,26.278401545333818
0.05,8283,79,217743,26.28476581361661
0.05,8284,94,217837,26.292939046469524
0.05,8285,85,217922,26.30002413709872
0.05,8286,66,217988,26.304814770121876
0.05,8287,19,218007,26.303933397683398
0.05,8288,93,218100,26.31197973217517
0.05,8289,53,218153,26.315199034981905
0.05,8290,93,218246,26.323242069714148
0.05,8291,15,218261,26.321876507477086
0.05,8292,79,218340,26.328228626552516
0.05,8293,92,218432,26.33614661200868
0.05,8294,57,218489,26.339843279083784
0.05,8295,84,218573,26.346793635486982
0.05,8296,55,218628,26.35024707725684
0.05,8297,70,218698,26.355507351168956
0.05,8298,94,218792,26.363658272080972
0.05,8299,-35,218757,26.356265060240965
0.05,8300,-47,218710,26.347428020720397
0.05,8301,24,218734,26.347145266200915
0.05,8302,33,218767,26.34794652535228
0.05,8303,-126,218641,26.329600192678228
0.05,8304,26,218667,26.329560505719446
0.05,8305,-33,218634,26.32241752949675
0.05,8306,-41,218593,26.31431322980619
0.05,8307,32,218625,26.314997592681753
0.05,8308,94,218719,26.323143579251415
0.05,8309,-25,218694,26.31696750902527
0.05,8310,91,218785,26.324750330886776
0.05,8311,-18,218767,26.3194177093359
0.05,8312,87,218854,26.326717189943462
0.05,8313,71,218925,26.332090449843637
0.05,8314,26,218951,26.332050511124475
0.05,8315,64,219015,26.336580086580085
0.05,8316,-27,218988,26.330167127570036
0.05,8317,-172,218816,26.3063236354893
0.05,8318,30,218846,26.306767640341388
0.05,8319,-12,218834,26.302163461538463
0.05,8320,93,218927,26.310179065016225
0.05,8321,22,218949,26.30966113914924
0.05,8322,93,219042,26.317673915655412
0.05,8323,-31,219011,26.31078808265257
0.05,8324,94,219105,26.318918918918918
0.05,8325,-97,219008,26.304107614700936
0.05,8326,-37,218971,26.296505344061487
0.05,8327,-56,218915,26.286623439000962
0.05,8328,11,218926,26.2847880898067
0.05,8329,-34,218892,26.277551020408165
0.05,8330,92,218984,26.28543992317849
0.05,8331,87,219071,26.292726836293806
0.05,8332,69,219140,26.297851914076563
0.05,8333,73,219213,26.30345572354212
0.05,8334,74,219287,26.309178164367125
0.05,8335,77,219364,26.315259117082533
0.05,8336,-209,219155,26.287033705169726
0.05,8337,51,219206,26.28999760134325
0.05,8338,79,219285,26.296318503417677
0.05,8339,57,219342,26.3
0.05,8340,93,219435,26.30799664308836
0.05,8341,50,219485,26.310836729801007
0.05,8342,48,219533,26.313436413760037
0.05,8343,85,219618,26.32046979865772
0.05,8344,66,219684,26.325224685440382
0.05,8345,-254,219430,26.29163671219746
0.05,8346,88,219518,26.29902959146999
0.05,8347,24,219542,26.298754192620986
0.05,8348,68,219610,26.303748951970295
0.05,8349,-4,219606,26.300119760479042
0.05,8350,58,219664,26.303915698718715
0.05,8351,88,219752,26.311302681992338
0.05,8352,39,219791,26.312821740691966
0.05,8353,92,219883,26.32068470193919
0.05,8354,86,219969,26.3278276481149
0.05,8355,76,220045,26.3337721397798
0.05,8356,92,220137,26.341629771449085
0.05,8357,-1,220136,26.338358458961473
0.05,8358,90,220226,26.34597439885154
0.05,8359,92,220318,26.35382775119617
0.05,8360,52,220370,26.35689510824064
0.05,8361,29,220399,26.35721119349438
0.05,8362,92,220491,26.365060385029295
0.05,8363,70,220561,26.37027737924438
0.05,8364,18,220579,26.369276748356246
0.05,8365,77,220656,26.37532871145111
0.05,8366,84,220740,26.382215847974184
0.05,8367,76,220816,26.38814531548757
0.05,8368,94,220910,26.396224160592663
0.05,8369,-136,220774,26.376821983273597
0.05,8370,62,220836,26.38107752956636
0.05,8371,-66,220770,26.370043000477782
0.05,8372,28,220798,26.370237668697
0.05,8373,65,220863,26.37485072844519
0.05,8374,-22,220841,26.36907462686567
0.05,8375,88,220929,26.376432664756447
0.05,8376,18,220947,26.375432732481794
0.05,8377,-221,220726,26.345905944139414
0.05,8378,76,220802,26.35183196085452
0.05,8379,59,220861,26.355727923627686
0.05,8380,87,220948,26.362963846796326
0.05,8381,66,221014,26.36769267477929
0.05,8382,90,221104,26.375283311463676
0.05,8383,78,221182,26.38144083969466
0.05,8384,3,221185,26.378652355396543
0.05,8385,77,221262,26.384688766992607
0.05,8386,-330,220932,26.342196256110647
0.05,8387,83,221015,26.348950882212684
0.05,8388,91,221106,26.356657527714866
0.05,8389,58,221164,26.360429082240763
0.05,8390,69,221233,26.365510666189966
0.05,8391,26,221259,26.365467111534794
0.05,8392,88,221347,26.37281067556297
0.05,8393,23,221370,26.37240886347391
0.05,8394,89,221459,26.379868969624777
0.05,8395,49,221508,26.38256312529776
0.05,8396,75,221583,26.38835298320829
0.05,8397,52,221635,26.391402714932127
0.05,8398,47,221682,26.393856411477557
0.05,8399,89,221771,26.401309523809523
0.05,8400,-147,221624,26.380668967980004
0.05,8401,92,221716,26.38847893358724
0.05,8402,92,221808,26.396287040342735
0.05,8403,66,221874,26.400999524036173
0.05,8404,51,221925,26.403926234384294
0.05,8405,67,221992,26.408755650725674
0.05,8406,75,222067,26.414535506125848
0.05,8407,93,222160,26.42245480494767
0.05,8408,21,222181,26.42180996551314
0.05,8409,5,222186,26.4192627824019
0.05,8410,-78,222108,26.406848175008918
0.05,8411,19,222127,26.405967665240134
0.05,8412,92,222219,26.413764412219184
0.05,8413,77,222296,26.419776562871405
0.05,8414,83,222379,26.426500297088534
0.05,8415,48,222427,26.429063688212928
0.05,8416,14,222441,26.427587026256386
0.05,8417,75,222516,26.43335709194583
0.05,8418,57,222573,26.436987765767906
0.05,8419,17,222590,26.43586698337292
0.05,8420,-30,222560,26.42916518228239
0.05,8421,-13,222547,26.424483495606744
0.05,8422,78,222625,26.430606672207052
0.05,8423,76,222701,26.436490978157646
0.05,8424,21,222722,26.435845697329377
0.05,8425,91,222813,26.443508188939
0.05,8426,25,222838,26.443336893319092
0.05,8427,-237,222601,26.41207878500237
0.05,8428,85,222686,26.419029540870802
0.05,8429,30,222716,26.419454329774613
0.05,8430,92,222808,26.427232831218124
0.05,8431,-144,222664,26.407020872865274
0.05,8432,-25,222639,26.400924937744573
0.05,8433,65,222704,26.40550154138013
0.05,8434,66,222770,26.410195613515114
0.05,8435,-160,222610,26.38809862494073
0.05,8436,-333,222277,26.34550195567145
0.05,8437,91,222368,26.35316425693292
0.05,8438,43,222411,26.355136864557412
0.05,8439,89,222500,26.362559241706162
0.05,8440,83,222583,26.369269043952137
0.05,8441,-201,222382,26.342335939350864
0.05,8442,85,222467,26.349283430060407
0.05,8443,-75,222392,26.337280909521553
0.05,8444,89,222481,26.34470100651273
0.05,8445,86,222567,26.35176414870945
0.05,8446,-17,222550,26.346631940333847
0.05,8447,16,222566,26.345407196969695
0.05,8448,-48,222518,26.336607882589657
0.05,8449,8,222526,26.334437869822484
0.05,8450,-31,222495,26.327653532126376
0.05,8451,86,222581,26.334713677236156
0.05,8452,88,222669,26.34200875428842
0.05,8453,-80,222589,26.329429855689614
0.05,8454,76,222665,26.33530455351863
0.05,8455,-6,222659,26.33148060548723
0.05,8456,82,222741,26.338063142958497
0.05,8457,70,222811,26.34322534878222
0.05,8458,73,222884,26.348740985932142
0.05,8459,22,222906,26.34822695035461
0.05,8460,93,222999,26.35610447937596
0.05,8461,-140,222859,26.336445284802647
0.05,8462,-65,222794,26.325652841781874
0.05,8463,49,222843,26.328331758034025
0.05,8464,-9,222834,26.32415829887773
0.05,8465,58,222892,26.32789983463265
0.05,8466,68,222960,26.33282154245896
0.05,8467,-4,222956,26.32923948984412
0.05,8468,87,223043,26.336403353406542
0.05,8469,88,223131,26.343683589138134
0.05,8470,12,223143,26.341990319915006
0.05,8471,35,223178,26.343012275731823
0.05,8472,86,223264,26.350053109878438
0.05,8473,-59,223205,26.33998111871607
0.05,8474,86,223291,26.34702064896755
0.05,8475,61,223352,26.3511090136857
0.05,8476,94,223446,26.35908930046007
0.05,8477,94,223540,26.367067704647322
0.05,8478,41,223581,26.368793489798325
0.05,8479,94,223675,26.37676886792453
0.05,8480,2,223677,26.37389458790237
0.05,8481,-50,223627,26.3648903560481
0.05,8482,71,223698,26.37015206884357
0.05,8483,-195,223503,26.344059405940595
0.05,8484,6,223509,26.34166175604007
0.05,8485,93,223602,26.34951685128447
0.05,8486,70,223672,26.354660068339815
0.05,8487,-158,223514,26.332940622054664
0.05,8488,57,223571,26.336553186476618
0.05,8489,8,223579,26.33439340400471
0.05,8490,-39,223540,26.326698857613945
0.05,8491,32,223572,26.32736693358455
0.05,8492,92,223664,26.335099493700696
0.05,8493,-31,223633,26.328349423122205
0.05,8494,29,223662,26.328663919952913
0.05,8495,61,223723,26.33274482109228
0.05,8496,69,223792,26.337766270448395
0.05,8497,92,223884,26.345493057189927
0.05,8498,-158,223726,26.32380280032945
0.05,8499,87,223813,26.33094117647059
0.05,8500,93,223906,26.338783672509116
0.05,8501,24,223930,26.33850858621501
0.05,8502,-124,223806,26.320827943078914
0.05,8503,59,223865,26.32467074317968
0.05,8504,85,223950,26.331569664902997
0.05,8505,93,224043,26.339407477075007
0.05,8506,-89,223954,26.325849300575996
0.05,8507,8,223962,26.323695345557123
0.05,8508,81,224043,26.3301210483018
0.05,8509,89,224132,26.337485311398353
0.05,8510,90,224222,26.344965338973093
0.05,8511,89,224311,26.35232612781955
0.05,8512,94,224405,26.360272524374487
0.05,8513,90,224495,26.367747239840263
0.05,8514,5,224500,26.365237815619494
0.05,8515,94,224594,26.3731798966651
0.05,8516,13,224607,26.371609721733005
0.05,8517,49,224656,26.37426625968537
0.05,8518,56,224712,26.377743866651016
0.05,8519,-469,224243,26.319600938967135
0.05,8520,91,224334,26.32719164417322
0.05,8521,49,224383,26.329852147383242
0.05,8522,37,224420,26.331104071336384
0.05,8523,64,224484,26.335523228531205
0.05,8524,91,224575,26.343108504398828
0.05,8525,59,224634,26.346938775510203
0.05,8526,-29,224605,26.340447988741644
0.05,8527,7,224612,26.338180112570356
0.05,8528,-30,224582,26.33157462774065
0.05,8529,-257,224325,26.298358733880423
0.05,8530,35,224360,26.299378736373228
0.05,8531,-153,224207,26.27836380684482
0.05,8532,88,224295,26.28559709363647
0.05,8533,45,224340,26.28779001640497
0.05,8534,-6,224334,26.284007029876978
0.05,8535,24,224358,26.28373945641987
0.05,8536,76,224434,26.289563078364765
0.05,8537,-12,224422,26.285078472710236
0.05,8538,85,224507,26.291954561424053
0.05,8539,80,224587,26.29824355971897
0.05,8540,89,224676,26.305584826132772
0.05,8541,89,224765,26.31292437368298
0.05,8542,-187,224578,26.28795505091888
0.05,8543,-148,224430,26.26755617977528
0.05,8544,51,224481,26.270450555880632
0.05,8545,95,224576,26.278492862157734
0.05,8546,45,224621,26.28068328068328
0.05,8547,88,224709,26.28790360318203
0.05,8548,-56,224653,26.278278161188442
0.05,8549,61,224714,26.28233918128655
0.05,8550,50,224764,26.285112852297978
0.05,8551,-237,224527,26.25432647333957
0.05,8552,-141,224386,26.234771425230914
0.05,8553,67,224453,26.239537058685993
0.05,8554,84,224537,26.246288720046756
0.05,8555,43,224580,26.248246844319777
0.05,8556,16,224596,26.2470491994858
0.05,8557,79,224675,26.253213367609256
0.05,8558,-122,224553,26.23589204346302
0.05,8559,88,224641,26.243107476635515
0.05,8560,72,224713,26.248452283611726
0.05,8561,-55,224658,26.238962859145058
0.05,8562,87,224745,26.246058624313907
0.05,8563,89,224834,26.253386268099018
0.05,8564,-68,224766,26.242381786339756
0.05,8565,31,224797,26.242937193555917
0.05,8566,83,224880,26.249562273841484
0.05,8567,94,224974,26.257469654528478
0.05,8568,48,225022,26.260007001983894
0.05,8569,91,225113,26.267561260210034
0.05,8570,25,225138,26.26741337066853
0.05,8571,-23,225115,26.261665888940737
0.05,8572,87,225202,26.26875072903301
0.05,8573,33,225235,26.26953580592489
0.05,8574,83,225318,26.27615160349854
0.05,8575,93,225411,26.283931902985074
0.05,8576,-207,225204,26.256733123469743
0.05,8577,88,225292,26.26393098624388
0.05,8578,-119,225173,26.246998484671874
0.05,8579,-49,225124,26.23822843822844
0.05,8580,57,225181,26.241813308472207
0.05,8581,-229,224952,26.212071778140295
0.05,8582,-106,224846,26.196667831760458
0.05,8583,92,224938,26.204333643988818
0.05,8584,92,225030,26.21199767035527
0.05,8585,-7,225023,26.20812951316096
0.05,8586,18,225041,26.207173634563876
0.05,8587,94,225135,26.21506753609688
0.05,8588,35,225170,26.21609034811969
0.05,8589,58,225228,26.219790454016298
0.05,8590,94,225322,26.22768013036899
0.05,8591,92,225414,26.235335195530727
0.05,8592,66,225480,26.239962760386362
0.05,8593,-227,225253,26.2104956946707
0.05,8594,20,225273,26.20977312390925
0.05,8595,90,225363,26.217194043741276
0.05,8596,51,225414,26.220076770966617
0.05,8597,-23,225391,26.2143521749244
0.05,8598,71,225462,26.219560414001627
0.05,8599,-61,225401,26.209418604651162
0.05,8600,-258,225143,26.17637484013487
0.05,8601,-94,225049,26.16240409207161
0.05,8602,84,225133,26.169127048703942
0.05,8603,73,225206,26.174569967456996
0.05,8604,14,225220,26.173155142359093
0.05,8605,-26,225194,26.167092726005112
0.05,8606,-180,225014,26.143139305216685
0.05,8607,33,225047,26.143935873605948
0.05,8608,93,225140,26.15170170751539
0.05,8609,53,225193,26.154819976771197
0.05,8610,-17,225176,26.14980838462432
0.05,8611,85,225261,26.15664189503019
0.05,8612,-18,225243,26.151515151515152
0.05,8613,10,225253,26.14964012073369
0.05,8614,-54,225199,26.140336622170633
0.05,8615,27,225226,26.140436397400187
0.05,8616,-50,225176,26.131600324939075
0.05,8617,92,225268,26.139243443954513
0.05,8618,69,225337,26.144216266388213
0.05,8619,80,225417,26.15046403712297
0.05,8620,75,225492,26.156130379306344
0.05,8621,25,225517,26.15599628856414
0.05,8622,15,225532,26.154702539719356
0.05,8623,-43,225489,26.146683673469386
0.05,8624,65,225554,26.1511884057971
0.05,8625,-25,225529,26.145258520751216
0.05,8626,91,225620,26.152776167845136
0.05,8627,88,225708,26.159944367176635
0.05,8628,92,225800,26.167574458222273
0.05,8629,82,225882,26.17404403244496
0.05,8630,40,225922,26.175645927470747
0.05,8631,-12,225910,26.171223354958293
0.05,8632,63,225973,26.175489401135177
0.05,8633,-6,225967,26.171762798239516
0.05,8634,93,226060,26.179502026635785
0.05,8635,-40,226020,26.171838814265865
0.05,8636,-73,225947,26.160356605302766
0.05,8637,80,226027,26.16658948830748
0.05,8638,-77,225950,26.15464752864915
0.05,8639,75,226025,26.160300925925927
0.05,8640,-229,225796,26.1307719014003
0.05,8641,-42,225754,26.12288822031937
0.05,8642,82,225836,26.129353233830845
0.05,8643,94,225930,26.137204997686258
0.05,8644,-30,225900,26.130711393869287
0.05,8645,61,225961,26.13474439046958
0.05,8646,-1,225960,26.131606337458077
0.05,8647,0,225960,26.12858464384829
0.05,8648,73,226033,26.134003931090298
0.05,8649,90,226123,26.141387283236995
0.05,8650,87,226210,26.148422147728585
0.05,8651,-15,226195,26.143666204345816
0.05,8652,38,226233,26.14503640355946
0.05,8653,82,226315,26.151490640166397
0.05,8654,93,226408,26.159214326978624
0.05,8655,65,226473,26.163701478743068
0.05,8656,66,226539,26.168303107312003
0.05,8657,46,226585,26.17059367059367
0.05,8658,71,226656,26.1757708742349
0.05,8659,88,226744,26.182909930715937
0.05,8660,69,226813,26.187853596582382
0.05,8661,1,226814,26.184945740013852
0.05,8662,92,226906,26.1925429989611
0.05,8663,-10,226896,26.18836565096953
0.05,8664,-14,226882,26.183727639930755
0.05,8665,80,226962,26.189937687514423
0.05,8666,62,227024,26.194069458866966
0.05,8667,79,227103,26.200161513613292
0.05,8668,93,227196,26.207867112700427
0.05,8669,19,227215,26.20703575547866
0.05,8670,58,227273,26.210702341137125
0.05,8671,62,227335,26.214829335793358
0.05,8672,-62,227273,26.204658134440216
0.05,8673,-33,227240,26.197832603181922
0.05,8674,5,227245,26.195389048991355
0.05,8675,28,227273,26.19559704933149
0.05,8676,-31,227242,26.189005416618645
0.05,8677,-33,227209,26.182184835215487
0.05,8678,-182,227027,26.158197949072473
0.05,8679,47,227074,26.160599078341015
0.05,8680,-16,227058,26.15574242598779
0.05,8681,4,227062,26.153190509099286
0.05,8682,44,227106,26.155245882759417
0.05,8683,89,227195,26.162482726853984
0.05,8684,2,227197,26.15970063327576
0.05,8685,-72,227125,26.1483997236933
0.05,8686,42,227167,26.150224473350985
0.05,8687,88,227255,26.15734346224678
0.05,8688,75,227330,26.162964667970996
0.05,8689,92,227422,26.17054085155351
0.05,8690,90,227512,26.177885168565183
0.05,8691,21,227533,26.17728946157386
0.05,8692,29,227562,26.17761417232256
0.05,8693,24,227586,26.17736369910283
0.05,8694,92,227678,26.184933870040254
0.05,8695,86,227764,26.1918123275069
0.05,8696,-10,227754,26.187650914108314
0.05,8697,86,227840,26.194527477581055
0.05,8698,92,227932,26.202092194505116
0.05,8699,94,228026,26.209885057471265
0.05,8700,57,228083,26.213423744397197
0.05,8701,93,228176,26.221098598023442
0.05,8702,83,228259,26.227622658853267
0.05,8703,83,228342,26.234145220588236
0.05,8704,-150,228192,26.213900057438252
0.05,8705,-134,228058,26.195497358143808
0.05,8706,88,228146,26.202595612725393
0.05,8707,93,228239,26.21026642168121
0.05,8708,81,228320,26.216557584108394
0.05,8709,-215,228105,26.18886337543054
0.05,8710,94,228199,26.196647916427505
0.05,8711,16,228215,26.195477502295685
0.05,8712,49,228264,26.19809480087226
0.05,8713,54,228318,26.201285288042232
0.05,8714,79,228397,26.207343660355708
0.05,8715,-9,228388,26.20330426801285
0.05,8716,24,228412,26.20305150854652
0.05,8717,55,228467,26.20635466850195
0.05,8718,13,228480,26.20484000458768
0.05,8719,81,228561,26.21112385321101
0.05,8720,-18,228543,26.206054351565186
0.05,8721,-29,228514,26.199724833753727
0.05,8722,55,228569,26.203026481715007
0.05,8723,86,228655,26.209880788629068
0.05,8724,66,228721,26.214441260744987
0.05,8725,60,228781,26.218313087325235
0.05,8726,83,228864,26.224819525610176
0.05,8727,90,228954,26.232126489459212
0.05,8728,88,229042,26.239202657807308
0.05,8729,93,229135,26.246849942726232
0.05,8730,42,229177,26.248654220593288
0.05,8731,85,229262,26.255382501145213
0.05,8732,83,229345,26.261880224436048
0.05,8733,81,229426,26.268147469658803
0.05,8734,18,229444,26.267200915855753
0.05,8735,6,229450,26.264880952380953
0.05,8736,-12,229438,26.26050131624127
0.05,8737,75,229513,26.266079194323645
0.05,8738,82,229595,26.272456802837855
0.05,8739,64,229659,26.276773455377576
0.05,8740,94,229753,26.284521221828165
0.05,8741,32,229785,26.285175017158544
0.05,8742,17,229802,26.284113004689466
0.05,8743,-34,229768,26.277218664226897
0.05,8744,31,229799,26.277758719268153
0.05,8745,93,229892,26.285387605762633
0.05,8746,37,229929,26.286612552875273
0.05,8747,-64,229865,26.276291723822588
0.05,8748,-51,229814,26.26745913818722
0.05,8749,6,229820,26.26514285714286
0.05,8750,-168,229652,26.242943663581304
0.05,8751,89,229741,26.250114259597805
0.05,8752,75,229816,26.25568376556609
0.05,8753,91,229907,26.263079734978295
0.05,8754,16,229923,26.261907481439177
0.05,8755,7,229930,26.25970762905436
0.05,8756,-17,229913,26.254767614479846
0.05,8757,79,229992,26.26079013473396
0.05,8758,24,230016,26.260532024203677
0.05,8759,79,230095,26.266552511415526
0.05,8760,-60,230035,26.256705855495948
0.05,8761,66,230101,26.26124172563342
0.05,8762,93,230194,26.268857697135683
0.05,8763,-152,230042,26.24851665905979
0.05,8764,90,230132,26.255790074158586
0.05,8765,90,230222,26.263061829796943
0.05,8766,-46,230176,26.25481920839512
0.05,8767,59,230235,26.25855383211679
0.05,8768,88,230323,26.265594708632683
0.05,8769,86,230409,26.272405929304448
0.05,8770,82,230491,26.27875954851214
0.05,8771,21,230512,26.278157774737803
0.05,8772,74,230586,26.283597401117063
0.05,8773,62,230648,26.287668110325964
0.05,8774,93,230741,26.295270655270656
0.05,8775,-144,230597,26.275865998176847
0.05,8776,-5,230592,26.272302609091945
0.05,8777,84,230676,26.27887901572112
0.05,8778,62,230738,26.282947943957172
0.05,8779,80,230818,26.28906605922551
0.05,8780,89,230907,26.296207721216263
0.05,8781,82,230989,26.30255067182874
0.05,8782,45,231034,26.30467949447797
0.05,8783,-1,231033,26.301571038251367
0.05,8784,-31,231002,26.295048377916903
0.05,8785,87,231089,26.301957659913498
0.05,8786,-30,231059,26.29555024467964
0.05,8787,94,231153,26.30325443786982
0.05,8788,43,231196,26.305154169985208
0.05,8789,52,231248,26.30807736063709
0.05,8790,18,231266,26.30713229439199
0.05,8791,92,231358,26.314604185623296
0.05,8792,-33,231325,26.30785852382577
0.05,8793,15,231340,26.30657266317944
0.05,8794,90,231430,26.313814667424673
0.05,8795,87,231517,26.320713960891315
0.05,8796,75,231592,26.326247584403774
0.05,8797,61,231653,26.330188679245282
0.05,8798,79,231732,26.33617456529151
0.05,8799,89,231821,26.343295454545455
0.05,8800,24,231845,26.343029201227132
0.05,8801,94,231939,26.35071574642127
0.05,8802,-100,231839,26.336362603657843
0.05,8803,87,231926,26.343253066787824
0.05,8804,67,231993,26.34787052810903
0.05,8805,-137,231856,26.329320917556213
0.05,8806,-22,231834,26.323833314408994
0.05,8807,24,231858,26.32356948228883
0.05,8808,19,231877,26.32273810875241
0.05,8809,75,231952,26.328263337116912
0.05,8810,-293,231659,26.292021336965156
0.05,8811,85,231744,26.298683613254653
0.05,8812,71,231815,26.303755815272893
0.05,8813,-184,231631,26.279895620603586
0.05,8814,23,231654,26.27952353942144
0.05,8815,86,231740,26.28629764065336
0.05,8816,91,231831,26.293637291595783
0.05,8817,18,231849,26.292696756634157
0.05,8818,64,231913,26.296972445855538
0.05,8819,91,232004,26.304308390022676
0.05,8820,-44,231960,26.29633828364131
0.05,8821,9,231969,26.294377692133303
0.05,8822,26,231995,26.294344327326307
0.05,8823,85,232080,26.300997280145058
0.05,8824,-73,232007,26.289745042492918
0.05,8825,14,232021,26.28835259460684
0.05,8826,13,232034,26.28684717344511
0.05,8827,-69,231965,26.27605346624377
0.05,8828,39,232004,26.277494620002265
0.05,8829,18,232022,26.27655719139298
0.05,8830,-23,231999,26.27097723927075
0.05,8831,81,232080,26.277173913043477
0.05,8832,88,232168,26.28416166647798
0.05,8833,64,232232,26.288431061806655
0.05,8834,66,232298,26.292925863044708
0.05,8835,89,232387,26.300022634676324
0.05,8836,93,232480,26.30757044245785
0.05,8837,-20,232460,26.302330844082373
0.05,8838,-91,232369,26.28905984839914
0.05,8839,77,232446,26.2947963800905
0.05,8840,-6,232440,26.29114353579912
0.05,8841,81,232521,26.297330920606196
0.05,8842,80,232601,26.303403822232273
0.05,8843,27,232628,26.303482587064675
0.05,8844,84,232712,26.31000565291125
0.05,8845,49,232761,26.312570653402666
0.05,8846,60,232821,26.316378433367245
0.05,8847,83,232904,26.32278481012658
0.05,8848,83,232987,26.329189738953556
0.05,8849,13,233000,26.327683615819208
0.05,8850,-132,232868,26.309795503332957
0.05,8851,-14,232854,26.305241753276096
0.05,8852,82,232936,26.311532813735457
0.05,8853,-48,232888,26.303139823808447
0.05,8854,94,232982,26.310784867306605
0.05,8855,-41,232941,26.303184281842817
0.05,8856,70,233011,26.308117872868916
0.05,8857,77,233088,26.313840596071348
0.05,8858,58,233146,26.31741731572412
0.05,8859,69,233215,26.322234762979683
0.05,8860,92,233307,26.32964676673062
0.05,8861,37,233344,26.33085082374182
0.05,8862,79,233423,26.33679341080898
0.05,8863,68,233491,26.34149368231047
0.05,8864,73,233564,26.346756909193456
0.05,8865,69,233633,26.351567787051657
0.05,8866,-26,233607,26.345663696853503
0.05,8867,34,233641,26.34652683806946
0.05,8868,94,233735,26.354154921637164
0.05,8869,10,233745,26.35231116121759
0.05,8870,93,233838,26.359824146094013
0.05,8871,91,233929,26.367110009017132
0.05,8872,86,234015,26.37383072241632
0.05,8873,92,234107,26.381226053639846
0.05,8874,89,234196,26.388281690140847
0.05,8875,5,234201,26.38587201442091
0.05,8876,76,234277,26.39146107919342
0.05,8877,88,234365,26.398400540662312
0.05,8878,86,234451,26.40511318842212
0.05,8879,6,234457,26.402815315315316
0.05,8880,86,234543,26.409525954284426
0.05,8881,31,234574,26.410042783156946
0.05,8882,90,234664,26.4172013959248
0.05,8883,14,234678,26.415803692030618
0.05,8884,81,234759,26.42194710185706
0.05,8885,-56,234703,26.41267161827594
0.05,8886,78,234781,26.418476426240577
0.05,8887,-163,234618,26.397164716471647
0.05,8888,33,234651,26.397907526155922
0.05,8889,90,234741,26.405061867266593
0.05,8890,26,234767,26.405016308626703
0.05,8891,6,234773,26.40272154745839
0.05,8892,28,234801,26.402901158214327
0.05,8893,14,234815,26.40150663368563
0.05,8894,64,234879,26.405733558178753
0.05,8895,-178,234701,26.38275629496403
0.05,8896,69,234770,26.387546363942903
0.05,8897,82,234852,26.3937963587323
0.05,8898,91,234943,26.4010562984605
0.05,8899,80,235023,26.407078651685392
0.05,8900,86,235109,26.413773733288394
0.05,8901,63,235172,26.417883621658053
0.05,8902,94,235266,26.42547455913737
0.05,8903,62,235328,26.429469901168016
0.05,8904,78,235406,26.435261089275688
0.05,8905,90,235496,26.442398383112508
0.05,8906,81,235577,26.448523633097565
0.05,8907,-234,235343,26.419286035024697
0.05,8908,-40,235303,26.411830732966664
0.05,8909,19,235322,26.410998877665545
0.05,8910,76,235398,26.416563797553586
0.05,8911,79,235477,26.42246409335727
0.05,8912,-201,235276,26.396948277796476
0.05,8913,-9,235267,26.392977339017275
0.05,8914,88,235355,26.39988782950084
0.05,8915,89,235444,26.4069089277703
0.05,8916,12,235456,26.405293260065044
0.05,8917,26,235482,26.40524781341108
0.05,8918,93,235575,26.41271442986882
0.05,8919,58,235633,26.416255605381167
0.05,8920,93,235726,26.423719313978253
0.05,8921,44,235770,26.425689307330195
0.05,8922,71,235841,26.430684747282303
0.05,8923,56,235897,26.433998207082027
0.05,8924,86,235983,26.440672268907562
0.05,8925,15,235998,26.439390544476808
0.05,8926,90,236088,26.446510585863113
0.05,8927,77,236165,26.4521729390681
0.05,8928,60,236225,26.455930115354462
0.05,8929,93,236318,26.463381858902576
0.05,8930,-42,236276,26.455716045235697
0.05,8931,-16,236260,26.450962830273173
0.05,8932,86,236346,26.45762901600806
0.05,8933,43,236389,26.45948063577345
0.05,8934,54,236443,26.462562954672634
0.05,8935,-17,236426,26.45769919427037
0.05,8936,83,236509,26.464025959494236
0.05,8937,65,236574,26.468337435667934
0.05,8938,-55,236519,26.459223626803894
0.05,8939,-80,236439,26.44731543624161
0.05,8940,93,236532,26.454758975506095
0.05,8941,88,236620,26.46164169089689
0.05,8942,42,236662,26.46337917924634
0.05,8943,90,236752,26.470483005366727
0.05,8944,70,236822,26.475349357182782
0.05,8945,94,236916,26.482897384305836
0.05,8946,19,236935,26.48206102604225
0.05,8947,87,237022,26.488824318283417
0.05,8948,92,237114,26.49614482065035
0.05,8949,2,237116,26.49340782122905
0.05,8950,-17,237099,26.48854876550106
0.05,8951,-22,237077,26.483132260947276
0.05,8952,22,237099,26.48263152016084
0.05,8953,-99,237000,26.468617377708288
0.05,8954,-187,236813,26.444779452819652
0.05,8955,0,236813,26.441826708351943
0.05,8956,89,236902,26.448810985821144
0.05,8957,81,236983,26.45490064746595
0.05,8958,92,237075,26.46221676526398
0.05,8959,86,237161,26.468861607142856
0.05,8960,29,237190,26.469144068742327
0.05,8961,39,237229,26.470542289667485
0.05,8962,80,237309,26.47651455985719
0.05,8963,-80,237229,26.464636323070057
0.05,8964,69,237298,26.469380925822644
0.05,8965,83,237381,26.47568592460406
0.05,8966,91,237472,26.48288167726107
0.05,8967,-77,237395,26.47134255129349
0.05,8968,20,237415,26.47062102798528
0.05,8969,92,237507,26.477926421404682
0.05,8970,42,237549,26.479656671497047
0.05,8971,11,237560,26.477931341952743
0.05,8972,81,237641,26.484007578290427
0.05,8973,76,237717,26.489525295297526
0.05,8974,76,237793,26.495041782729803
0.05,8975,80,237873,26.50100267379679
0.05,8976,91,237964,26.508187590509078
0.05,8977,56,238020,26.511472488304744
0.05,8978,-120,237900,26.49515536251253
0.05,8979,82,237982,26.50133630289532
0.05,8980,51,238033,26.50406413539695
0.05,8981,-90,237943,26.491093297706524
0.05,8982,-1,237942,26.488032951129913
0.05,8983,10,237952,26.48619768477293
0.05,8984,70,238022,26.49104062326099
0.05,8985,19,238041,26.49020698864901
0.05,8986,85,238126,26.496717480805607
0.05,8987,31,238157,26.497218513573653
0.05,8988,69,238226,26.501946823895874
0.05,8989,-294,237932,26.466295884315908
0.05,8990,93,238025,26.47369591814036
0.05,8991,-71,237954,26.46285587188612
0.05,8992,-93,237861,26.449571889247192
0.05,8993,17,237878,26.448521236379808
0.05,8994,83,237961,26.45480822679266
0.05,8995,68,238029,26.45942641173855
0.05,8996,-79,237950,26.447704790485716
0.05,8997,90,238040,26.454767726161368
0.05,8998,-22,238018,26.4493832648072
0.05,8999,-106,237912,26.434666666666665
0.05,9000,75,237987,26.44006221530941
0.05,9001,-81,237906,26.428127082870475
0.05,9002,92,237998,26.435410418749306
0.05,9003,-9,237989,26.431474900044424
0.05,9004,55,238044,26.434647418101054
0.05,9005,75,238119,26.440039973351098
0.05,9006,43,238162,26.441878538914178
0.05,9007,76,238238,26.447380106571938
0.05,9008,81,238319,26.453435453435453
0.05,9009,-32,238287,26.44694783573807
0.05,9010,94,238381,26.454444567750528
0.05,9011,25,238406,26.45428317798491
0.05,9012,53,238459,26.457228447797625
0.05,9013,45,238504,26.459285555802087
0.05,9014,93,238597,26.466666666666665
0.05,9015,17,238614,26.46561668145519
0.05,9016,63,238677,26.469668404125542
0.05,9017,90,238767,26.476713240186292
0.05,9018,88,238855,26.483534759951215
0.05,9019,-89,238766,26.470731707317075
0.05,9020,70,238836,26.475557033588295
0.05,9021,-13,238823,26.471181556195965
0.05,9022,93,238916,26.478554804388786
0.05,9023,57,238973,26.48193705673759
0.05,9024,84,239057,26.488310249307478
0.05,9025,83,239140,26.494571238643918
0.05,9026,-343,238797,26.453639082751746
0.05,9027,94,238891,26.461120957022597
0.05,9028,49,238940,26.463617233359177
0.05,9029,84,239024,26.46998892580288
0.05,9030,17,239041,26.468940316686968
0.05,9031,47,239088,26.471213463241806
0.05,9032,-67,239021,26.460865714602015
0.05,9033,93,239114,26.468231126854107
0.05,9034,18,239132,26.467293857221915
0.05,9035,82,239214,26.4734395750332
0.05,9036,21,239235,26.472833905056987
0.05,9037,11,239246,26.47112192963045
0.05,9038,63,239309,26.475163181767893
0.05,9039,78,239387,26.480862831858406
0.05,9040,60,239447,26.484570290897025
0.05,9041,9,239456,26.482636584826366
0.05,9042,39,239495,26.484020789560986
0.05,9043,-6,239489,26.480429013710747
0.05,9044,82,239571,26.486567164179103
0.05,9045,80,239651,26.49248286535485
0.05,9046,5,239656,26.490107217862274
0.05,9047,-15,239641,26.4855216622458
0.05,9048,-55,239586,26.476516742181456
0.05,9049,-144,239442,26.45767955801105
0.05,9050,89,239531,26.46458954811623
0.05,9051,64,239595,26.46873619089704
0.05,9052,88,239683,26.475532972495305
0.05,9053,81,239764,26.481555113761875
0.05,9054,91,239855,26.48868028713418
0.05,9055,59,239914,26.492270318021202
0.05,9056,-9,239905,26.488351551286296
0.05,9057,51,239956,26.49105762861559
0.05,9058,83,240039,26.49729550723038
0.05,9059,59,240098,26.500883002207505
0.05,9060,87,240185,26.50755987197881
0.05,9061,91,240276,26.514676671816375
0.05,9062,64,240340,26.518812755158336
0.05,9063,93,240433,26.526147396293027
0.05,9064,-75,240358,26.514947600661888
0.05,9065,-22,240336,26.509596293845135
0.05,9066,94,240430,26.517039814712696
0.05,9067,48,240478,26.519408910454345
0.05,9068,-98,240380,26.505678685632375
0.05,9069,52,240432,26.508489525909592
0.05,9070,92,240524,26.51570940359387
0.05,9071,85,240609,26.522156084656086
0.05,9072,21,240630,26.52154744847349
0.05,9073,-67,240563,26.511240908089047
0.05,9074,6,240569,26.508980716253443
0.05,9075,88,240657,26.515755839576904
0.05,9076,78,240735,26.5214277845103
0.05,9077,26,240761,26.521370345891164
0.05,9078,73,240834,26.526489701508975
0.05,9079,-11,240823,26.522356828193832
0.05,9080,25,240848,26.522189186212973
0.05,9081,86,240934,26.52873816340013
0.05,9082,33,240967,26.529450622041175
0.05,9083,94,241061,26.536878027300748
0.05,9084,85,241146,26.543313153549807
0.05,9085,53,241199,26.546224961479197
0.05,9086,91,241290,26.553317926708484
0.05,9087,45,241335,26.555347711267604
0.05,9088,91,241426,26.56243811200352
0.05,9089,79,241505,26.568206820682068
0.05,9090,87,241592,26.574854251457484
0.05,9091,92,241684,26.582050153981523
0.05,9092,10,241694,26.580226547893986
0.05,9093,83,241777,26.58643061359138
0.05,9094,10,241787,26.584606926882902
0.05,9095,-59,241728,26.575197889182057
0.05,9096,17,241745,26.574145322633836
0.05,9097,40,241785,26.575621015607826
0.05,9098,30,241815,26.57599736234751
0.05,9099,0,241815,26.573076923076922
0.05,9100,-16,241799,26.5683990770245
0.05,9101,64,241863,26.57251153592617
0.05,9102,54,241917,26.57552455234538
0.05,9103,-43,241874,26.567882249560633
0.05,9104,-117,241757,26.55211422295442
0.05,9105,79,241836,26.5578739292774
0.05,9106,45,241881,26.55989897880751
0.05,9107,-31,241850,26.553579270970577
0.05,9108,87,241937,26.560215171808103
0.05,9109,42,241979,26.56190998902305
0.05,9110,56,242035,26.565141038305345
0.05,9111,76,242111,26.57056628621598
0.05,9112,72,242183,26.575551410073523
0.05,9113,-38,242145,26.568466096115866
0.05,9114,47,242192,26.570707624794295
0.05,9115,5,242197,26.568341377797278
0.05,9116,94,242291,26.57573763299331
0.05,9117,-9,242282,26.571835928931783
0.05,9118,85,242367,26.57824322842417
0.05,9119,92,242459,26.585416666666667
0.05,9120,80,242539,26.591272886744875
0.05,9121,38,242577,26.59252356939268
0.05,9122,-33,242544,26.585991450180863
0.05,9123,89,242633,26.592832091188075
0.05,9124,61,242694,26.596602739726027
0.05,9125,-1,242693,26.59357878588648
0.05,9126,88,242781,26.60030678207516
0.05,9127,41,242822,26.601884312007012
0.05,9128,-33,242789,26.595355460620002
0.05,9129,86,242875,26.60186199342826
0.05,9130,43,242918,26.6036578687986
0.05,9131,94,243012,26.611038107752957
0.05,9132,-98,242914,26.59739406547684
0.05,9133,35,242949,26.59831399167944
0.05,9134,37,242986,26.59945265462507
0.05,9135,91,243077,26.606501751313484
0.05,9136,75,243152,26.61179818321112
0.05,9137,-68,243084,26.60144451739987
0.05,9138,48,243132,26.603785972207024
0.05,9139,19,243151,26.602954048140045
0.05,9140,82,243233,26.609014331035993
0.05,9141,92,243325,26.616167140669436
0.05,9142,24,243349,26.615881001859346
0.05,9143,-6,243343,26.612314085739282
0.05,9144,75,243418,26.61760524876982
0.05,9145,72,243490,26.62256724251039
0.05,9146,90,243580,26.62949600962064
0.05,9147,82,243662,26.635548753825972
0.05,9148,46,243708,26.637665318614058
0.05,9149,92,243800,26.6448087431694
0.05,9150,-77,243723,26.63348267948858
0.05,9151,43,243766,26.63527097902098
0.05,9152,68,243834,26.639790232710588
0.05,9153,33,243867,26.640485033864977
0.05,9154,75,243942,26.64576734025123
0.05,9155,78,244020,26.65137614678899
0.05,9156,83,244103,26.657529758654583
0.05,9157,48,244151,26.659860231491592
0.05,9158,-102,244049,26.64581286166612
0.05,9159,-70,243979,26.635262008733623
0.05,9160,-278,243701,26.602008514354328
0.05,9161,22,243723,26.60150622134905
0.05,9162,-2,243721,26.598384808468843
0.05,9163,44,243765,26.600283718900045
0.05,9164,87,243852,26.606873977086742
0.05,9165,-34,243818,26.600261837224526
0.05,9166,-91,243727,26.587433184247846
0.05,9167,88,243815,26.594131762652705
0.05,9168,54,243869,26.59712073290435
0.05,9169,-75,243794,26.586041439476553
0.05,9170,44,243838,26.58794024642896
0.05,9171,88,243926,26.594635848233754
0.05,9172,87,244013,26.601220974599368
0.05,9173,92,244105,26.60834968388925
0.05,9174,-73,244032,26.597493188010898
0.05,9175,79,244111,26.603204010462076
0.05,9176,92,244203,26.610330173259236
0.05,9177,86,244289,26.616801045979518
0.05,9178,-1,244288,26.613792352108074
0.05,9179,34,244322,26.614596949891066
0.05,9180,18,244340,26.613658642849362
0.05,9181,88,244428,26.620344151600957
0.05,9182,92,244520,26.627463791789175
0.05,9183,0,244520,26.624564459930312
0.05,9184,84,244604,26.6308111050626
0.05,9185,-76,244528,26.61963858044851
0.05,9186,-241,244287,26.59050832698378
0.05,9187,46,244333,26.59262080975185
0.05,9188,92,244425,26.59973881815214
0.05,9189,94,244519,26.607072905331883
0.05,9190,14,244533,26.605701229463605
0.05,9191,51,244584,26.60835509138381
0.05,9192,82,244666,26.61438050690743
0.05,9193,92,244758,26.62149227757233
0.05,9194,48,244806,26.623817292006525
0.05,9195,34,244840,26.624619399739018
0.05,9196,94,244934,26.63194519952158
0.05,9197,0,244934,26.629049793433357
0.05,9198,-101,244833,26.61517556256115
0.05,9199,51,244884,26.617826086956523
0.05,9200,14,244898,26.616454733181175
0.05,9201,93,244991,26.623668767659204
0.05,9202,8,244999,26.621645115723133
0.05,9203,91,245090,26.62863972186006
0.05,9204,55,245145,26.631721890277024
0.05,9205,-36,245109,26.62491853139257
0.05,9206,-74,245035,26.61398935592484
0.05,9207,44,245079,26.615877497827977
0.05,9208,87,245166,26.622434574872408
0.05,9209,89,245255,26.629207383279045
0.05,9210,55,245310,26.63228748235805
0.05,9211,92,245402,26.639383412939644
0.05,9212,93,245495,26.646586345381525
0.05,9213,70,245565,26.65129151291513
0.05,9214,50,245615,26.65382528486164
0.05,9215,-120,245495,26.63791232638889
0.05,9216,11,245506,26.636215688401865
0.05,9217,83,245589,26.64233022347581
0.05,9218,65,245654,26.646490942618506
0.05,9219,93,245747,26.653687635574837
0.05,9220,-43,245704,26.646133824964753
0.05,9221,-217,245487,26.61971372804164
0.05,9222,-57,245430,26.610647294806462
0.05,9223,42,245472,26.612315698178666
0.05,9224,-15,245457,26.607804878048782
0.05,9225,88,245545,26.614459137220898
0.05,9226,91,245636,26.62143708681045
0.05,9227,46,245682,26.623537061118334
0.05,9228,75,245757,26.628778849279445
0.05,9229,90,245847,26.635644637053087
0.05,9230,32,245879,26.63622576102264
0.05,9231,92,245971,26.64330589254766
0.05,9232,94,246065,26.650601104733024
0.05,9233,89,246154,26.657353259692442
0.05,9234,-8,246146,26.653600433134812
0.05,9235,80,246226,26.65937635339974
0.05,9236,86,246312,26.665800584605392
0.05,9237,94,246406,26.67308941329292
0.05,9238,16,246422,26.671934192012124
0.05,9239,94,246516,26.679220779220778
0.05,9240,-8,246508,26.67546802294124
0.05,9241,91,246599,26.682428045877515
0.05,9242,79,246678,26.688088283024992
0.05,9243,81,246759,26.69396365209866
0.05,9244,-27,246732,26.6881557598702
0.05,9245,-84,246648,26.676184295911746
0.05,9246,83,246731,26.682275332540282
0.05,9247,12,246743,26.680687716262977
0.05,9248,69,246812,26.68526327170505
0.05,9249,-128,246684,26.66854054054054
0.05,9250,4,246688,26.666090152415954
0.05,9251,92,246780,26.673151750972764
0.05,9252,-342,246438,26.63330811628661
0.05,9253,75,246513,26.638534687702617
0.05,9254,92,246605,26.64559697460832
0.05,9255,63,246668,26.6495246326707
0.05,9256,-20,246648,26.644485254402074
0.05,9257,49,246697,26.646899978397062
0.05,9258,79,246776,26.6525542715196
0.05,9259,89,246865,26.65928725701944
0.05,9260,87,246952,26.665802829068134
0.05,9261,44,246996,26.667674368386958
0.05,9262,84,247080,26.673863759041346
0.05,9263,80,247160,26.679620034542314
0.05,9264,-108,247052,26.665083648138154
0.05,9265,88,247140,26.671703000215842
0.05,9266,84,247224,26.67788928455811
0.05,9267,90,247314,26.68472162278809
0.05,9268,91,247405,26.691660373287302
0.05,9269,89,247494,26.698381877022655
0.05,9270,-113,247381,26.68331355840794
0.05,9271,-104,247277,26.669219154443486
0.05,9272,69,247346,26.673784104389085
0.05,9273,84,247430,26.67996549493207
0.05,9274,85,247515,26.686253369272237
0.05,9275,23,247538,26.685855972401896
0.05,9276,91,247629,26.69278861700981
0.05,9277,75,247704,26.69799525759862
0.05,9278,-15,247689,26.693501454898158
0.05,9279,-45,247644,26.685775862068965
0.05,9280,-171,247473,26.66447581079625
0.05,9281,54,247527,26.667420814479637
0.05,9282,90,247617,26.67424324033179
0.05,9283,-175,247442,26.652520465316673
0.05,9284,54,247496,26.65546580506193
0.05,9285,29,247525,26.655718285591213
0.05,9286,89,247614,26.66243135565845
0.05,9287,25,247639,26.662252368647717
0.05,9288,19,247658,26.661427494886425
0.05,9289,51,247709,26.66404736275565
0.05,9290,34,247743,26.6648369389732
0.05,9291,-51,247692,26.656478691347395
0.05,9292,94,247786,26.66372538469816
0.05,9293,23,247809,26.663331181407358
0.05,9294,69,247878,26.66788596019365
0.05,9295,62,247940,26.67168674698795
0.05,9296,-159,247781,26.651715607185114
0.05,9297,93,247874,26.658851365885138
0.05,9298,62,247936,26.662651898053554
0.05,9299,-150,247786,26.643655913978495
0.05,9300,43,247829,26.645414471562198
0.05,9301,56,247885,26.648570199957
0.05,9302,66,247951,26.65280017198753
0.05,9303,93,248044,26.65993121238177
0.05,9304,94,248138,26.66716818914562
0.05,9305,41,248179,26.668708360197723
0.05,9306,94,248273,26.675942838723543
0.05,9307,6,248279,26.673721529866782
0.05,9308,75,248354,26.678912880008593
0.05,9309,-70,248284,26.668528464017186
0.05,9310,20,248304,26.667812265062828
0.05,9311,78,248382,26.67332474226804
0.05,9312,67,248449,26.677654891012562
0.05,9313,84,248533,26.683809319304274
0.05,9314,67,248600,26.688137412775095
0.05,9315,60,248660,26.691713181623015
0.05,9316,24,248684,26.691424278201136
0.05,9317,74,248758,26.696501395149173
0.05,9318,88,248846,26.70307972958472
0.05,9319,71,248917,26.70783261802575
0.05,9320,80,248997,26.713550048278083
0.05,9321,80,249077,26.71926625187728
0.05,9322,-54,249023,26.710608173334762
0.05,9323,89,249112,26.717288717288717
0.05,9324,93,249205,26.724396782841822
0.05,9325,-7,249198,26.720780613339052
0.05,9326,-98,249100,26.70740859869197
0.05,9327,88,249188,26.713979416809604
0.05,9328,32,249220,26.714546039232502
0.05,9329,-44,249176,26.706966773847803
0.05,9330,81,249257,26.712785339191942
0.05,9331,-61,249196,26.70338619802829
0.05,9332,85,249281,26.709632486874533
0.05,9333,82,249363,26.71555603171202
0.05,9334,28,249391,26.71569362613819
0.05,9335,86,249477,26.722043701799485
0.05,9336,89,249566,26.728713719610152
0.05,9337,89,249655,26.735382308845576
0.05,9338,4,249659,26.732947853089197
0.05,9339,15,249674,26.73169164882227
0.05,9340,38,249712,26.732897976662027
0.05,9341,9,249721,26.73099978591308
0.05,9342,87,249808,26.737450497698813
0.05,9343,85,249893,26.743685787671232
0.05,9344,60,249953,26.74724451578384
0.05,9345,89,250042,26.75390541408089
0.05,9346,93,250135,26.760992831924682
0.05,9347,86,250221,26.767329910141207
0.05,9348,86,250307,26.773665632687987
0.05,9349,79,250386,26.779251336898394
0.05,9350,41,250427,26.780772109934766
0.05,9351,-6,250421,26.777266894781864
0.05,9352,41,250462,26.778787554795255
0.05,9353,-76,250386,26.767799871712636
0.05,9354,26,250412,26.767717797969002
0.05,9355,68,250480,26.772124839675076
0.05,9356,75,250555,26.77727904242813
0.05,9357,82,250637,26.783180166702287
0.05,9358,-102,250535,26.769419809808742
0.05,9359,-70,250465,26.759081196581196
0.05,9360,70,250535,26.763700459352634
0.05,9361,85,250620,26.769920957060457
0.05,9362,45,250665,26.771867991028518
0.05,9363,86,250751,26.778193079880392
0.05,9364,56,250807,26.781313400961025
0.05,9365,80,250887,26.786995515695068
0.05,9366,80,250967,26.792676417209353
0.05,9367,55,251022,26.795687446626815
0.05,9368,81,251103,26.80147294268332
0.05,9369,-127,250976,26.785058697972254
0.05,9370,-302,250674,26.749973321950698
0.05,9371,35,250709,26.75085360648741
0.05,9372,89,250798,26.757494932252214
0.05,9373,78,250876,26.762961382547473
0.05,9374,92,250968,26.76992
0.05,9375,91,251059,26.7767704778157
0.05,9376,94,251153,26.78393942625573
0.05,9377,-38,251115,26.77703134996801
0.05,9378,91,251206,26.783878878345238
0.05,9379,37,251243,26.78496801705757
0.05,9380,51,251294,26.787549301780196
0.05,9381,81,251375,26.79332764868898
0.05,9382,12,251387,26.79175103911329
0.05,9383,-208,251179,26.76673060528559
0.05,9384,85,251264,26.772935535428875
0.05,9385,57,251321,26.776155976987003
0.05,9386,82,251403,26.78203899009268
0.05,9387,68,251471,26.78642948444823
0.05,9388,-91,251380,26.77388433272979
0.05,9389,93,251473,26.78093716719915
0.05,9390,57,251530,26.78415504206155
0.05,9391,91,251621,26.790992333901194
0.05,9392,84,251705,26.797082934099862
0.05,9393,75,251780,26.80221417926336
0.05,9394,68,251848,26.80659925492283
0.05,9395,-109,251739,26.792145593869733
0.05,9396,-73,251666,26.781526018942216
0.05,9397,51,251717,26.784103000638435
0.05,9398,42,251759,26.78572188530695
0.05,9399,-113,251646,26.770851063829788
0.05,9400,84,251730,26.776938623550684
0.05,9401,69,251799,26.781429483088704
0.05,9402,14,251813,26.78007019036478
0.05,9403,82,251895,26.785942152275627
0.05,9404,-42,251853,26.778628389154704
0.05,9405,68,251921,26.783010844142037
0.05,9406,84,252005,26.7890932284469
0.05,9407,-98,251907,26.775829081632654
0.05,9408,-94,251813,26.762992879158254
0.05,9409,-69,251744,26.752816153028693
0.05,9410,71,251815,26.757517798321114
0.05,9411,62,251877,26.76126221844454
0.05,9412,-43,251834,26.753851057048763
0.05,9413,23,251857,26.753452305077545
0.05,9414,0,251857,26.7506107275624
0.05,9415,94,251951,26.757752761257436
0.05,9416,-73,251878,26.74715939258787
0.05,9417,-11,251867,26.743151412189423
0.05,9418,6,251873,26.740949145344516
0.05,9419,84,251957,26.747027600849258
0.05,9420,-7,251950,26.743445494108904
0.05,9421,59,252009,26.74686902992995
0.05,9422,46,252055,26.748912236018253
0.05,9423,-27,252028,26.74320882852292
0.05,9424,88,252116,26.74970822281167
0.05,9425,92,252208,26.75663059622321
0.05,9426,-48,252160,26.74870054099926
0.05,9427,93,252253,26.755727619855747
0.05,9428,60,252313,26.759253367271185
0.05,9429,9,252322,26.757370095440084
0.05,9430,58,252380,26.760682854416288
0.05,9431,86,252466,26.76696352841391
0.05,9432,58,252524,26.770274568005938
0.05,9433,47,252571,26.772418910324358
0.05,9434,94,252665,26.779544250132485
0.05,9435,66,252731,26.78370072064434
0.05,9436,55,252786,26.786690685599236
0.05,9437,32,252818,26.787243059970333
0.05,9438,42,252860,26.788854751562667
0.05,9439,90,252950,26.795550847457626
0.05,9440,26,252976,26.79546658192988
0.05,9441,69,253045,26.799936454141072
0.05,9442,44,253089,26.801757915916554
0.05,9443,13,253102,26.80029648454045
0.05,9444,57,253159,26.803493912122818
0.05,9445,68,253227,26.807855176794412
0.05,9446,36,253263,26.80882819942839
0.05,9447,60,253323,26.812341236240474
0.05,9448,94,253417,26.819451793840617
0.05,9449,64,253481,26.823386243386242
0.05,9450,86,253567,26.829647656332664
0.05,9451,61,253628,26.83326280152349
0.05,9452,-59,253569,26.824182799111394
0.05,9453,79,253648,26.829701713560397
0.05,9454,44,253692,26.831517715494446
0.05,9455,-392,253300,26.787225042301184
0.05,9456,15,253315,26.785978640160728
0.05,9457,93,253408,26.792979488263903
0.05,9458,22,253430,26.79247277724918
0.05,9459,85,253515,26.79862579281184
0.05,9460,-135,253380,26.781524151780996
0.05,9461,-73,253307,26.770978651447898
0.05,9462,-79,253228,26.759801331501638
0.05,9463,78,253306,26.76521555367709
0.05,9464,-36,253270,26.758584257791863
0.05,9465,-47,253223,26.750792309317557
0.05,9466,-39,253184,26.743847047639168
0.05,9467,-196,252988,26.72032108153781
0.05,9468,-183,252805,26.698172985531734
0.05,9469,83,252888,26.704118268215417
0.05,9470,71,252959,26.708795269770878
0.05,9471,24,252983,26.70850929054054
0.05,9472,-56,252927,26.699778317322917
0.05,9473,43,252970,26.70149883892759
0.05,9474,10,252980,26.699736147757257
0.05,9475,71,253051,26.704411143942593
0.05,9476,-123,252928,26.688614540466393
0.05,9477,52,252980,26.691285081240768
0.05,9478,-4,252976,26.688047262369448
0.05,9479,-50,252926,26.679957805907172
0.05,9480,-13,252913,26.675772597827233
0.05,9481,-87,252826,26.663784011811853
0.05,9482,92,252918,26.67067383739323
0.05,9483,87,253005,26.677035006326445
0.05,9484,76,253081,26.682235108065367
0.05,9485,49,253130,26.684587813620073
0.05,9486,55,253185,26.687572467587223
0.05,9487,88,253273,26.69403456998314
0.05,9488,83,253356,26.699968384445146
0.05,9489,74,253430,26.70495258166491
0.05,9490,-47,253383,26.697186808555475
0.05,9491,-15,253368,26.692793931731984
0.05,9492,75,253443,26.69788265037396
0.05,9493,90,253533,26.704550242258268
0.05,9494,63,253596,26.70837282780411
0.05,9495,23,253619,26.707982308340355
0.05,9496,-54,253565,26.699484047593977
0.05,9497,73,253638,26.704358812381553
0.05,9498,55,253693,26.707337614485734
0.05,9499,86,253779,26.713578947368422
0.05,9500,65,253844,26.717608672771288
0.05,9501,5,253849,26.715323089875817
0.05,9502,87,253936,26.721666842049878
0.05,9503,21,253957,26.721064814814813
0.05,9504,-68,253889,26.71109942135718
0.05,9505,46,253935,26.71312855038923
0.05,9506,-91,253844,26.700746818134007
0.05,9507,88,253932,26.707193941943626
0.05,9508,87,254019,26.71353454621937
0.05,9509,53,254072,26.716298633017875
0.05,9510,48,254120,26.718536431500368
0.05,9511,56,254176,26.72161480235492
0.05,9512,70,254246,26.726164196362873
0.05,9513,87,254333,26.73249947445869
0.05,9514,81,254414,26.738202837624804
0.05,9515,10,254424,26.73644388398487
0.05,9516,31,254455,26.73689187769255
0.05,9517,26,254481,26.73681445681866
0.05,9518,81,254562,26.74251497005988
0.05,9519,85,254647,26.748634453781513
0.05,9520,79,254726,26.75412246612751
0.05,9521,84,254810,26.76013442554085
0.05,9522,57,254867,26.763309881339914
0.05,9523,82,254949,26.769109617807644
0.05,9524,76,255025,26.7742782152231
0.05,9525,82,255107,26.780075582616
0.05,9526,78,255185,26.785451873622335
0.05,9527,42,255227,26.78704869857263
0.05,9528,-13,255214,26.782873334032953
0.05,9529,-65,255149,26.77324239244491
0.05,9530,-52,255097,26.764977442031267
0.05,9531,55,255152,26.767939571968107
0.05,9532,55,255207,26.77090108045736
0.05,9533,41,255248,26.772393538913363
0.05,9534,80,255328,26.777975878342946
0.05,9535,-99,255229,26.764786073825505
0.05,9536,55,255284,26.76774667086086
0.05,9537,-18,255266,26.763053050954078
0.05,9538,4,255270,26.760666736555194
0.05,9539,90,255360,26.767295597484278
0.05,9540,-37,255323,26.76061209516822
0.05,9541,89,255412,26.767134772584363
0.05,9542,-254,255158,26.737713507282827
0.05,9543,35,255193,26.738579212070412
0.05,9544,89,255282,26.74510214772132
0.05,9545,93,255375,26.752042740414833
0.05,9546,60,255435,26.755525295904473
0.05,9547,54,255489,26.758378718056136
0.05,9548,90,255579,26.765001570845115
0.05,9549,48,255627,26.76722513089005
0.05,9550,93,255720,26.77415977384567
0.05,9551,-162,255558,26.75439698492462
0.05,9552,90,255648,26.76101748141945
0.05,9553,-66,255582,26.751308352522503
0.05,9554,23,255605,26.750915750915752
0.05,9555,79,255684,26.75638342402679
0.05,9556,91,255775,26.763105577063932
0.05,9557,9,255784,26.761247122829044
0.05,9558,2,255786,26.758656763259754
0.05,9559,-81,255705,26.747384937238493
0.05,9560,-144,255561,26.729526200188264
0.05,9561,56,255617,26.732587324827442
0.05,9562,91,255708,26.73930774861445
0.05,9563,-45,255663,26.73180677540778
0.05,9564,29,255692,26.732043910088866
0.05,9565,37,255729,26.733117290403513
0.05,9566,-67,255662,26.723319744956623
0.05,9567,13,255675,26.721885451505017
0.05,9568,94,255769,26.728916292193542
0.05,9569,94,255863,26.735945663531872
0.05,9570,-60,255803,26.726883293281787
0.05,9571,79,255882,26.732344337651483
0.05,9572,91,255973,26.73905776663533
0.05,9573,41,256014,26.74054731564654
0.05,9574,58,256072,26.743812010443865
0.05,9575,84,256156,26.749791144527986
0.05,9576,-57,256099,26.741046256656574
0.05,9577,90,256189,26.74765086656922
0.05,9578,-264,255925,26.717298256602987
0.05,9579,-22,255903,26.71221294363257
0.05,9580,68,255971,26.716522283686462
0.05,9581,-23,255948,26.711333750782718
0.05,9582,77,256025,26.716581446311174
0.05,9583,36,256061,26.717550083472453
0.05,9584,79,256140,26.72300469483568
0.05,9585,75,256215,26.728040892968913
0.05,9586,91,256306,26.734744967143005
0.05,9587,91,256397,26.741447642886943
0.05,9588,94,256491,26.74846177912191
0.05,9589,50,256541,26.750886339937434
0.05,9590,3,256544,26.748409967678032
0.05,9591,-71,256473,26.738219349457882
0.05,9592,47,256520,26.740331491712706
0.05,9593,89,256609,26.74682092974776
0.05,9594,73,256682,26.75164147993747
0.05,9595,12,256694,26.750104210087535
0.05,9596,91,256785,26.7567989996874
0.05,9597,41,256826,26.75828297561992
0.05,9598,30,256856,26.75862068965517
0.05,9599,-16,256840,26.754166666666666
0.05,9600,80,256920,26.759712529944796
0.05,9601,-320,256600,26.723599250156216
0.05,9602,86,256686,26.72977194626679
0.05,9603,52,256738,26.732403165347773
0.05,9604,-167,256571,26.712233211868817
0.05,9605,85,256656,26.718301061836353
0.05,9606,92,256748,26.725096283959612
0.05,9607,69,256817,26.7294962531224
0.05,9608,94,256911,26.736497034030595
0.05,9609,68,256979,26.74079084287201
0.05,9610,55,257034,26.743731141400477
0.05,9611,87,257121,26.75
0.05,9612,25,257146,26.749817954852805
0.05,9613,-14,257132,26.745579363428334
0.05,9614,7,257139,26.74352574102964
0.05,9615,-7,257132,26.740016638935106
0.05,9616,22,257154,26.739523760008318
0.05,9617,-183,256971,26.71771678103556
0.05,9618,63,257034,26.72148872024119
0.05,9619,-94,256940,26.70893970893971
0.05,9620,-53,256887,26.70065481758653
0.05,9621,81,256968,26.706298066929953
0.05,9622,93,257061,26.713187155772626
0.05,9623,32,257093,26.713736492103077
0.05,9624,64,257157,26.71761038961039
0.05,9625,91,257248,26.724288385622273
0.05,9626,79,257327,26.729718500051938
0.05,9627,-53,257274,26.72143747403407
0.05,9628,93,257367,26.728320697891785
0.05,9629,-26,257341,26.722845275181722
0.05,9630,91,257432,26.72951926072059
0.05,9631,18,257450,26.728612956810633
0.05,9632,24,257474,26.72832969998962
0.05,9633,93,257567,26.735208636080547
0.05,9634,-13,257554,26.731084587441618
0.05,9635,7,257561,26.72903694479037
0.05,9636,22,257583,26.728546228079278
0.05,9637,91,257674,26.735214774849553
0.05,9638,-133,257541,26.71864301276066
0.05,9639,85,257626,26.724688796680496
0.05,9640,91,257717,26.73135566849912
0.05,9641,-74,257643,26.72090852520224
0.05,9642,78,257721,26.726226278129214
0.05,9643,66,257787,26.73029863127333
0.05,9644,91,257878,26.7369621565578
0.05,9645,86,257964,26.74310595065312
0.05,9646,22,257986,26.74261428423344
0.05,9647,42,258028,26.74419568822554
0.05,9648,-15,258013,26.739869416519845
0.05,9649,93,258106,26.746735751295336
0.05,9650,81,258187,26.75235726867682
0.05,9651,24,258211,26.752072109407376
0.05,9652,-126,258085,26.73624779861183
0.05,9653,94,258179,26.743215247565775
0.05,9654,86,258265,26.749352667011912
0.05,9655,57,258322,26.752485501242752
0.05,9656,-163,258159,26.732836284560424
0.05,9657,89,258248,26.73928349554773
0.05,9658,2,258250,26.73672222797391
0.05,9659,88,258338,26.743064182194615
0.05,9660,38,258376,26.74422937584101
0.05,9661,75,258451,26.749223763196024
0.05,9662,47,258498,26.751319466004347
0.05,9663,73,258571,26.75610513245033
0.05,9664,-21,258550,26.751163993792034
0.05,9665,77,258627,26.756362507759157
0.05,9666,79,258706,26.761766835626357
0.05,9667,73,258779,26.766549441456352
0.05,9668,1,258780,26.76388457958424
0.05,9669,-80,258700,26.75284384694933
0.05,9670,91,258791,26.759487126460552
0.05,9671,89,258880,26.765922249793217
0.05,9672,53,258933,26.768634343016643
0.05,9673,92,259025,26.775377299979326
0.05,9674,24,259049,26.775090439276486
0.05,9675,-120,258929,26.759921455146756
0.05,9676,93,259022,26.76676655988426
0.05,9677,34,259056,26.76751394916305
0.05,9678,11,259067,26.76588490546544
0.05,9679,77,259144,26.771074380165288
0.05,9680,91,259235,26.77770891436835
0.05,9681,2,259237,26.775149762445775
0.05,9682,15,259252,26.773933698234018
0.05,9683,-8,259244,26.77034283353986
0.05,9684,86,259330,26.77645844088797
0.05,9685,-50,259280,26.768531901713814
0.05,9686,-13,259267,26.764426551047794
0.05,9687,90,259357,26.770953757225435
0.05,9688,73,259430,26.77572504902467
0.05,9689,92,259522,26.782456140350877
0.05,9690,-12,259510,26.77845423588897
0.05,9691,33,259543,26.779096161782913
0.05,9692,88,259631,26.785412153100175
0.05,9693,90,259721,26.791933154528575
0.05,9694,-63,259658,26.782671480144405
0.05,9695,86,259744,26.78877887788779
0.05,9696,88,259832,26.795091265339796
0.05,9697,29,259861,26.79531862239637
0.05,9698,77,259938,26.80049489638107
0.05,9699,64,260002,26.804329896907216
0.05,9700,77,260079,26.80950417482734
0.05,9701,-11,260068,26.805607091321377
0.05,9702,-488,259580,26.75255075749768
0.05,9703,43,259623,26.754225061830173
0.05,9704,37,259660,26.755280783101494
0.05,9705,92,259752,26.76200288481352
0.05,9706,90,259842,26.76851756464407
0.05,9707,87,259929,26.774721878862792
0.05,9708,-31,259898,26.768771243176435
0.05,9709,27,259925,26.768795056642638
0.05,9710,63,259988,26.772526001441665
0.05,9711,66,260054,26.77656507413509
0.05,9712,-34,260020,26.770307834860496
0.05,9713,70,260090,26.774758081120034
0.05,9714,63,260153,26.778486875965
0.05,9715,49,260202,26.780773981062165
0.05,9716,-40,260162,26.773901409900176
0.05,9717,76,260238,26.778966865610208
0.05,9718,-79,260159,26.768083136125117
0.05,9719,13,260172,26.766666666666666
0.05,9720,77,260249,26.771834173438947
0.05,9721,93,260342,26.778646369059864
0.05,9722,42,260384,26.780211868764784
0.05,9723,-63,260321,26.77097902097902
0.05,9724,38,260359,26.772133676092544
0.05,9725,34,260393,26.77287682500514
0.05,9726,-58,260335,26.764161612007815
0.05,9727,80,260415,26.76963404605263
0.05,9728,-55,260360,26.761229314420802
0.05,9729,85,260445,26.7672147995889
0.05,9730,45,260490,26.769088480115094
0.05,9731,86,260576,26.775174681463213
0.05,9732,9,260585,26.773348402342545
0.05,9733,-2,260583,26.77039243887405
0.05,9734,25,260608,26.770210580380073
0.05,9735,22,260630,26.769720624486443
0.05,9736,93,260723,26.776522542877682
0.05,9737,71,260794,26.781063873485316
0.05,9738,57,260851,26.78416675223329
0.05,9739,33,260884,26.784804928131418
0.05,9740,94,260978,26.79170516374089
0.05,9741,-186,260792,26.769862451242044
0.05,9742,-5,260787,26.766601662732217
0.05,9743,-30,260757,26.760775862068964
0.05,9744,87,260844,26.766957414058492
0.05,9745,57,260901,26.7700595115945
0.05,9746,67,260968,26.774186929311583
0.05,9747,86,261054,26.780262617972916
0.05,9748,30,261084,26.780592881321162
0.05,9749,2,261086,26.778051282051283
0.05,9750,-133,260953,26.761665470208182
0.05,9751,42,260995,26.76322805578343
0.05,9752,87,261082,26.769404285860762
0.05,9753,86,261168,26.77547672749641
0.05,9754,42,261210,26.77703741670938
0.05,9755,56,261266,26.780032800328005
0.05,9756,75,261341,26.784974889822692
0.05,9757,2,261343,26.782434925189587
0.05,9758,88,261431,26.788707859411826
0.05,9759,91,261522,26.7952868852459
0.05,9760,-6,261516,26.791927056654032
0.05,9761,48,261564,26.794099569760295
0.05,9762,49,261613,26.796374065348765
0.05,9763,42,261655,26.797931175747646
0.05,9764,71,261726,26.802457757296466
0.05,9765,-26,261700,26.79705099324186
0.05,9766,22,261722,26.796559844373913
0.05,9767,70,261792,26.8009828009828
0.05,9768,-23,261769,26.795884942163987
0.05,9769,74,261843,26.8007164790174
0.05,9770,27,261870,26.800736874424317
0.05,9771,15,261885,26.79952926729431
0.05,9772,25,261910,26.799345134554386
0.05,9773,-42,261868,26.79230611827297
0.05,9774,24,261892,26.792020460358057
0.05,9775,40,261932,26.793371522094926
0.05,9776,9,261941,26.79155160069551
0.05,9777,-27,261914,26.78605031703825
0.05,9778,93,262007,26.79282135187647
0.05,9779,94,262101,26.799693251533743
0.05,9780,-15,262086,26.795419691238116
0.05,9781,51,262137,26.797894091187896
0.05,9782,-37,262100,26.791372789532865
0.05,9783,92,262192,26.798037612428455
0.05,9784,94,262286,26.804905467552377
0.05,9785,-181,262105,26.78367054976497
0.05,9786,64,262169,26.78747317870645
0.05,9787,-190,261979,26.765324887617492
0.05,9788,-103,261876,26.75206864848299
0.05,9789,76,261952,26.757099080694587
0.05,9790,85,262037,26.76304769686447
0.05,9791,25,262062,26.762867647058822
0.05,9792,75,262137,26.76779332176044
0.05,9793,72,262209,26.772411680620788
0.05,9794,84,262293,26.778254211332314
0.05,9795,25,262318,26.778072682727643
0.05,9796,87,262405,26.78421965907931
0.05,9797,41,262446,26.785670545009186
0.05,9798,48,262494,26.787835493417695
0.05,9799,51,262545,26.79030612244898
0.05,9800,-23,262522,26.785225997347208
0.05,9801,68,262590,26.789430728422772
0.05,9802,50,262640,26.79179842905233
0.05,9803,67,262707,26.79589963280294
0.05,9804,-4,262703,26.792758796532382
0.05,9805,88,262791,26.799000611870284
0.05,9806,95,262886,26.805954930151934
0.05,9807,24,262910,26.805668841761825
0.05,9808,38,262948,26.806810072382508
0.05,9809,44,262992,26.8085626911315
0.05,9810,92,263084,26.815207420242587
0.05,9811,92,263176,26.821850794944964
0.05,9812,85,263261,26.827779476205034
0.05,9813,79,263340,26.83309557774608
0.05,9814,85,263425,26.83902190524707
0.05,9815,88,263513,26.845252648736757
0.05,9816,28,263541,26.845370276051746
0.05,9817,67,263608,26.84946017518843
0.05,9818,94,263702,26.85629901211936
0.05,9819,56,263758,26.85926680244399
0.05,9820,-92,263666,26.847164239894106
0.05,9821,7,263673,26.845143555284057
0.05,9822,-115,263558,26.83070345108419
0.05,9823,84,263642,26.83652280130293
0.05,9824,10,263652,26.834809160305344
0.05,9825,-14,263638,26.83065336861388
0.05,9826,54,263692,26.833418133713238
0.05,9827,59,263751,26.836691086691086
0.05,9828,69,263820,26.840980771187304
0.05,9829,88,263908,26.847202441505594
0.05,9830,71,263979,26.85169362221544
0.05,9831,78,264057,26.856895850284783
0.05,9832,71,264128,26.86138513169938
0.05,9833,74,264202,26.866178564165143
0.05,9834,84,264286,26.87198779867819
0.05,9835,51,264337,26.87444082960553
0.05,9836,-345,263992,26.836637186133984
0.05,9837,58,264050,26.839804838381784
0.05,9838,93,264143,26.84652911881289
0.05,9839,85,264228,26.852439024390243
0.05,9840,2,264230,26.849913626663955
0.05,9841,-53,264177,26.841800447063605
0.05,9842,12,264189,26.840292593721426
0.05,9843,51,264240,26.842746850873628
0.05,9844,22,264262,26.842254951752157
0.05,9845,78,264340,26.847450741417834
0.05,9846,60,264400,26.850817507870417
0.05,9847,-13,264387,26.846770917952885
0.05,9848,90,264477,26.853183064270485
0.05,9849,88,264565,26.859390862944164
0.05,9850,43,264608,26.861029337123135
0.05,9851,46,264654,26.862971985383677
0.05,9852,63,264717,26.86663960215163
0.05,9853,-158,264559,26.847879033894866
0.05,9854,94,264653,26.854693049213598
0.05,9855,-287,264366,26.822849025974026
0.05,9856,49,264415,26.82509891447702
0.05,9857,-60,264355,26.81629133698519
0.05,9858,70,264425,26.820671467694492
0.05,9859,91,264516,26.827180527383366
0.05,9860,89,264605,26.833485447723355
0.05,9861,-174,264431,26.81312107077672
0.05,9862,29,264460,26.81334279630944
0.05,9863,89,264549,26.819647201946474
0.05,9864,17,264566,26.81865179929042
0.05,9865,92,264658,26.82525846340969
0.05,9866,87,264745,26.83135704874835
0.05,9867,37,264782,26.832387515200647
0.05,9868,79,264861,26.83767352315331
0.05,9869,89,264950,26.843971631205672
0.05,9870,51,265001,26.846418802552932
0.05,9871,86,265087,26.85241085899514
0.05,9872,65,265152,26.856274688544516
0.05,9873,92,265244,26.86287218958882
0.05,9874,-12,265232,26.85893670886076
0.05,9875,67,265299,26.863001215066827
0.05,9876,76,265375,26.867976106105093
0.05,9877,-234,265141,26.84156711884997
0.05,9878,52,265193,26.844113776698045
0.05,9879,18,265211,26.843218623481782
0.05,9880,93,265304,26.849913976318188
0.05,9881,4,265308,26.847601700060718
0.05,9882,48,265356,26.849741981179804
0.05,9883,85,265441,26.855625252934036
0.05,9884,69,265510,26.85988872028326
0.05,9885,68,265578,26.864050171960347
0.05,9886,55,265633,26.86689592394053
0.05,9887,-30,265603,26.861144822006473
0.05,9888,53,265656,26.86378804732531
0.05,9889,16,265672,26.86268958543984
0.05,9890,66,265738,26.86664644626428
0.05,9891,-50,265688,26.858875859280225
0.05,9892,57,265745,26.861922571515212
0.05,9893,72,265817,26.866484738225186
0.05,9894,94,265911,26.873269327943405
0.05,9895,83,265994,26.878940986257074
0.05,9896,93,266087,26.885621905627968
0.05,9897,90,266177,26.89199838351182
0.05,9898,93,266270,26.898676634003436
0.05,9899,51,266321,26.90111111111111
0.05,9900,22,266343,26.9006160993839
0.05,9901,90,266433,26.90698848717431
0.05,9902,66,266499,26.910936079975766
0.05,9903,48,266547,26.913065428109853
0.05,9904,-18,266529,26.908531044926804
0.05,9905,26,266555,26.90843932969917
0.05,9906,-75,266480,26.89815282123751
0.05,9907,20,266500,26.897456600726684
0.05,9908,82,266582,26.90301745887577
0.05,9909,87,266669,26.909081735620585
0.05,9910,89,266758,26.915346584602965
0.05,9911,-50,266708,26.907586763518967
0.05,9912,14,266722,26.90628467668718
0.05,9913,88,266810,26.912447044583416
0.05,9914,93,266903,26.919112455874938
0.05,9915,-22,266881,26.91417910447761
0.05,9916,90,266971,26.92054048603408
0.05,9917,-42,266929,26.91359144988909
0.05,9918,87,267016,26.91964915818127
0.05,9919,74,267090,26.924395161290324
0.05,9920,32,267122,26.924906763431107
0.05,9921,75,267197,26.929752066115704
0.05,9922,92,267289,26.93630958379522
0.05,9923,68,267357,26.940447400241837
0.05,9924,70,267427,26.94478589420655
0.05,9925,33,267460,26.94539592988112
0.05,9926,63,267523,26.949027903696987
0.05,9927,72,267595,26.95356567284448
0.05,9928,77,267672,26.95860610333367
0.05,9929,38,267710,26.959718026183282
0.05,9930,85,267795,26.96556238042493
0.05,9931,90,267885,26.971908981071284
0.05,9932,-70,267815,26.962146380751033
0.05,9933,91,267906,26.96859271189853
0.05,9934,85,267991,26.97443381982889
0.05,9935,-14,267977,26.97030998389694
0.05,9936,93,268070,26.976954815336622
0.05,9937,-11,268059,26.973133427248943
0.05,9938,46,268105,26.975047791528322
0.05,9939,19,268124,26.974245472837023
0.05,9940,68,268192,26.978372397143144
0.05,9941,11,268203,26.97676523838262
0.05,9942,74,268277,26.981494518756914
0.05,9943,86,268363,26.98742960579244
0.05,9944,4,268367,26.985118149824032
0.05,9945,78,268445,26.990247335612306
0.05,9946,80,268525,26.99557655574545
0.05,9947,61,268586,26.99899477281866
0.05,9948,3,268589,26.996582571112675
0.05,9949,13,268602,26.995175879396985
0.05,9950,82,268684,27.00070344688976
0.05,9951,90,268774,27.007033762057876
0.05,9952,65,268839,27.010850999698583
0.05,9953,-60,268779,27.00210970464135
0.05,9954,62,268841,27.005625313912606
0.05,9955,-55,268786,26.997388509441542
0.05,9956,94,268880,27.004117706136388
0.05,9957,23,268903,27.00371560554328
0.05,9958,94,268997,27.01044281554373
0.05,9959,-180,268817,26.989658634538152
0.05,9960,-109,268708,26.976006425057726
0.05,9961,56,268764,26.978919895603294
0.05,9962,80,268844,26.984241694268796
0.05,9963,70,268914,26.9885588117222
0.05,9964,94,269008,26.99528349222278
0.05,9965,-6,269002,26.991972707204496
0.05,9966,65,269067,26.995786094110564
0.05,9967,18,269085,26.994883627608345
0.05,9968,87,269172,27.000902798675895
0.05,9969,88,269260,27.00702106318957
0.05,9970,90,269350,27.01333868217832
0.05,9971,84,269434,27.019053349378257
0.05,9972,93,269527,27.02566930712925
0.05,9973,74,269601,27.030378985361942
0.05,9974,56,269657,27.033283208020052
0.05,9975,64,269721,27.036988773055334
0.05,9976,-156,269565,27.018642878620827
0.05,9977,-95,269470,27.006414111044297
0.05,9978,44,269514,27.008117045796173
0.05,9979,57,269571,27.011122244488977
0.05,9980,-3,269568,27.008115419296665
0.05,9981,84,269652,27.013824884792626
0.05,9982,93,269745,27.020434739056395
0.05,9983,88,269833,27.02654246794872
0.05,9984,-159,269674,27.007911867801702
0.05,9985,55,269729,27.0107150010014
0.05,9986,86,269815,27.016621608090517
0.05,9987,-52,269763,27.008710452543053
0.05,9988,76,269839,27.01361497647412
0.05,9989,17,269856,27.012612612612614
0.05,9990,86,269942,27.018516664998497
0.05,9991,-252,269690,26.990592473979184
0.05,9992,91,269781,26.99699789852897
0.05,9993,-33,269748,26.990994596758053
0.05,9994,27,269775,26.990995497748873
0.05,9995,92,269867,26.99749899959984
0.05,9996,71,269938,27.001900570171053
0.05,9997,29,269967,27.002100420084016
0.05,9998,-76,269891,26.99179917991799
0.05,9999,60,269951,26.9951
