0.2,0,26,26,26.0
0.2,1,84,110,55.0
0.2,2,-106,4,1.3333333333333333
0.2,3,88,92,23.0
0.2,4,-75,17,3.4
0.2,5,72,89,14.833333333333334
0.2,6,68,157,22.428571428571427
0.2,7,85,242,30.25
0.2,8,76,318,35.333333333333336
0.2,9,39,357,35.7
0.2,10,74,431,39.18181818181818
0.2,11,33,464,38.666666666666664
0.2,12,-16,448,34.46153846153846
0.2,13,-28,420,30.0
0.2,14,58,478,31.866666666666667
0.2,15,44,522,32.625
0.2,16,87,609,35.8235294117647
0.2,17,39,648,36.0
0.2,18,86,734,38.63157894736842
0.2,19,62,796,39.8
0.2,20,72,868,41.333333333333336
0.2,21,72,940,42.72727272727273
0.2,22,74,1014,44.08695652173913
0.2,23,-104,910,37.916666666666664
0.2,24,8,918,36.72
0.2,25,73,991,38.11538461538461
0.2,26,14,1005,37.22222222222222
0.2,27,24,1029,36.75
0.2,28,61,1090,37.58620689655172
0.2,29,49,1139,37.96666666666667
0.2,30,-97,1042,33.61290322580645
0.2,31,91,1133,35.40625
0.2,32,75,1208,36.60606060606061
0.2,33,94,1302,38.294117647058826
0.2,34,-46,1256,35.885714285714286
0.2,35,77,1333,37.02777777777778
0.2,36,-75,1258,34.0
0.2,37,-30,1228,32.31578947368421
0.2,38,80,1308,33.53846153846154
0.2,39,91,1399,34.975
0.2,40,80,1479,36.073170731707314
0.2,41,-203,1276,30.38095238095238
0.2,42,-13,1263,29.372093023255815
0.2,43,47,1310,29.772727272727273
0.2,44,92,1402,31.155555555555555
0.2,45,88,1490,32.391304347826086
0.2,46,63,1553,33.04255319148936
0.2,47,24,1577,32.854166666666664
0.2,48,-27,1550,31.632653061224488
0.2,49,40,1590,31.8
0.2,50,47,1637,32.09803921568628
0.2,51,59,1696,32.61538461538461
0.2,52,69,1765,33.301886792452834
0.2,53,93,1858,34.407407407407405
0.2,54,89,1947,35.4
0.2,55,80,2027,36.19642857142857
0.2,56,41,2068,36.280701754385966
0.2,57,35,2103,36.258620689655174
0.2,58,88,2191,37.13559322033898
0.2,59,-159,2032,33.86666666666667
0.2,60,82,2114,34.65573770491803
0.2,61,-85,2029,32.725806451612904
0.2,62,54,2083,33.06349206349206
0.2,63,81,2164,33.8125
0.2,64,-42,2122,32.646153846153844
0.2,65,39,2161,32.74242424242424
0.2,66,-44,2117,31.597014925373134
0.2,67,-66,2051,30.16176470588235
0.2,68,73,2124,30.782608695652176
0.2,69,20,2144,30.62857142857143
0.2,70,33,2177,30.661971830985916
0.2,71,-57,2120,29.444444444444443
0.2,72,81,2201,30.15068493150685
0.2,73,66,2267,30.635135135135137
0.2,74,58,2325,31.0
0.2,75,87,2412,31.736842105263158
0.2,76,22,2434,31.61038961038961
0.2,77,75,2509,32.166666666666664
0.2,78,66,2575,32.59493670886076
0.2,79,17,2592,32.4
0.2,80,3,2595,32.03703703703704
0.2,81,53,2648,32.292682926829265
0.2,82,77,2725,32.83132530120482
0.2,83,89,2814,33.5
0.2,84,83,2897,34.082352941176474
0.2,85,-90,2807,32.63953488372093
0.2,86,71,2878,33.08045977011494
0.2,87,40,2918,33.15909090909091
0.2,88,36,2954,33.19101123595506
0.2,89,71,3025,33.611111111111114
0.2,90,-53,2972,32.65934065934066
0.2,91,75,3047,33.119565217391305
0.2,92,28,3075,33.064516129032256
0.2,93,75,3150,33.51063829787234
0.2,94,92,3242,34.126315789473686
0.2,95,87,3329,34.677083333333336
0.2,96,67,3396,35.01030927835052
0.2,97,61,3457,35.275510204081634
0.2,98,93,3550,35.85858585858586
0.2,99,23,3573,35.73
0.2,100,-222,3351,33.17821782178218
0.2,101,85,3436,33.68627450980392
0.2,102,43,3479,33.77669902912621
0.2,103,59,3538,34.01923076923077
0.2,104,17,3555,33.857142857142854
0.2,105,93,3648,34.41509433962264
0.2,106,-98,3550,33.177570093457945
0.2,107,20,3570,33.05555555555556
0.2,108,88,3658,33.559633027522935
0.2,109,-145,3513,31.936363636363637
0.2,110,-12,3501,31.54054054054054
0.2,111,79,3580,31.964285714285715
0.2,112,87,3667,32.45132743362832
0.2,113,47,3714,32.578947368421055
0.2,114,90,3804,33.07826086956522
0.2,115,87,3891,33.543103448275865
0.2,116,58,3949,33.75213675213675
0.2,117,85,4034,34.186440677966104
0.2,118,88,4122,34.63865546218487
0.2,119,73,4195,34.958333333333336
0.2,120,-24,4171,34.47107438016529
0.2,121,26,4197,34.40163934426229
0.2,122,94,4291,34.886178861788615
0.2,123,71,4362,35.17741935483871
0.2,124,34,4396,35.168
0.2,125,12,4408,34.98412698412698
0.2,126,35,4443,34.98425196850393
0.2,127,91,4534,35.421875
0.2,128,91,4625,35.85271317829457
0.2,129,82,4707,36.207692307692305
0.2,130,-70,4637,35.396946564885496
0.2,131,88,4725,35.79545454545455
0.2,132,-159,4566,34.330827067669176
0.2,133,86,4652,34.71641791044776
0.2,134,89,4741,35.11851851851852
0.2,135,92,4833,35.536764705882355
0.2,136,74,4907,35.81751824817518
0.2,137,59,4966,35.98550724637681
0.2,138,71,5037,36.23741007194245
0.2,139,87,5124,36.6
0.2,140,42,5166,36.638297872340424
0.2,141,52,5218,36.74647887323944
0.2,142,85,5303,37.08391608391609
0.2,143,-37,5266,36.56944444444444
0.2,144,46,5312,36.63448275862069
0.2,145,69,5381,36.85616438356164
0.2,146,78,5459,37.136054421768705
0.2,147,90,5549,37.49324324324324
0.2,148,50,5599,37.577181208053695
0.2,149,94,5693,37.95333333333333
0.2,150,20,5713,37.83443708609271
0.2,151,70,5783,38.046052631578945
0.2,152,35,5818,38.02614379084967
0.2,153,52,5870,38.116883116883116
0.2,154,93,5963,38.47096774193548
0.2,155,-98,5865,37.59615384615385
0.2,156,80,5945,37.86624203821656
0.2,157,53,5998,37.962025316455694
0.2,158,52,6050,38.0503144654088
0.2,159,-16,6034,37.7125
0.2,160,-5,6029,37.4472049689441
0.2,161,91,6120,37.77777777777778
0.2,162,-6,6114,37.50920245398773
0.2,163,79,6193,37.76219512195122
0.2,164,66,6259,37.93333333333333
0.2,165,-4,6255,37.68072289156626
0.2,166,61,6316,37.82035928143713
0.2,167,58,6374,37.94047619047619
0.2,168,93,6467,38.26627218934911
0.2,169,65,6532,38.423529411764704
0.2,170,-56,6476,37.87134502923977
0.2,171,84,6560,38.13953488372093
0.2,172,71,6631,38.32947976878613
0.2,173,11,6642,38.172413793103445
0.2,174,34,6676,38.14857142857143
0.2,175,39,6715,38.15340909090909
0.2,176,-26,6689,37.7909604519774
0.2,177,-259,6430,36.12359550561798
0.2,178,94,6524,36.44692737430167
0.2,179,-73,6451,35.83888888888889
0.2,180,73,6524,36.04419889502763
0.2,181,68,6592,36.21978021978022
0.2,182,18,6610,36.12021857923497
0.2,183,63,6673,36.266304347826086
0.2,184,93,6766,36.57297297297297
0.2,185,22,6788,36.494623655913976
0.2,186,33,6821,36.475935828877006
0.2,187,87,6908,36.744680851063826
0.2,188,80,6988,36.973544973544975
0.2,189,-56,6932,36.48421052631579
0.2,190,63,6995,36.62303664921466
0.2,191,-41,6954,36.21875
0.2,192,-94,6860,35.5440414507772
0.2,193,-120,6740,34.74226804123711
0.2,194,72,6812,34.93333333333333
0.2,195,-22,6790,34.642857142857146
0.2,196,-47,6743,34.22842639593909
0.2,197,80,6823,34.45959595959596
0.2,198,-215,6608,33.20603015075377
0.2,199,93,6701,33.505
0.2,200,73,6774,33.701492537313435
0.2,201,-7,6767,33.5
0.2,202,72,6839,33.689655172413794
0.2,203,94,6933,33.98529411764706
0.2,204,83,7016,34.22439024390244
0.2,205,78,7094,34.43689320388349
0.2,206,-28,7066,34.13526570048309
0.2,207,83,7149,34.37019230769231
0.2,208,10,7159,34.25358851674641
0.2,209,94,7253,34.53809523809524
0.2,210,61,7314,34.66350710900474
0.2,211,91,7405,34.929245283018865
0.2,212,39,7444,34.948356807511736
0.2,213,-19,7425,34.69626168224299
0.2,214,63,7488,34.82790697674419
0.2,215,-64,7424,34.370370370370374
0.2,216,78,7502,34.57142857142857
0.2,217,-2,7500,34.403669724770644
0.2,218,90,7590,34.657534246575345
0.2,219,-53,7537,34.25909090909091
0.2,220,92,7629,34.52036199095023
0.2,221,-43,7586,34.171171171171174
0.2,222,81,7667,34.38116591928251
0.2,223,94,7761,34.64732142857143
0.2,224,94,7855,34.91111111111111
0.2,225,86,7941,35.13716814159292
0.2,226,-197,7744,34.11453744493392
0.2,227,65,7809,34.25
0.2,228,47,7856,34.30567685589519
0.2,229,91,7947,34.552173913043475
0.2,230,94,8041,34.80952380952381
0.2,231,86,8127,35.0301724137931
0.2,232,75,8202,35.201716738197426
0.2,233,92,8294,35.44444444444444
0.2,234,93,8387,35.68936170212766
0.2,235,88,8475,35.91101694915254
0.2,236,-19,8456,35.67932489451477
0.2,237,-41,8415,35.357142857142854
0.2,238,66,8481,35.48535564853557
0.2,239,26,8507,35.44583333333333
0.2,240,75,8582,35.60995850622407
0.2,241,-28,8554,35.34710743801653
0.2,242,83,8637,35.54320987654321
0.2,243,-70,8567,35.11065573770492
0.2,244,-85,8482,34.6204081632653
0.2,245,93,8575,34.857723577235774
0.2,246,91,8666,35.08502024291498
0.2,247,76,8742,35.25
0.2,248,26,8768,35.21285140562249
0.2,249,94,8862,35.448
0.2,250,40,8902,35.46613545816733
0.2,251,48,8950,35.51587301587302
0.2,252,45,8995,35.55335968379447
0.2,253,89,9084,35.76377952755905
0.2,254,93,9177,35.98823529411764
0.2,255,80,9257,36.16015625
0.2,256,12,9269,36.06614785992218
0.2,257,-154,9115,35.32945736434109
0.2,258,89,9204,35.536679536679536
0.2,259,88,9292,35.738461538461536
0.2,260,-192,9100,34.86590038314176
0.2,261,18,9118,34.80152671755725
0.2,262,-24,9094,34.57794676806083
0.2,263,-3,9091,34.43560606060606
0.2,264,85,9176,34.62641509433962
0.2,265,77,9253,34.785714285714285
0.2,266,89,9342,34.98876404494382
0.2,267,-65,9277,34.615671641791046
0.2,268,83,9360,34.795539033457246
0.2,269,49,9409,34.84814814814815
0.2,270,-163,9246,34.11808118081181
0.2,271,-30,9216,33.88235294117647
0.2,272,39,9255,33.9010989010989
0.2,273,63,9318,34.00729927007299
0.2,274,23,9341,33.96727272727273
0.2,275,93,9434,34.18115942028985
0.2,276,56,9490,34.25992779783393
0.2,277,73,9563,34.39928057553957
0.2,278,90,9653,34.598566308243726
0.2,279,31,9684,34.58571428571429
0.2,280,-2,9682,34.455516014234874
0.2,281,-4,9678,34.319148936170215
0.2,282,-137,9541,33.71378091872791
0.2,283,49,9590,33.767605633802816
0.2,284,57,9647,33.849122807017544
0.2,285,58,9705,33.93356643356643
0.2,286,86,9791,34.11498257839721
0.2,287,-31,9760,33.888888888888886
0.2,288,89,9849,34.0795847750865
0.2,289,-98,9751,33.62413793103448
0.2,290,-28,9723,33.41237113402062
0.2,291,72,9795,33.544520547945204
0.2,292,91,9886,33.74061433447099
0.2,293,89,9975,33.92857142857143
0.2,294,92,10067,34.12542372881356
0.2,295,80,10147,34.2804054054054
0.2,296,76,10223,34.42087542087542
0.2,297,18,10241,34.36577181208054
0.2,298,52,10293,34.424749163879596
0.2,299,-17,10276,34.25333333333333
0.2,300,84,10360,34.41860465116279
0.2,301,71,10431,34.53973509933775
0.2,302,72,10503,34.663366336633665
0.2,303,80,10583,34.8125
0.2,304,84,10667,34.97377049180328
0.2,305,82,10749,35.127450980392155
0.2,306,-13,10736,34.97068403908795
0.2,307,-134,10602,34.422077922077925
0.2,308,42,10644,34.44660194174757
0.2,309,72,10716,34.56774193548387
0.2,310,84,10800,34.72668810289389
0.2,311,-92,10708,34.32051282051282
0.2,312,93,10801,34.50798722044728
0.2,313,60,10861,34.589171974522294
0.2,314,32,10893,34.58095238095238
0.2,315,3,10896,34.48101265822785
0.2,316,17,10913,34.42586750788644
0.2,317,46,10959,34.4622641509434
0.2,318,-16,10943,34.30407523510972
0.2,319,44,10987,34.334375
0.2,320,84,11071,34.48909657320872
0.2,321,-15,11056,34.33540372670807
0.2,322,76,11132,34.46439628482972
0.2,323,91,11223,34.638888888888886
0.2,324,68,11291,34.74153846153846
0.2,325,89,11380,34.9079754601227
0.2,326,51,11431,34.957186544342505
0.2,327,-24,11407,34.77743902439025
0.2,328,-12,11395,34.63525835866261
0.2,329,-455,10940,33.15151515151515
0.2,330,67,11007,33.25377643504532
0.2,331,-130,10877,32.76204819277108
0.2,332,76,10953,32.891891891891895
0.2,333,-49,10904,32.64670658682635
0.2,334,52,10956,32.7044776119403
0.2,335,64,11020,32.79761904761905
0.2,336,70,11090,32.9080118694362
0.2,337,80,11170,33.04733727810651
0.2,338,55,11225,33.11209439528024
0.2,339,26,11251,33.09117647058824
0.2,340,85,11336,33.24340175953079
0.2,341,-110,11226,32.824561403508774
0.2,342,36,11262,32.83381924198251
0.2,343,81,11343,32.973837209302324
0.2,344,79,11422,33.107246376811595
0.2,345,30,11452,33.09826589595376
0.2,346,23,11475,33.069164265129686
0.2,347,29,11504,33.05747126436781
0.2,348,94,11598,33.232091690544415
0.2,349,85,11683,33.38
0.2,350,38,11721,33.39316239316239
0.2,351,-31,11690,33.21022727272727
0.2,352,84,11774,33.35410764872521
0.2,353,27,11801,33.336158192090394
0.2,354,90,11891,33.49577464788732
0.2,355,73,11964,33.60674157303371
0.2,356,-221,11743,32.89355742296919
0.2,357,88,11831,33.047486033519554
0.2,358,13,11844,32.991643454039
0.2,359,51,11895,33.041666666666664
0.2,360,90,11985,33.199445983379505
0.2,361,86,12071,33.34530386740332
0.2,362,72,12143,33.451790633608816
0.2,363,65,12208,33.53846153846154
0.2,364,24,12232,33.512328767123286
0.2,365,92,12324,33.67213114754098
0.2,366,41,12365,33.69209809264305
0.2,367,-2,12363,33.59510869565217
0.2,368,24,12387,33.56910569105691
0.2,369,89,12476,33.71891891891892
0.2,370,94,12570,33.881401617250674
0.2,371,-239,12331,33.14784946236559
0.2,372,-12,12319,33.02680965147453
0.2,373,72,12391,33.13101604278075
0.2,374,-23,12368,32.98133333333333
0.2,375,24,12392,32.95744680851064
0.2,376,32,12424,32.95490716180371
0.2,377,78,12502,33.074074074074076
0.2,378,70,12572,33.17150395778364
0.2,379,-50,12522,32.95263157894737
0.2,380,23,12545,32.92650918635171
0.2,381,52,12597,32.97643979057592
0.2,382,47,12644,33.0130548302872
0.2,383,58,12702,33.078125
0.2,384,69,12771,33.17142857142857
0.2,385,78,12849,33.28756476683938
0.2,386,-37,12812,33.10594315245478
0.2,387,-22,12790,32.9639175257732
0.2,388,62,12852,33.03856041131105
0.2,389,29,12881,33.02820512820513
0.2,390,10,12891,32.969309462915604
0.2,391,87,12978,33.107142857142854
0.2,392,26,13004,33.089058524173026
0.2,393,-87,12917,32.78426395939086
0.2,394,29,12946,32.7746835443038
0.2,395,-31,12915,32.61363636363637
0.2,396,92,13007,32.7632241813602
0.2,397,69,13076,32.85427135678392
0.2,398,22,13098,32.82706766917293
0.2,399,92,13190,32.975
0.2,400,60,13250,33.042394014962596
0.2,401,23,13273,33.017412935323385
0.2,402,65,13338,33.096774193548384
0.2,403,78,13416,33.20792079207921
0.2,404,68,13484,33.29382716049383
0.2,405,90,13574,33.433497536945815
0.2,406,6,13580,33.36609336609337
0.2,407,61,13641,33.43382352941177
0.2,408,93,13734,33.57946210268948
0.2,409,91,13825,33.71951219512195
0.2,410,18,13843,33.681265206812654
0.2,411,24,13867,33.657766990291265
0.2,412,83,13950,33.7772397094431
0.2,413,-101,13849,33.45169082125604
0.2,414,87,13936,33.58072289156627
0.2,415,93,14029,33.72355769230769
0.2,416,-188,13841,33.19184652278177
0.2,417,15,13856,33.14832535885167
0.2,418,72,13928,33.24105011933174
0.2,419,94,14022,33.385714285714286
0.2,420,93,14115,33.527315914489314
0.2,421,-19,14096,33.40284360189573
0.2,422,0,14096,33.32387706855792
0.2,423,-32,14064,33.16981132075472
0.2,424,-132,13932,32.781176470588235
0.2,425,2,13934,32.708920187793424
0.2,426,-129,13805,32.33021077283372
0.2,427,68,13873,32.41355140186916
0.2,428,52,13925,32.45920745920746
0.2,429,79,14004,32.56744186046512
0.2,430,92,14096,32.70533642691415
0.2,431,86,14182,32.8287037037037
0.2,432,-28,14154,32.68822170900693
0.2,433,71,14225,32.776497695852534
0.2,434,-15,14210,32.666666666666664
0.2,435,-14,14196,32.559633027522935
0.2,436,42,14238,32.58123569794051
0.2,437,90,14328,32.71232876712329
0.2,438,79,14407,32.817767653758544
0.2,439,35,14442,32.82272727272727
0.2,440,84,14526,32.93877551020408
0.2,441,56,14582,32.990950226244344
0.2,442,-118,14464,32.65011286681715
0.2,443,6,14470,32.590090090090094
0.2,444,92,14562,32.72359550561798
0.2,445,80,14642,32.82959641255606
0.2,446,87,14729,32.950782997762865
0.2,447,18,14747,32.917410714285715
0.2,448,87,14834,33.037861915367486
0.2,449,34,14868,33.04
0.2,450,94,14962,33.175166297117514
0.2,451,4,14966,33.110619469026545
0.2,452,89,15055,33.23399558498896
0.2,453,58,15113,33.28854625550661
0.2,454,94,15207,33.42197802197802
0.2,455,75,15282,33.51315789473684
0.2,456,81,15363,33.61706783369803
0.2,457,80,15443,33.71834061135371
0.2,458,88,15531,33.83660130718954
0.2,459,78,15609,33.93260869565217
0.2,460,94,15703,34.06290672451193
0.2,461,87,15790,34.17748917748918
0.2,462,70,15860,34.254859611231105
0.2,463,92,15952,34.37931034482759
0.2,464,77,16029,34.47096774193548
0.2,465,93,16122,34.59656652360515
0.2,466,36,16158,34.599571734475376
0.2,467,78,16236,34.69230769230769
0.2,468,90,16326,34.81023454157783
0.2,469,-92,16234,34.54042553191489
0.2,470,16,16250,34.50106157112526
0.2,471,13,16263,34.45550847457627
0.2,472,-69,16194,34.23678646934461
0.2,473,85,16279,34.34388185654009
0.2,474,93,16372,34.46736842105263
0.2,475,22,16394,34.44117647058823
0.2,476,90,16484,34.55765199161426
0.2,477,35,16519,34.55857740585774
0.2,478,-3,16516,34.48016701461378
0.2,479,94,16610,34.604166666666664
0.2,480,17,16627,34.567567567567565
0.2,481,79,16706,34.6597510373444
0.2,482,87,16793,34.768115942028984
0.2,483,53,16846,34.80578512396694
0.2,484,-84,16762,34.56082474226804
0.2,485,48,16810,34.58847736625514
0.2,486,-119,16691,34.27310061601643
0.2,487,31,16722,34.26639344262295
0.2,488,10,16732,34.21676891615542
0.2,489,88,16820,34.326530612244895
0.2,490,68,16888,34.39511201629328
0.2,491,94,16982,34.516260162601625
0.2,492,94,17076,34.6369168356998
0.2,493,78,17154,34.7246963562753
0.2,494,40,17194,34.73535353535353
0.2,495,91,17285,34.84879032258065
0.2,496,2,17287,34.78269617706238
0.2,497,92,17379,34.897590361445786
0.2,498,93,17472,35.014028056112224
0.2,499,53,17525,35.05
0.2,500,-188,17337,34.604790419161674
0.2,501,40,17377,34.61553784860558
0.2,502,74,17451,34.693836978131216
0.2,503,-106,17345,34.41468253968254
0.2,504,-120,17225,34.10891089108911
0.2,505,-11,17214,34.019762845849804
0.2,506,60,17274,34.071005917159766
0.2,507,-28,17246,33.94881889763779
0.2,508,-58,17188,33.76817288801572
0.2,509,90,17278,33.87843137254902
0.2,510,92,17370,33.992172211350294
0.2,511,73,17443,34.068359375
0.2,512,78,17521,34.15399610136452
0.2,513,-33,17488,34.023346303501945
0.2,514,65,17553,34.08349514563107
0.2,515,18,17571,34.05232558139535
0.2,516,87,17658,34.154738878143135
0.2,517,-5,17653,34.07915057915058
0.2,518,-37,17616,33.94219653179191
0.2,519,88,17704,34.04615384615385
0.2,520,-241,17463,33.51823416506718
0.2,521,91,17554,33.628352490421456
0.2,522,92,17646,33.73996175908222
0.2,523,73,17719,33.81488549618321
0.2,524,63,17782,33.87047619047619
0.2,525,94,17876,33.98479087452471
0.2,526,62,17938,34.03795066413662
0.2,527,77,18015,34.11931818181818
0.2,528,90,18105,34.22495274102079
0.2,529,34,18139,34.22452830188679
0.2,530,-71,18068,34.026365348399246
0.2,531,57,18125,34.06954887218045
0.2,532,84,18209,34.16322701688556
0.2,533,-14,18195,34.07303370786517
0.2,534,89,18284,34.17570093457944
0.2,535,-283,18001,33.583955223880594
0.2,536,35,18036,33.58659217877095
0.2,537,-48,17988,33.43494423791822
0.2,538,24,18012,33.41743970315399
0.2,539,21,18033,33.394444444444446
0.2,540,46,18079,33.4177449168207
0.2,541,-13,18066,33.33210332103321
0.2,542,90,18156,33.43646408839779
0.2,543,-38,18118,33.30514705882353
0.2,544,-156,17962,32.95779816513762
0.2,545,-145,17817,32.63186813186813
0.2,546,66,17883,32.692870201096895
0.2,547,71,17954,32.762773722627735
0.2,548,57,18011,32.806921675774134
0.2,549,-20,17991,32.71090909090909
0.2,550,87,18078,32.809437386569876
0.2,551,85,18163,32.903985507246375
0.2,552,29,18192,32.89692585895118
0.2,553,11,18203,32.85740072202166
0.2,554,79,18282,32.94054054054054
0.2,555,33,18315,32.94064748201439
0.2,556,16,18331,32.91023339317774
0.2,557,1,18332,32.85304659498208
0.2,558,-17,18315,32.76386404293381
0.2,559,93,18408,32.871428571428574
0.2,560,90,18498,32.973262032085564
0.2,561,93,18591,33.080071174377224
0.2,562,51,18642,33.11190053285968
0.2,563,2,18644,33.05673758865248
0.2,564,86,18730,33.150442477876105
0.2,565,35,18765,33.15371024734982
0.2,566,-208,18557,32.72839506172839
0.2,567,26,18583,32.71654929577465
0.2,568,-17,18566,32.62917398945518
0.2,569,94,18660,32.73684210526316
0.2,570,94,18754,32.844133099824866
0.2,571,0,18754,32.78671328671329
0.2,572,-13,18741,32.70680628272251
0.2,573,86,18827,32.79965156794425
0.2,574,91,18918,32.90086956521739
0.2,575,86,19004,32.99305555555556
0.2,576,-213,18791,32.566724436741765
0.2,577,92,18883,32.66955017301038
0.2,578,-87,18796,32.46286701208981
0.2,579,0,18796,32.40689655172414
0.2,580,-142,18654,32.10671256454389
0.2,581,-168,18486,31.762886597938145
0.2,582,91,18577,31.86449399656947
0.2,583,-81,18496,31.671232876712327
0.2,584,-33,18463,31.560683760683762
0.2,585,90,18553,31.660409556313994
0.2,586,-123,18430,31.396933560477002
0.2,587,-78,18352,31.210884353741495
0.2,588,78,18430,31.29032258064516
0.2,589,48,18478,31.318644067796612
0.2,590,-2,18476,31.262267343485618
0.2,591,-4,18472,31.2027027027027
0.2,592,85,18557,31.293423271500842
0.2,593,95,18652,31.4006734006734
0.2,594,-7,18645,31.33613445378151
0.2,595,92,18737,31.437919463087248
0.2,596,53,18790,31.474036850921273
0.2,597,11,18801,31.43979933110368
0.2,598,23,18824,31.425709515859765
0.2,599,92,18916,31.526666666666667
0.2,600,10,18926,31.490848585690514
0.2,601,-462,18464,30.67109634551495
0.2,602,80,18544,30.75290215588723
0.2,603,89,18633,30.84933774834437
0.2,604,-15,18618,30.773553719008266
0.2,605,7,18625,30.734323432343235
0.2,606,82,18707,30.818780889621088
0.2,607,-26,18681,30.72532894736842
0.2,608,71,18752,30.79146141215107
0.2,609,39,18791,30.804918032786887
0.2,610,55,18846,30.844517184942717
0.2,611,11,18857,30.812091503267975
0.2,612,-126,18731,30.556280587275694
0.2,613,29,18760,30.553745928338763
0.2,614,85,18845,30.642276422764226
0.2,615,-162,18683,30.329545454545453
0.2,616,35,18718,30.33711507293355
0.2,617,63,18781,30.389967637540455
0.2,618,-97,18684,30.184168012924072
0.2,619,89,18773,30.279032258064515
0.2,620,65,18838,30.334943639291467
0.2,621,72,18910,30.40192926045016
0.2,622,48,18958,30.430176565008026
0.2,623,-113,18845,30.200320512820515
0.2,624,-10,18835,30.136
0.2,625,42,18877,30.154952076677315
0.2,626,2,18879,30.11004784688995
0.2,627,55,18934,30.14968152866242
0.2,628,-25,18909,30.062003179650237
0.2,629,19,18928,30.044444444444444
0.2,630,8,18936,30.009508716323296
0.2,631,49,18985,30.039556962025316
0.2,632,-2,18983,29.988941548183256
0.2,633,-82,18901,29.812302839116718
0.2,634,74,18975,29.881889763779526
0.2,635,-138,18837,29.617924528301888
0.2,636,84,18921,29.703296703296704
0.2,637,-175,18746,29.38244514106583
0.2,638,84,18830,29.4679186228482
0.2,639,19,18849,29.4515625
0.2,640,43,18892,29.472698907956318
0.2,641,19,18911,29.456386292834893
0.2,642,30,18941,29.457231726283048
0.2,643,-42,18899,29.346273291925467
0.2,644,-360,18539,28.74263565891473
0.2,645,76,18615,28.81578947368421
0.2,646,76,18691,28.888717156105102
0.2,647,-9,18682,28.830246913580247
0.2,648,68,18750,28.89060092449923
0.2,649,26,18776,28.886153846153846
0.2,650,-45,18731,28.772657450076807
0.2,651,91,18822,28.868098159509202
0.2,652,-66,18756,28.72281776416539
0.2,653,25,18781,28.717125382262996
0.2,654,-99,18682,28.522137404580153
0.2,655,33,18715,28.528963414634145
0.2,656,69,18784,28.590563165905632
0.2,657,76,18860,28.662613981762917
0.2,658,27,18887,28.66009104704097
0.2,659,53,18940,28.696969696969695
0.2,660,56,18996,28.738275340393344
0.2,661,-39,18957,28.63595166163142
0.2,662,-19,18938,28.564102564102566
0.2,663,9,18947,28.53463855421687
0.2,664,23,18970,28.526315789473685
0.2,665,81,19051,28.605105105105107
0.2,666,31,19082,28.608695652173914
0.2,667,-21,19061,28.53443113772455
0.2,668,88,19149,28.623318385650226
0.2,669,92,19241,28.717910447761195
0.2,670,24,19265,28.710879284649778
0.2,671,80,19345,28.78720238095238
0.2,672,60,19405,28.833580980683507
0.2,673,22,19427,28.823442136498517
0.2,674,73,19500,28.88888888888889
0.2,675,88,19588,28.976331360946745
0.2,676,32,19620,28.9807976366322
0.2,677,18,19638,28.964601769911503
0.2,678,44,19682,28.986745213549337
0.2,679,-85,19597,28.819117647058825
0.2,680,-103,19494,28.625550660792953
0.2,681,22,19516,28.6158357771261
0.2,682,55,19571,28.65446559297218
0.2,683,-41,19530,28.55263157894737
0.2,684,-7,19523,28.5007299270073
0.2,685,91,19614,28.591836734693878
0.2,686,61,19675,28.63901018922853
0.2,687,91,19766,28.7296511627907
0.2,688,-117,19649,28.518142235123367
0.2,689,18,19667,28.502898550724638
0.2,690,82,19749,28.580318379160637
0.2,691,52,19801,28.61416184971098
0.2,692,59,19860,28.658008658008658
0.2,693,62,19922,28.70605187319885
0.2,694,92,20014,28.79712230215827
0.2,695,9,20023,28.76867816091954
0.2,696,90,20113,28.856527977044475
0.2,697,22,20135,28.846704871060172
0.2,698,89,20224,28.932761087267526
0.2,699,-24,20200,28.857142857142858
0.2,700,-116,20084,28.65049928673324
0.2,701,34,20118,28.65811965811966
0.2,702,94,20212,28.751066856330013
0.2,703,60,20272,28.795454545454547
0.2,704,89,20361,28.880851063829788
0.2,705,25,20386,28.875354107648725
0.2,706,76,20462,28.94200848656294
0.2,707,-1,20461,28.899717514124294
0.2,708,-121,20340,28.688293370944994
0.2,709,89,20429,28.77323943661972
0.2,710,90,20519,28.859353023909986
0.2,711,30,20549,28.860955056179776
0.2,712,10,20559,28.834502103786818
0.2,713,90,20649,28.92016806722689
0.2,714,93,20742,29.00979020979021
0.2,715,93,20835,29.099162011173185
0.2,716,79,20914,29.16875871687587
0.2,717,40,20954,29.18384401114206
0.2,718,41,20995,29.200278164116828
0.2,719,69,21064,29.255555555555556
0.2,720,23,21087,29.246879334257976
0.2,721,89,21176,29.329639889196677
0.2,722,-15,21161,29.26832641770401
0.2,723,85,21246,29.345303867403317
0.2,724,84,21330,29.420689655172414
0.2,725,66,21396,29.47107438016529
0.2,726,94,21490,29.559834938101787
0.2,727,3,21493,29.52335164835165
0.2,728,34,21527,29.52949245541838
0.2,729,88,21615,29.60958904109589
0.2,730,86,21701,29.68673050615595
0.2,731,94,21795,29.774590163934427
0.2,732,9,21804,29.7462482946794
0.2,733,47,21851,29.76975476839237
0.2,734,49,21900,29.79591836734694
0.2,735,24,21924,29.78804347826087
0.2,736,4,21928,29.753052917232022
0.2,737,94,22022,29.84010840108401
0.2,738,90,22112,29.921515561569688
0.2,739,66,22178,29.97027027027027
0.2,740,38,22216,29.98110661268556
0.2,741,74,22290,30.040431266846362
0.2,742,58,22348,30.078061911170927
0.2,743,3,22351,30.041666666666668
0.2,744,45,22396,30.06174496644295
0.2,745,-45,22351,29.96112600536193
0.2,746,-75,22276,29.820615796519412
0.2,747,38,22314,29.831550802139038
0.2,748,91,22405,29.913217623497996
0.2,749,64,22469,29.958666666666666
0.2,750,80,22549,30.025299600532623
0.2,751,90,22639,30.10505319148936
0.2,752,71,22710,30.159362549800797
0.2,753,94,22804,30.244031830238725
0.2,754,-239,22565,29.887417218543046
0.2,755,72,22637,29.943121693121693
0.2,756,79,22716,30.007926023778072
0.2,757,43,22759,30.025065963060687
0.2,758,63,22822,30.06851119894598
0.2,759,13,22835,30.04605263157895
0.2,760,82,22917,30.11432325886991
0.2,761,86,23003,30.18766404199475
0.2,762,-14,22989,30.12975098296199
0.2,763,91,23080,30.209424083769633
0.2,764,-10,23070,30.15686274509804
0.2,765,88,23158,30.232375979112273
0.2,766,-114,23044,30.04432855280313
0.2,767,89,23133,30.12109375
0.2,768,55,23188,30.153446033810145
0.2,769,-19,23169,30.08961038961039
0.2,770,91,23260,30.168612191958495
0.2,771,85,23345,30.239637305699482
0.2,772,92,23437,30.31953428201811
0.2,773,-265,23172,29.93798449612403
0.2,774,91,23263,30.016774193548386
0.2,775,-87,23176,29.8659793814433
0.2,776,78,23254,29.92792792792793
0.2,777,53,23307,29.957583547557842
0.2,778,84,23391,30.026957637997434
0.2,779,90,23481,30.103846153846153
0.2,780,79,23560,30.166453265044815
0.2,781,87,23647,30.23913043478261
0.2,782,44,23691,30.256704980842912
0.2,783,26,23717,30.25127551020408
0.2,784,90,23807,30.327388535031847
0.2,785,84,23891,30.395674300254452
0.2,786,91,23982,30.472681067344347
0.2,787,87,24069,30.544416243654823
0.2,788,36,24105,30.55133079847909
0.2,789,39,24144,30.562025316455696
0.2,790,70,24214,30.61188369152971
0.2,791,0,24214,30.57323232323232
0.2,792,-291,23923,30.167717528373267
0.2,793,6,23929,30.13727959697733
0.2,794,89,24018,30.211320754716983
0.2,795,73,24091,30.265075376884422
0.2,796,68,24159,30.312421580928483
0.2,797,31,24190,30.31328320802005
0.2,798,66,24256,30.357947434292868
0.2,799,-23,24233,30.29125
0.2,800,56,24289,30.32334581772784
0.2,801,81,24370,30.38653366583541
0.2,802,80,24450,30.448318804483186
0.2,803,-54,24396,30.34328358208955
0.2,804,45,24441,30.361490683229814
0.2,805,94,24535,30.44044665012407
0.2,806,78,24613,30.499380421313507
0.2,807,82,24695,30.56311881188119
0.2,808,-122,24573,30.37453646477132
0.2,809,74,24647,30.428395061728395
0.2,810,-13,24634,30.374845869297165
0.2,811,30,24664,30.374384236453203
0.2,812,-24,24640,30.307503075030752
0.2,813,94,24734,30.385749385749385
0.2,814,93,24827,30.462576687116563
0.2,815,87,24914,30.53186274509804
0.2,816,91,25005,30.605875152998777
0.2,817,23,25028,30.596577017114914
0.2,818,-102,24926,30.434676434676433
0.2,819,48,24974,30.45609756097561
0.2,820,-68,24906,30.33617539585871
0.2,821,64,24970,30.37712895377129
0.2,822,35,25005,30.382746051032807
0.2,823,48,25053,30.40412621359223
0.2,824,66,25119,30.44727272727273
0.2,825,75,25194,30.501210653753027
0.2,826,-210,24984,30.210399032648127
0.2,827,15,24999,30.192028985507246
0.2,828,19,25018,30.178528347406512
0.2,829,65,25083,30.220481927710843
0.2,830,79,25162,30.2791817087846
0.2,831,23,25185,30.270432692307693
0.2,832,70,25255,30.31812725090036
0.2,833,72,25327,30.36810551558753
0.2,834,45,25372,30.38562874251497
0.2,835,62,25434,30.423444976076556
0.2,836,-78,25356,30.293906810035843
0.2,837,91,25447,30.36634844868735
0.2,838,94,25541,30.442193087008345
0.2,839,86,25627,30.508333333333333
0.2,840,-154,25473,30.288941736028537
0.2,841,85,25558,30.35391923990499
0.2,842,91,25649,30.42586002372479
0.2,843,-21,25628,30.364928909952607
0.2,844,-19,25609,30.306508875739645
0.2,845,3,25612,30.274231678487
0.2,846,33,25645,30.27744982290437
0.2,847,-23,25622,30.214622641509433
0.2,848,90,25712,30.285041224970552
0.2,849,-257,25455,29.94705882352941
0.2,850,87,25542,30.014101057579317
0.2,851,85,25627,30.078638497652584
0.2,852,-3,25624,30.039859320046894
0.2,853,68,25692,30.084309133489462
0.2,854,-10,25682,30.037426900584794
0.2,855,67,25749,30.080607476635514
0.2,856,74,25823,30.131855309218203
0.2,857,91,25914,30.202797202797203
0.2,858,92,26006,30.27473806752037
0.2,859,-101,25905,30.122093023255815
0.2,860,23,25928,30.11382113821138
0.2,861,94,26022,30.187935034802784
0.2,862,-49,25973,30.09617612977984
0.2,863,-112,25861,29.931712962962962
0.2,864,61,25922,29.96763005780347
0.2,865,94,26016,30.041570438799077
0.2,866,-86,25930,29.907727797001154
0.2,867,88,26018,29.974654377880185
0.2,868,-20,25998,29.917146144994245
0.2,869,92,26090,29.988505747126435
0.2,870,65,26155,30.02870264064294
0.2,871,79,26234,30.084862385321102
0.2,872,83,26317,30.145475372279495
0.2,873,65,26382,30.185354691075514
0.2,874,85,26467,30.248
0.2,875,95,26562,30.32191780821918
0.2,876,64,26626,30.360319270239454
0.2,877,84,26710,30.42141230068337
0.2,878,-136,26574,30.2320819112628
0.2,879,-20,26554,30.175
0.2,880,-14,26540,30.124858115777524
0.2,881,24,26564,30.117913832199548
0.2,882,89,26653,30.184597961494905
0.2,883,89,26742,30.251131221719458
0.2,884,0,26742,30.216949152542373
0.2,885,69,26811,30.260722347629798
0.2,886,90,26901,30.328072153325817
0.2,887,44,26945,30.34346846846847
0.2,888,-392,26553,29.868391451068618
0.2,889,76,26629,29.920224719101125
0.2,890,-13,26616,29.872053872053872
0.2,891,1,26617,29.83968609865471
0.2,892,27,26644,29.836506159014558
0.2,893,-34,26610,29.76510067114094
0.2,894,-132,26478,29.58435754189944
0.2,895,93,26571,29.655133928571427
0.2,896,84,26655,29.71571906354515
0.2,897,82,26737,29.7739420935412
0.2,898,94,26831,29.845383759733036
0.2,899,-58,26773,29.747777777777777
0.2,900,24,26797,29.741398446170923
0.2,901,93,26890,29.811529933481154
0.2,902,31,26921,29.812846068660022
0.2,903,94,27015,29.883849557522122
0.2,904,37,27052,29.89171270718232
0.2,905,90,27142,29.958057395143488
0.2,906,94,27236,30.028665931642777
0.2,907,74,27310,30.077092511013216
0.2,908,-57,27253,29.98129812981298
0.2,909,70,27323,30.025274725274727
0.2,910,30,27353,30.025246981339187
0.2,911,50,27403,30.047149122807017
0.2,912,-336,27067,29.646221248630887
0.2,913,89,27156,29.711159737417944
0.2,914,52,27208,29.73551912568306
0.2,915,38,27246,29.74454148471616
0.2,916,-58,27188,29.64885496183206
0.2,917,72,27260,29.694989106753813
0.2,918,82,27342,29.751904243743198
0.2,919,81,27423,29.807608695652174
0.2,920,10,27433,29.786102062975026
0.2,921,70,27503,29.829718004338396
0.2,922,-198,27305,29.58288190682557
0.2,923,37,27342,29.59090909090909
0.2,924,76,27418,29.64108108108108
0.2,925,6,27424,29.615550755939523
0.2,926,56,27480,29.644012944983817
0.2,927,85,27565,29.70366379310345
0.2,928,-31,27534,29.638320775026912
0.2,929,-34,27500,29.56989247311828
0.2,930,85,27585,29.629430719656284
0.2,931,58,27643,29.659871244635195
0.2,932,-5,27638,29.622722400857448
0.2,933,13,27651,29.60492505353319
0.2,934,84,27735,29.663101604278076
0.2,935,84,27819,29.721153846153847
0.2,936,94,27913,29.7897545357524
0.2,937,89,28002,29.85287846481876
0.2,938,-104,27898,29.710330138445155
0.2,939,-111,27787,29.56063829787234
0.2,940,-147,27640,29.373007438894792
0.2,941,-13,27627,29.328025477707005
0.2,942,84,27711,29.386002120890772
0.2,943,26,27737,29.382415254237287
0.2,944,62,27799,29.416931216931218
0.2,945,-11,27788,29.374207188160675
0.2,946,93,27881,29.44139387539599
0.2,947,89,27970,29.5042194092827
0.2,948,91,28061,29.569020021074817
0.2,949,78,28139,29.62
0.2,950,18,28157,29.60778128286015
0.2,951,84,28241,29.664915966386555
0.2,952,-205,28036,29.418677859391394
0.2,953,84,28120,29.47589098532495
0.2,954,-23,28097,29.420942408376963
0.2,955,25,28122,29.4163179916318
0.2,956,13,28135,29.399164054336467
0.2,957,94,28229,29.46659707724426
0.2,958,24,28253,29.46089676746611
0.2,959,91,28344,29.525
0.2,960,11,28355,29.505723204994798
0.2,961,-169,28186,29.2993762993763
0.2,962,36,28222,29.306334371754932
0.2,963,67,28289,29.345435684647303
0.2,964,-81,28208,29.231088082901554
0.2,965,-20,28188,29.180124223602483
0.2,966,90,28278,29.243019648397105
0.2,967,62,28340,29.276859504132233
0.2,968,92,28432,29.341589267285862
0.2,969,-21,28411,29.289690721649485
0.2,970,-103,28308,29.153450051493305
0.2,971,67,28375,29.19238683127572
0.2,972,-104,28271,29.055498458376157
0.2,973,91,28362,29.119096509240247
0.2,974,-27,28335,29.06153846153846
0.2,975,87,28422,29.12090163934426
0.2,976,17,28439,29.10849539406346
0.2,977,-33,28406,29.044989775051125
0.2,978,68,28474,29.084780388151174
0.2,979,30,28504,29.085714285714285
0.2,980,27,28531,29.083588175331293
0.2,981,44,28575,29.09877800407332
0.2,982,87,28662,29.15768056968464
0.2,983,92,28754,29.221544715447155
0.2,984,-14,28740,29.17766497461929
0.2,985,46,28786,29.1947261663286
0.2,986,88,28874,29.25430597771023
0.2,987,-166,28708,29.05668016194332
0.2,988,-5,28703,29.022244691607685
0.2,989,-303,28400,28.68686868686869
0.2,990,61,28461,28.719475277497477
0.2,991,66,28527,28.757056451612904
0.2,992,-86,28441,28.64149043303122
0.2,993,43,28484,28.655935613682093
0.2,994,89,28573,28.716582914572864
0.2,995,61,28634,28.748995983935743
0.2,996,51,28685,28.771313941825476
0.2,997,93,28778,28.83567134268537
0.2,998,33,28811,28.83983983983984
0.2,999,74,28885,28.885
0.2,1000,-11,28874,28.845154845154845
0.2,1001,-40,28834,28.776447105788424
0.2,1002,81,28915,28.82851445663011
0.2,1003,49,28964,28.84860557768924
0.2,1004,55,29019,28.87462686567164
0.2,1005,53,29072,28.898608349900595
0.2,1006,14,29086,28.883813306852037
0.2,1007,28,29114,28.88293650793651
0.2,1008,-131,28983,28.724479682854312
0.2,1009,12,28995,28.707920792079207
0.2,1010,3,28998,28.682492581602375
0.2,1011,-27,28971,28.627470355731226
0.2,1012,82,29053,28.68015794669299
0.2,1013,30,29083,28.68145956607495
0.2,1014,23,29106,28.675862068965518
0.2,1015,-45,29061,28.603346456692915
0.2,1016,65,29126,28.63913470993117
0.2,1017,0,29126,28.611001964636543
0.2,1018,7,29133,28.589793915603533
0.2,1019,69,29202,28.629411764705882
0.2,1020,-18,29184,28.583741429970615
0.2,1021,59,29243,28.613502935420744
0.2,1022,75,29318,28.658846529814273
0.2,1023,17,29335,28.6474609375
0.2,1024,83,29418,28.700487804878048
0.2,1025,33,29451,28.704678362573098
0.2,1026,-28,29423,28.64946445959104
0.2,1027,75,29498,28.69455252918288
0.2,1028,10,29508,28.676384839650147
0.2,1029,94,29602,28.73980582524272
0.2,1030,89,29691,28.798254122211446
0.2,1031,61,29752,28.829457364341085
0.2,1032,-16,29736,28.786060019361084
0.2,1033,-62,29674,28.69825918762089
0.2,1034,91,29765,28.758454106280194
0.2,1035,-135,29630,28.6003861003861
0.2,1036,62,29692,28.632594021215045
0.2,1037,-19,29673,28.58670520231214
0.2,1038,19,29692,28.577478344562078
0.2,1039,80,29772,28.626923076923077
0.2,1040,43,29815,28.640730067243034
0.2,1041,94,29909,28.703454894433783
0.2,1042,92,30001,28.764141898370088
0.2,1043,57,30058,28.791187739463602
0.2,1044,-2,30056,28.761722488038277
0.2,1045,92,30148,28.822179732313575
0.2,1046,7,30155,28.801337153772685
0.2,1047,80,30235,28.85019083969466
0.2,1048,19,30254,28.840800762631076
0.2,1049,0,30254,28.813333333333333
0.2,1050,74,30328,28.856327307326357
0.2,1051,-42,30286,28.788973384030417
0.2,1052,-36,30250,28.72744539411206
0.2,1053,-83,30167,28.62144212523719
0.2,1054,58,30225,28.649289099526065
0.2,1055,21,30246,28.642045454545453
0.2,1056,-34,30212,28.582781456953644
0.2,1057,93,30305,28.64366729678639
0.2,1058,9,30314,28.62511803588291
0.2,1059,60,30374,28.654716981132076
0.2,1060,-44,30330,28.586239396795477
0.2,1061,21,30351,28.57909604519774
0.2,1062,32,30383,28.582314205079964
0.2,1063,80,30463,28.63063909774436
0.2,1064,-89,30374,28.52018779342723
0.2,1065,62,30436,28.5515947467167
0.2,1066,77,30513,28.597000937207124
0.2,1067,-20,30493,28.551498127340825
0.2,1068,88,30581,28.60710944808232
0.2,1069,21,30602,28.6
0.2,1070,64,30666,28.633053221288517
0.2,1071,49,30715,28.65205223880597
0.2,1072,-72,30643,28.55824790307549
0.2,1073,25,30668,28.554934823091248
0.2,1074,63,30731,28.586976744186046
0.2,1075,70,30801,28.62546468401487
0.2,1076,80,30881,28.673166202414112
0.2,1077,63,30944,28.70500927643785
0.2,1078,18,30962,28.695088044485633
0.2,1079,42,31004,28.70740740740741
0.2,1080,19,31023,28.698427382053655
0.2,1081,26,31049,28.69593345656192
0.2,1082,66,31115,28.73037857802401
0.2,1083,94,31209,28.79059040590406
0.2,1084,29,31238,28.79078341013825
0.2,1085,26,31264,28.788213627992633
0.2,1086,79,31343,28.83440662373505
0.2,1087,39,31382,28.84375
0.2,1088,85,31467,28.895316804407713
0.2,1089,3,31470,28.871559633027523
0.2,1090,65,31535,28.904674610449128
0.2,1091,19,31554,28.895604395604394
0.2,1092,67,31621,28.93046660567246
0.2,1093,-68,31553,28.8418647166362
0.2,1094,89,31642,28.896803652968035
0.2,1095,92,31734,28.954379562043794
0.2,1096,78,31812,28.99908842297174
0.2,1097,87,31899,29.05191256830601
0.2,1098,9,31908,29.033666969972703
0.2,1099,-79,31829,28.935454545454544
0.2,1100,-8,31821,28.90190735694823
0.2,1101,95,31916,28.961887477313976
0.2,1102,-112,31804,28.834088848594742
0.2,1103,83,31887,28.883152173913043
0.2,1104,85,31972,28.93393665158371
0.2,1105,85,32057,28.984629294755877
0.2,1106,93,32150,29.04245709123758
0.2,1107,94,32244,29.101083032490976
0.2,1108,22,32266,29.09467989179441
0.2,1109,-3,32263,29.065765765765764
0.2,1110,8,32271,29.046804680468046
0.2,1111,76,32347,29.089028776978417
0.2,1112,94,32441,29.147349505840072
0.2,1113,72,32513,29.185816876122082
0.2,1114,57,32570,29.210762331838566
0.2,1115,45,32615,29.224910394265233
0.2,1116,-150,32465,29.06445837063563
0.2,1117,81,32546,29.11091234347048
0.2,1118,12,32558,29.09562109025916
0.2,1119,-48,32510,29.026785714285715
0.2,1120,29,32539,29.026761819803745
0.2,1121,70,32609,29.063279857397504
0.2,1122,10,32619,29.046304541406947
0.2,1123,88,32707,29.098754448398576
0.2,1124,-30,32677,29.046222222222223
0.2,1125,29,32706,29.0461811722913
0.2,1126,83,32789,29.09405501330967
0.2,1127,43,32832,29.106382978723403
0.2,1128,69,32901,29.141718334809568
0.2,1129,92,32993,29.19734513274336
0.2,1130,-38,32955,29.137931034482758
0.2,1131,50,33005,29.156360424028268
0.2,1132,-47,32958,29.089143865842896
0.2,1133,38,32996,29.09700176366843
0.2,1134,78,33074,29.14008810572687
0.2,1135,61,33135,29.1681338028169
0.2,1136,78,33213,29.211081794195252
0.2,1137,40,33253,29.22056239015817
0.2,1138,-122,33131,29.08779631255487
0.2,1139,52,33183,29.107894736842105
0.2,1140,93,33276,29.163891323400527
0.2,1141,74,33350,29.203152364273205
0.2,1142,15,33365,29.190726159230096
0.2,1143,0,33365,29.16520979020979
0.2,1144,79,33444,29.208733624454148
0.2,1145,93,33537,29.26439790575916
0.2,1146,-11,33526,29.229293809938973
0.2,1147,-191,33335,29.03745644599303
0.2,1148,75,33410,29.077458659704092
0.2,1149,84,33494,29.125217391304346
0.2,1150,92,33586,29.17984361424848
0.2,1151,71,33657,29.216145833333332
0.2,1152,-148,33509,29.06244579358196
0.2,1153,-49,33460,28.9948006932409
0.2,1154,-13,33447,28.95844155844156
0.2,1155,27,33474,28.95674740484429
0.2,1156,-47,33427,28.891097666378567
0.2,1157,-133,33294,28.751295336787564
0.2,1158,91,33385,28.805004314063847
0.2,1159,83,33468,28.851724137931033
0.2,1160,38,33506,28.85960378983635
0.2,1161,79,33585,28.90275387263339
0.2,1162,78,33663,28.944969905417025
0.2,1163,90,33753,28.99742268041237
0.2,1164,28,33781,28.99656652360515
0.2,1165,67,33848,29.029159519725557
0.2,1166,-22,33826,28.985432733504712
0.2,1167,-157,33669,28.826198630136986
0.2,1168,52,33721,28.84602224123182
0.2,1169,37,33758,28.852991452991454
0.2,1170,82,33840,28.898377455166525
0.2,1171,-180,33660,28.72013651877133
0.2,1172,82,33742,28.765558397271953
0.2,1173,-27,33715,28.718057921635435
0.2,1174,-208,33507,28.516595744680853
0.2,1175,89,33596,28.568027210884352
0.2,1176,87,33683,28.61767204757859
0.2,1177,55,33738,28.64006791171477
0.2,1178,92,33830,28.693808312128922
0.2,1179,-60,33770,28.61864406779661
0.2,1180,82,33852,28.663844199830653
0.2,1181,75,33927,28.70304568527919
0.2,1182,89,34016,28.75401521555368
0.2,1183,-41,33975,28.69510135135135
0.2,1184,26,34001,28.69282700421941
0.2,1185,67,34068,28.72512647554806
0.2,1186,89,34157,28.775905644481888
0.2,1187,-56,34101,28.704545454545453
0.2,1188,-28,34073,28.656854499579477
0.2,1189,94,34167,28.711764705882352
0.2,1190,93,34260,28.765743073047858
0.2,1191,56,34316,28.788590604026847
0.2,1192,-77,34239,28.69991617770327
0.2,1193,-56,34183,28.62897822445561
0.2,1194,69,34252,28.66276150627615
0.2,1195,-280,33972,28.40468227424749
0.2,1196,92,34064,28.4578111946533
0.2,1197,94,34158,28.512520868113523
0.2,1198,74,34232,28.55045871559633
0.2,1199,92,34324,28.60333333333333
0.2,1200,57,34381,28.62697751873439
0.2,1201,89,34470,28.67720465890183
0.2,1202,57,34527,28.700748129675812
0.2,1203,-191,34336,28.51827242524917
0.2,1204,87,34423,28.566804979253114
0.2,1205,22,34445,28.561359867330015
0.2,1206,87,34532,28.609776304888154
0.2,1207,-15,34517,28.573675496688743
0.2,1208,-423,34094,28.20016542597188
0.2,1209,81,34175,28.24380165289256
0.2,1210,60,34235,28.270024772914947
0.2,1211,-102,34133,28.16254125412541
0.2,1212,69,34202,28.1962077493817
0.2,1213,-8,34194,28.166392092257002
0.2,1214,62,34256,28.194238683127573
0.2,1215,82,34338,28.238486842105264
0.2,1216,-29,34309,28.191454396055875
0.2,1217,83,34392,28.236453201970445
0.2,1218,85,34477,28.28301886792453
0.2,1219,90,34567,28.33360655737705
0.2,1220,-42,34525,28.276003276003276
0.2,1221,81,34606,28.319148936170212
0.2,1222,85,34691,28.36549468520033
0.2,1223,84,34775,28.410947712418302
0.2,1224,26,34801,28.408979591836733
0.2,1225,51,34852,28.427406199021206
0.2,1226,74,34926,28.464547677261614
0.2,1227,48,34974,28.480456026058633
0.2,1228,-160,34814,28.327095199349063
0.2,1229,-6,34808,28.29918699186992
0.2,1230,83,34891,28.343623070674248
0.2,1231,55,34946,28.36525974025974
0.2,1232,48,34994,28.38118410381184
0.2,1233,45,35039,28.394651539708267
0.2,1234,22,35061,28.389473684210525
0.2,1235,-174,34887,28.225728155339805
0.2,1236,-4,34883,28.19967663702506
0.2,1237,-40,34843,28.144588045234247
0.2,1238,51,34894,28.163034705407586
0.2,1239,93,34987,28.21532258064516
0.2,1240,85,35072,28.261079774375503
0.2,1241,92,35164,28.312399355877616
0.2,1242,83,35247,28.356395816572807
0.2,1243,-298,34949,28.094051446945336
0.2,1244,94,35043,28.14698795180723
0.2,1245,-159,34884,27.996789727126806
0.2,1246,79,34963,28.037690457097032
0.2,1247,-58,34905,27.96875
0.2,1248,94,34999,28.021617293835067
0.2,1249,-1,34998,27.9984
0.2,1250,-7,34991,27.970423661071145
0.2,1251,-76,34915,27.88738019169329
0.2,1252,64,34979,27.916201117318437
0.2,1253,22,35001,27.911483253588518
0.2,1254,85,35086,27.956972111553785
0.2,1255,-37,35049,27.905254777070063
0.2,1256,71,35120,27.93953858392999
0.2,1257,89,35209,27.988076311605724
0.2,1258,79,35288,28.0285941223193
0.2,1259,6,35294,28.011111111111113
0.2,1260,77,35371,28.04996034892942
0.2,1261,90,35461,28.09904912836767
0.2,1262,-43,35418,28.04275534441805
0.2,1263,50,35468,28.060126582278482
0.2,1264,68,35536,28.091699604743084
0.2,1265,94,35630,28.143759873617693
0.2,1266,-30,35600,28.097868981846883
0.2,1267,88,35688,28.145110410094638
0.2,1268,40,35728,28.15445232466509
0.2,1269,90,35818,28.203149606299213
0.2,1270,5,35823,28.184893784421714
0.2,1271,-104,35719,28.080974842767297
0.2,1272,-5,35714,28.054988216810685
0.2,1273,85,35799,28.099686028257455
0.2,1274,74,35873,28.135686274509805
0.2,1275,21,35894,28.130094043887148
0.2,1276,41,35935,28.140172278778387
0.2,1277,91,36026,28.189358372456965
0.2,1278,83,36109,28.232212666145426
0.2,1279,90,36199,28.28046875
0.2,1280,77,36276,28.318501170960186
0.2,1281,-18,36258,28.282371294851796
0.2,1282,6,36264,28.265003897116134
0.2,1283,65,36329,28.293613707165107
0.2,1284,13,36342,28.28171206225681
0.2,1285,-342,36000,27.993779160186627
0.2,1286,15,36015,27.983682983682982
0.2,1287,71,36086,28.017080745341616
0.2,1288,25,36111,28.014740108611328
0.2,1289,51,36162,28.032558139534885
0.2,1290,17,36179,28.024012393493415
0.2,1291,75,36254,28.060371517027864
0.2,1292,-47,36207,28.00232018561485
0.2,1293,-370,35837,27.694744976816075
0.2,1294,18,35855,27.687258687258687
0.2,1295,-7,35848,27.660493827160494
0.2,1296,87,35935,27.706245181187356
0.2,1297,92,36027,27.7557781201849
0.2,1298,-111,35916,27.648960739030024
0.2,1299,89,36005,27.696153846153845
0.2,1300,93,36098,27.746348962336665
0.2,1301,77,36175,27.784178187403995
0.2,1302,73,36248,27.818879508825788
0.2,1303,-44,36204,27.763803680981596
0.2,1304,-79,36125,27.68199233716475
0.2,1305,71,36196,27.715160796324657
0.2,1306,-18,36178,27.680183626625862
0.2,1307,48,36226,27.695718654434252
0.2,1308,92,36318,27.744843391902215
0.2,1309,21,36339,27.73969465648855
0.2,1310,15,36354,27.729977116704806
0.2,1311,2,36356,27.710365853658537
0.2,1312,33,36389,27.714394516374714
0.2,1313,87,36476,27.75951293759513
0.2,1314,-42,36434,27.706463878326996
0.2,1315,-64,36370,27.63677811550152
0.2,1316,19,36389,27.630220197418375
0.2,1317,-18,36371,27.595599393019725
0.2,1318,92,36463,27.64442759666414
0.2,1319,-84,36379,27.559848484848484
0.2,1320,94,36473,27.61014383043149
0.2,1321,-63,36410,27.54160363086233
0.2,1322,83,36493,27.583522297808013
0.2,1323,77,36570,27.62084592145015
0.2,1324,-186,36384,27.459622641509434
0.2,1325,-13,36371,27.429110105580694
0.2,1326,90,36461,27.476262245666916
0.2,1327,76,36537,27.512801204819276
0.2,1328,84,36621,27.55530474040632
0.2,1329,68,36689,27.585714285714285
0.2,1330,45,36734,27.59879789631856
0.2,1331,79,36813,27.63738738738739
0.2,1332,-105,36708,27.537884471117778
0.2,1333,87,36795,27.582458770614693
0.2,1334,94,36889,27.632209737827715
0.2,1335,93,36982,27.681137724550897
0.2,1336,91,37073,27.728496634255798
0.2,1337,52,37125,27.746636771300448
0.2,1338,-210,36915,27.56908140403286
0.2,1339,80,36995,27.60820895522388
0.2,1340,15,37010,27.59880686055183
0.2,1341,0,37010,27.578241430700448
0.2,1342,84,37094,27.620253164556964
0.2,1343,-39,37055,27.570684523809526
0.2,1344,75,37130,27.605947955390334
0.2,1345,19,37149,27.599554234769688
0.2,1346,12,37161,27.587973273942094
0.2,1347,30,37191,27.589762611275965
0.2,1348,91,37282,27.636767976278726
0.2,1349,91,37373,27.683703703703703
0.2,1350,47,37420,27.6980014803849
0.2,1351,90,37510,27.744082840236686
0.2,1352,87,37597,27.78787878787879
0.2,1353,91,37688,27.834564254062037
0.2,1354,-52,37636,27.775645756457564
0.2,1355,-58,37578,27.712389380530972
0.2,1356,65,37643,27.739867354458365
0.2,1357,-24,37619,27.701767304860088
0.2,1358,73,37692,27.735099337748345
0.2,1359,3,37695,27.716911764705884
0.2,1360,88,37783,27.76120499632623
0.2,1361,85,37868,27.803230543318648
0.2,1362,87,37955,27.84666177549523
0.2,1363,94,38049,27.89516129032258
0.2,1364,82,38131,27.934798534798535
0.2,1365,88,38219,27.978770131771597
0.2,1366,92,38311,28.025603511338698
0.2,1367,82,38393,28.065058479532162
0.2,1368,46,38439,28.0781592403214
0.2,1369,71,38510,28.10948905109489
0.2,1370,29,38539,28.11013858497447
0.2,1371,69,38608,28.1399416909621
0.2,1372,87,38695,28.182811361981063
0.2,1373,82,38777,28.22197962154294
0.2,1374,77,38854,28.257454545454546
0.2,1375,81,38935,28.29578488372093
0.2,1376,-262,38673,28.084967320261438
0.2,1377,90,38763,28.12989840348331
0.2,1378,-168,38595,27.987672226250908
0.2,1379,-8,38587,27.96159420289855
0.2,1380,56,38643,27.98189717595945
0.2,1381,-197,38446,27.819102749638205
0.2,1382,95,38541,27.86767895878525
0.2,1383,-133,38408,27.751445086705203
0.2,1384,93,38501,27.7985559566787
0.2,1385,93,38594,27.845598845598847
0.2,1386,69,38663,27.87527036770007
0.2,1387,74,38737,27.90850144092219
0.2,1388,93,38830,27.955363570914326
0.2,1389,85,38915,27.996402877697843
0.2,1390,44,38959,28.0079079798706
0.2,1391,89,39048,28.051724137931036
0.2,1392,59,39107,28.07394113424264
0.2,1393,91,39198,28.119081779053083
0.2,1394,-65,39133,28.052329749103944
0.2,1395,-135,38998,27.935530085959886
0.2,1396,89,39087,27.979241231209734
0.2,1397,-58,39029,27.917739628040056
0.2,1398,-97,38932,27.82844889206576
0.2,1399,83,39015,27.867857142857144
0.2,1400,80,39095,27.905067808708065
0.2,1401,94,39189,27.952211126961483
0.2,1402,94,39283,27.99928724162509
0.2,1403,86,39369,28.04059829059829
0.2,1404,75,39444,28.074021352313167
0.2,1405,-80,39364,27.997155049786628
0.2,1406,9,39373,27.98365316275764
0.2,1407,79,39452,28.019886363636363
0.2,1408,89,39541,28.06316536550745
0.2,1409,-89,39452,27.98014184397163
0.2,1410,91,39543,28.024805102764
0.2,1411,94,39637,28.071529745042493
0.2,1412,32,39669,28.07430997876858
0.2,1413,-109,39560,27.97736916548798
0.2,1414,78,39638,28.01272084805654
0.2,1415,80,39718,28.04943502824859
0.2,1416,-13,39705,28.02046577275935
0.2,1417,90,39795,28.064174894217206
0.2,1418,31,39826,28.066243833685693
0.2,1419,-109,39717,27.969718309859154
0.2,1420,-100,39617,27.87966220971147
0.2,1421,46,39663,27.89240506329114
0.2,1422,26,39689,27.89107519325369
0.2,1423,94,39783,27.9375
0.2,1424,-23,39760,27.901754385964914
0.2,1425,90,39850,27.945301542777
0.2,1426,43,39893,27.95585143658024
0.2,1427,93,39986,28.00140056022409
0.2,1428,82,40068,28.03918824352694
0.2,1429,-222,39846,27.864335664335666
0.2,1430,93,39939,27.90985324947589
0.2,1431,90,40029,27.953212290502794
0.2,1432,-4,40025,27.930914166085135
0.2,1433,-36,39989,27.886331938633194
0.2,1434,92,40081,27.931010452961672
0.2,1435,82,40163,27.96866295264624
0.2,1436,77,40240,28.002783576896313
0.2,1437,83,40323,28.041029207232267
0.2,1438,39,40362,28.04864489228631
0.2,1439,49,40411,28.063194444444445
0.2,1440,55,40466,28.081887578070784
0.2,1441,0,40466,28.062413314840498
0.2,1442,14,40480,28.052668052668054
0.2,1443,93,40573,28.09764542936288
0.2,1444,90,40663,28.140484429065744
0.2,1445,86,40749,28.180497925311204
0.2,1446,-132,40617,28.069799585349
0.2,1447,90,40707,28.11256906077348
0.2,1448,94,40801,28.158040027605246
0.2,1449,85,40886,28.197241379310345
0.2,1450,91,40977,28.24052377670572
0.2,1451,46,41023,28.25275482093664
0.2,1452,65,41088,28.278045423262217
0.2,1453,89,41177,28.31980742778542
0.2,1454,43,41220,28.329896907216494
0.2,1455,93,41313,28.374313186813186
0.2,1456,-31,41282,28.33356211393274
0.2,1457,-262,41020,28.134430727023318
0.2,1458,-34,40986,28.09184372858122
0.2,1459,20,41006,28.086301369863012
0.2,1460,79,41085,28.121149897330596
0.2,1461,90,41175,28.163474692202463
0.2,1462,-17,41158,28.132604237867398
0.2,1463,42,41200,28.14207650273224
0.2,1464,90,41290,28.18430034129693
0.2,1465,-16,41274,28.154160982264667
0.2,1466,52,41326,28.170415814587592
0.2,1467,90,41416,28.212534059945504
0.2,1468,78,41494,28.24642614023145
0.2,1469,60,41554,28.268027210884355
0.2,1470,34,41588,28.271923861318832
0.2,1471,61,41649,28.294157608695652
0.2,1472,91,41740,28.336727766463
0.2,1473,56,41796,28.35549525101764
0.2,1474,93,41889,28.399322033898304
0.2,1475,-31,41858,28.35907859078591
0.2,1476,13,41871,28.348679756262694
0.2,1477,77,41948,28.381596752368065
0.2,1478,30,41978,28.382691007437458
0.2,1479,93,42071,28.42635135135135
0.2,1480,76,42147,28.458474004051318
0.2,1481,93,42240,28.502024291497975
0.2,1482,75,42315,28.533378287255562
0.2,1483,-19,42296,28.50134770889488
0.2,1484,93,42389,28.544781144781144
0.2,1485,-65,42324,28.481830417227457
0.2,1486,-51,42273,28.428379287155348
0.2,1487,92,42365,28.471102150537636
0.2,1488,84,42449,28.50839489590329
0.2,1489,-12,42437,28.481208053691276
0.2,1490,-7,42430,28.45741113346747
0.2,1491,-7,42423,28.433646112600535
0.2,1492,2,42425,28.415941058271937
0.2,1493,58,42483,28.43574297188755
0.2,1494,72,42555,28.464882943143813
0.2,1495,26,42581,28.46323529411765
0.2,1496,89,42670,28.50367401469606
0.2,1497,93,42763,28.546728971962615
0.2,1498,94,42857,28.590393595730486
0.2,1499,-6,42851,28.567333333333334
0.2,1500,77,42928,28.599600266489006
0.2,1501,93,43021,28.642476697736353
0.2,1502,43,43064,28.652029274783764
0.2,1503,87,43151,28.690824468085108
0.2,1504,68,43219,28.716943521594683
0.2,1505,-1,43218,28.697211155378486
0.2,1506,92,43310,28.73921698739217
0.2,1507,-2,43308,28.718832891246684
0.2,1508,89,43397,28.758780649436712
0.2,1509,31,43428,28.76026490066225
0.2,1510,-30,43398,28.72137657180675
0.2,1511,-81,43317,28.648809523809526
0.2,1512,-181,43136,28.510244547257106
0.2,1513,89,43225,28.55019815059445
0.2,1514,-37,43188,28.506930693069307
0.2,1515,-103,43085,28.420184696569923
0.2,1516,73,43158,28.449571522742254
0.2,1517,77,43235,28.48155467720685
0.2,1518,-41,43194,28.435813034891375
0.2,1519,67,43261,28.461184210526316
0.2,1520,85,43346,28.498356344510192
0.2,1521,-36,43310,28.455978975032853
0.2,1522,87,43397,28.49441891004596
0.2,1523,80,43477,28.528215223097114
0.2,1524,94,43571,28.571147540983606
0.2,1525,90,43661,28.61140235910878
0.2,1526,56,43717,28.629338572364112
0.2,1527,-20,43697,28.597513089005236
0.2,1528,90,43787,28.637671680837148
0.2,1529,51,43838,28.652287581699348
0.2,1530,90,43928,28.69235793598955
0.2,1531,67,43995,28.717362924281986
0.2,1532,92,44087,28.758643183300716
0.2,1533,-131,43956,28.65449804432855
0.2,1534,-6,43950,28.631921824104236
0.2,1535,80,44030,28.665364583333332
0.2,1536,61,44091,28.686402081977878
0.2,1537,85,44176,28.72301690507152
0.2,1538,87,44263,28.76088369070825
0.2,1539,-18,44245,28.73051948051948
0.2,1540,61,44306,28.7514600908501
0.2,1541,93,44399,28.793125810635537
0.2,1542,92,44491,28.834089436163318
0.2,1543,66,44557,28.85816062176166
0.2,1544,20,44577,28.85242718446602
0.2,1545,64,44641,28.8751617076326
0.2,1546,63,44704,28.89722042663219
0.2,1547,58,44762,28.916020671834627
0.2,1548,31,44793,28.917366042608133
0.2,1549,27,44820,28.916129032258066
0.2,1550,47,44867,28.927788523533206
0.2,1551,93,44960,28.969072164948454
0.2,1552,25,44985,28.966516419832583
0.2,1553,48,45033,28.97876447876448
0.2,1554,79,45112,29.010932475884243
0.2,1555,71,45183,29.037917737789204
0.2,1556,42,45225,29.046242774566473
0.2,1557,37,45262,29.051347881899872
0.2,1558,20,45282,29.04554201411161
0.2,1559,-32,45250,29.006410256410255
0.2,1560,-72,45178,28.94170403587444
0.2,1561,69,45247,28.967349551856593
0.2,1562,25,45272,28.964811260396672
0.2,1563,-270,45002,28.773657289002557
0.2,1564,87,45089,28.810862619808308
0.2,1565,54,45143,28.826947637292466
0.2,1566,-33,45110,28.787492022973836
0.2,1567,73,45183,28.815688775510203
0.2,1568,55,45238,28.832377310388782
0.2,1569,-43,45195,28.786624203821656
0.2,1570,-3,45192,28.76639083386378
0.2,1571,67,45259,28.790712468193384
0.2,1572,59,45318,28.8099173553719
0.2,1573,74,45392,28.838627700127066
0.2,1574,-91,45301,28.762539682539682
0.2,1575,76,45377,28.79251269035533
0.2,1576,91,45468,28.831959416613824
0.2,1577,90,45558,28.870722433460077
0.2,1578,89,45647,28.90880303989867
0.2,1579,38,45685,28.914556962025316
0.2,1580,-64,45621,28.855787476280835
0.2,1581,89,45710,28.893805309734514
0.2,1582,-7,45703,28.871130764371447
0.2,1583,72,45775,28.898358585858585
0.2,1584,-106,45669,28.813249211356467
0.2,1585,56,45725,28.830390920554855
0.2,1586,47,45772,28.841839949590423
0.2,1587,-4,45768,28.821158690176322
0.2,1588,51,45819,28.835116425424797
0.2,1589,-231,45588,28.671698113207547
0.2,1590,86,45674,28.707730986800755
0.2,1591,74,45748,28.736180904522612
0.2,1592,93,45841,28.77652228499686
0.2,1593,10,45851,28.76474278544542
0.2,1594,70,45921,28.790595611285266
0.2,1595,50,45971,28.80388471177945
0.2,1596,57,46028,28.821540388227927
0.2,1597,42,46070,28.829787234042552
0.2,1598,84,46154,28.86429018136335
0.2,1599,-53,46101,28.813125
0.2,1600,75,46176,28.841973766396002
0.2,1601,79,46255,28.873283395755305
0.2,1602,25,46280,28.870867124142233
0.2,1603,39,46319,28.877182044887782
0.2,1604,87,46406,28.913395638629282
0.2,1605,44,46450,28.922789539227896
0.2,1606,86,46536,28.958307405102676
0.2,1607,61,46597,28.97823383084577
0.2,1608,-50,46547,28.929148539465505
0.2,1609,90,46637,28.967080745341615
0.2,1610,94,46731,29.007448789571693
0.2,1611,74,46805,29.035359801488834
0.2,1612,84,46889,29.06943583384997
0.2,1613,42,46931,29.077447335811648
0.2,1614,42,46973,29.08544891640867
0.2,1615,84,47057,29.119430693069308
0.2,1616,12,47069,29.108843537414966
0.2,1617,81,47150,29.140914709517922
0.2,1618,90,47240,29.178505250154416
0.2,1619,80,47320,29.209876543209877
0.2,1620,64,47384,29.231338679827267
0.2,1621,33,47417,29.233662145499384
0.2,1622,48,47465,29.245224892174985
0.2,1623,61,47526,29.264778325123153
0.2,1624,1,47527,29.247384615384615
0.2,1625,70,47597,29.272447724477246
0.2,1626,17,47614,29.264904732636754
0.2,1627,-192,47422,29.12899262899263
0.2,1628,94,47516,29.16881522406384
0.2,1629,38,47554,29.174233128834356
0.2,1630,-37,47517,29.133660331085224
0.2,1631,66,47583,29.15625
0.2,1632,92,47675,29.19473361910594
0.2,1633,94,47769,29.234394124847
0.2,1634,-4,47765,29.214067278287462
0.2,1635,82,47847,29.246332518337407
0.2,1636,82,47929,29.278558338423945
0.2,1637,72,48001,29.304639804639805
0.2,1638,-34,47967,29.2660158633313
0.2,1639,91,48058,29.303658536585367
0.2,1640,-358,47700,29.06764168190128
0.2,1641,-180,47520,28.940316686967112
0.2,1642,93,47613,28.97930614729154
0.2,1643,62,47675,28.99939172749392
0.2,1644,-13,47662,28.97386018237082
0.2,1645,90,47752,29.01093560145808
0.2,1646,-252,47500,28.840315725561627
0.2,1647,-63,47437,28.784587378640776
0.2,1648,54,47491,28.799878714372348
0.2,1649,94,47585,28.83939393939394
0.2,1650,88,47673,28.875227135069654
0.2,1651,83,47756,28.907990314769975
0.2,1652,94,47850,28.94736842105263
0.2,1653,94,47944,28.986698911729142
0.2,1654,23,47967,28.98308157099698
0.2,1655,57,48024,29.0
0.2,1656,-5,48019,28.979480989740495
0.2,1657,6,48025,28.96562123039807
0.2,1658,-32,47993,28.928872814948765
0.2,1659,91,48084,28.966265060240964
0.2,1660,71,48155,28.99157134256472
0.2,1661,16,48171,28.98375451263538
0.2,1662,79,48250,29.013830426939265
0.2,1663,-110,48140,28.93028846153846
0.2,1664,5,48145,28.915915915915917
0.2,1665,-203,47942,28.77671068427371
0.2,1666,-75,47867,28.714457108578284
0.2,1667,86,47953,28.748800959232614
0.2,1668,91,48044,28.786099460754944
0.2,1669,22,48066,28.782035928143713
0.2,1670,26,48092,28.7803710353082
0.2,1671,51,48143,28.79366028708134
0.2,1672,-30,48113,28.75851763299462
0.2,1673,-57,48056,28.707287933094385
0.2,1674,5,48061,28.69313432835821
0.2,1675,-45,48016,28.649164677804297
0.2,1676,80,48096,28.67978533094812
0.2,1677,90,48186,28.71632896305125
0.2,1678,93,48279,28.75461584276355
0.2,1679,22,48301,28.750595238095237
0.2,1680,5,48306,28.736466389054133
0.2,1681,93,48399,28.774673008323425
0.2,1682,-54,48345,28.725490196078432
0.2,1683,-46,48299,28.681116389548695
0.2,1684,-7,48292,28.659940652818992
0.2,1685,29,48321,28.660142348754448
0.2,1686,91,48412,28.69709543568465
0.2,1687,2,48414,28.68127962085308
0.2,1688,49,48463,28.693309650680877
0.2,1689,85,48548,28.72662721893491
0.2,1690,90,48638,28.76286221170905
0.2,1691,89,48727,28.798463356973997
0.2,1692,52,48779,28.812167749557
0.2,1693,25,48804,28.8099173553719
0.2,1694,59,48863,28.82772861356932
0.2,1695,92,48955,28.86497641509434
0.2,1696,91,49046,28.90159104301709
0.2,1697,91,49137,28.93816254416961
0.2,1698,75,49212,28.96527369040612
0.2,1699,-81,49131,28.90058823529412
0.2,1700,85,49216,28.933568489124045
0.2,1701,91,49307,28.97003525264395
0.2,1702,23,49330,28.966529653552556
0.2,1703,92,49422,29.003521126760564
0.2,1704,70,49492,29.027565982404692
0.2,1705,17,49509,29.020515826494723
0.2,1706,60,49569,29.03866432337434
0.2,1707,54,49623,29.05327868852459
0.2,1708,46,49669,29.063194850789937
0.2,1709,62,49731,29.082456140350878
0.2,1710,84,49815,29.114552893045
0.2,1711,81,49896,29.14485981308411
0.2,1712,32,49928,29.14652656158786
0.2,1713,27,49955,29.14527421236873
0.2,1714,52,50007,29.15860058309038
0.2,1715,-34,49973,29.121794871794872
0.2,1716,-143,49830,29.021549213744905
0.2,1717,-45,49785,28.97846332945285
0.2,1718,9,49794,28.966841186736474
0.2,1719,-92,49702,28.89651162790698
0.2,1720,-18,49684,28.869262056943636
0.2,1721,7,49691,28.85656213704994
0.2,1722,-1,49690,28.839233894370285
0.2,1723,-112,49578,28.75754060324826
0.2,1724,18,49596,28.751304347826085
0.2,1725,28,49624,28.750869061413674
0.2,1726,3,49627,28.735958309206715
0.2,1727,-202,49425,28.602430555555557
0.2,1728,91,49516,28.63851937536148
0.2,1729,-22,49494,28.609248554913293
0.2,1730,24,49518,28.606585788561524
0.2,1731,94,49612,28.644341801385682
0.2,1732,82,49694,28.675129832660126
0.2,1733,21,49715,28.670703575547865
0.2,1734,56,49771,28.686455331412105
0.2,1735,55,49826,28.701612903225808
0.2,1736,1,49827,28.68566493955095
0.2,1737,84,49911,28.717491369390103
0.2,1738,91,50002,28.75330649798735
0.2,1739,14,50016,28.744827586206895
0.2,1740,74,50090,28.770821367030443
0.2,1741,94,50184,28.808266360505165
0.2,1742,-34,50150,28.772231784279978
0.2,1743,22,50172,28.76834862385321
0.2,1744,69,50241,28.791404011461317
0.2,1745,-15,50226,28.766323024054984
0.2,1746,-42,50184,28.725815684029765
0.2,1747,76,50260,28.752860411899313
0.2,1748,72,50332,28.777587192681533
0.2,1749,15,50347,28.769714285714286
0.2,1750,60,50407,28.78754997144489
0.2,1751,-77,50330,28.727168949771688
0.2,1752,85,50415,28.759269823160295
0.2,1753,-22,50393,28.730330672748003
0.2,1754,61,50454,28.74871794871795
0.2,1755,93,50547,28.78530751708428
0.2,1756,16,50563,28.778030734206034
0.2,1757,53,50616,28.791808873720136
0.2,1758,-179,50437,28.673678226264922
0.2,1759,85,50522,28.70568181818182
0.2,1760,-54,50468,28.65871663827371
0.2,1761,87,50555,28.691827468785473
0.2,1762,-69,50486,28.636415201361316
0.2,1763,90,50576,28.671201814058957
0.2,1764,42,50618,28.67875354107649
0.2,1765,70,50688,28.70215175537939
0.2,1766,92,50780,28.737973967176003
0.2,1767,-341,50439,28.528846153846153
0.2,1768,-113,50326,28.448841153193897
0.2,1769,70,50396,28.47231638418079
0.2,1770,73,50469,28.497459062676455
0.2,1771,76,50545,28.524266365688487
0.2,1772,-27,50518,28.492949802594474
0.2,1773,-8,50510,28.47237880496054
0.2,1774,91,50601,28.507605633802818
0.2,1775,86,50687,28.53997747747748
0.2,1776,87,50774,28.572875633089478
0.2,1777,-27,50747,28.54161979752531
0.2,1778,89,50836,28.575604272062957
0.2,1779,-142,50694,28.479775280898878
0.2,1780,92,50786,28.515440763615945
0.2,1781,85,50871,28.54713804713805
0.2,1782,91,50962,28.582164890633763
0.2,1783,88,51050,28.615470852017935
0.2,1784,20,51070,28.610644257703083
0.2,1785,-44,51026,28.569988801791713
0.2,1786,8,51034,28.55847789591494
0.2,1787,72,51106,28.582774049217
0.2,1788,-29,51077,28.550586920067076
0.2,1789,-61,51016,28.500558659217877
0.2,1790,89,51105,28.53433835845896
0.2,1791,-175,50930,28.420758928571427
0.2,1792,-51,50879,28.376464026770776
0.2,1793,74,50953,28.401895206243033
0.2,1794,19,50972,28.396657381615597
0.2,1795,-64,50908,28.34521158129176
0.2,1796,92,51000,28.380634390651085
0.2,1797,85,51085,28.412124582869854
0.2,1798,57,51142,28.428015564202333
0.2,1799,63,51205,28.447222222222223
0.2,1800,-7,51198,28.42754025541366
0.2,1801,-9,51189,28.40677025527192
0.2,1802,-5,51184,28.388241819190238
0.2,1803,94,51278,28.424611973392462
0.2,1804,93,51371,28.460387811634348
0.2,1805,33,51404,28.462901439645627
0.2,1806,66,51470,28.483674598782514
0.2,1807,25,51495,28.48174778761062
0.2,1808,67,51562,28.503040353786623
0.2,1809,94,51656,28.539226519337017
0.2,1810,-36,51620,28.503589177250138
0.2,1811,94,51714,28.539735099337747
0.2,1812,52,51766,28.552675124103697
0.2,1813,72,51838,28.576626240352812
0.2,1814,93,51931,28.612121212121213
0.2,1815,1,51932,28.59691629955947
0.2,1816,-5,51927,28.578425976884976
0.2,1817,26,51953,28.57700770077008
0.2,1818,79,52032,28.604727872457396
0.2,1819,79,52111,28.63241758241758
0.2,1820,58,52169,28.648544755628777
0.2,1821,50,52219,28.6602634467618
0.2,1822,-29,52190,28.628634119583104
0.2,1823,-51,52139,28.58497807017544
0.2,1824,81,52220,28.613698630136987
0.2,1825,92,52312,28.64841182913472
0.2,1826,94,52406,28.684181718664476
0.2,1827,51,52457,28.696389496717725
0.2,1828,-38,52419,28.659923455440133
0.2,1829,-23,52396,28.63169398907104
0.2,1830,-44,52352,28.592026215182962
0.2,1831,-48,52304,28.550218340611355
0.2,1832,93,52397,28.585379159847246
0.2,1833,92,52489,28.619956379498365
0.2,1834,94,52583,28.65558583106267
0.2,1835,62,52645,28.673747276688452
0.2,1836,55,52700,28.68807838867719
0.2,1837,-1,52699,28.671926006528835
0.2,1838,57,52756,28.687330070690592
0.2,1839,30,52786,28.68804347826087
0.2,1840,89,52875,28.72080391091798
0.2,1841,69,52944,28.742671009771986
0.2,1842,74,53018,28.76722734671731
0.2,1843,92,53110,28.801518438177876
0.2,1844,64,53174,28.820596205962058
0.2,1845,82,53256,28.84940411700975
0.2,1846,87,53343,28.88088792636708
0.2,1847,89,53432,28.913419913419915
0.2,1848,92,53524,28.94753921038399
0.2,1849,-16,53508,28.923243243243242
0.2,1850,92,53600,28.95732036736899
0.2,1851,88,53688,28.989200863930886
0.2,1852,94,53782,29.024284943335132
0.2,1853,83,53865,29.053398058252426
0.2,1854,87,53952,29.084636118598382
0.2,1855,-273,53679,28.921875
0.2,1856,27,53706,28.920840064620357
0.2,1857,70,53776,28.942949407965553
0.2,1858,-44,53732,28.903711672942443
0.2,1859,60,53792,28.920430107526883
0.2,1860,94,53886,28.955400322407307
0.2,1861,81,53967,28.983351235230934
0.2,1862,-74,53893,28.92807300053677
0.2,1863,94,53987,28.962982832618025
0.2,1864,26,54013,28.961394101876675
0.2,1865,85,54098,28.991425509110396
0.2,1866,77,54175,29.017139796464917
0.2,1867,94,54269,29.051927194860813
0.2,1868,30,54299,29.05243445692884
0.2,1869,60,54359,29.068983957219253
0.2,1870,58,54417,29.084446819882416
0.2,1871,51,54468,29.096153846153847
0.2,1872,-170,54298,28.989855846235987
0.2,1873,14,54312,28.981856990394878
0.2,1874,74,54386,29.005866666666666
0.2,1875,58,54444,29.02132196162047
0.2,1876,-18,54426,28.996270644645712
0.2,1877,79,54505,29.022896698615547
0.2,1878,89,54594,29.054816391697713
0.2,1879,40,54634,29.06063829787234
0.2,1880,91,54725,29.093567251461987
0.2,1881,0,54725,29.078108395324122
0.2,1882,-33,54692,29.045140732873076
0.2,1883,89,54781,29.076963906581742
0.2,1884,19,54800,29.071618037135277
0.2,1885,64,54864,29.090137857900316
0.2,1886,89,54953,29.121886592474826
0.2,1887,-34,54919,29.08845338983051
0.2,1888,13,54932,29.07993647432504
0.2,1889,90,55022,29.11216931216931
0.2,1890,75,55097,29.136435748281333
0.2,1891,11,55108,29.126849894291755
0.2,1892,43,55151,29.13417855256207
0.2,1893,77,55228,29.15945089757128
0.2,1894,76,55304,29.184168865435357
0.2,1895,-108,55196,29.11181434599156
0.2,1896,68,55264,29.13231418028466
0.2,1897,-176,55088,29.024236037934667
0.2,1898,-103,54985,28.954713006845708
0.2,1899,74,55059,28.978421052631578
0.2,1900,55,55114,28.992109416096792
0.2,1901,89,55203,29.02365930599369
0.2,1902,47,55250,29.033105622700997
0.2,1903,-78,55172,28.97689075630252
0.2,1904,7,55179,28.96535433070866
0.2,1905,70,55249,28.98688352570829
0.2,1906,-48,55201,28.9465128474043
0.2,1907,4,55205,28.93343815513627
0.2,1908,-23,55182,28.906233630172867
0.2,1909,21,55203,28.902094240837695
0.2,1910,73,55276,28.92517006802721
0.2,1911,57,55333,28.939853556485357
0.2,1912,-35,55298,28.9064296915839
0.2,1913,-56,55242,28.862068965517242
0.2,1914,-21,55221,28.83603133159269
0.2,1915,-187,55034,28.723382045929018
0.2,1916,-56,54978,28.679186228482003
0.2,1917,-3,54975,28.66266944734098
0.2,1918,79,55054,28.68890046899427
0.2,1919,-297,54757,28.519270833333334
0.2,1920,90,54847,28.5512753774076
0.2,1921,74,54921,28.574921956295526
0.2,1922,61,54982,28.591783671346853
0.2,1923,78,55060,28.617463617463617
0.2,1924,90,55150,28.649350649350648
0.2,1925,11,55161,28.64018691588785
0.2,1926,92,55253,28.67306694343539
0.2,1927,20,55273,28.668568464730292
0.2,1928,51,55324,28.68014515292898
0.2,1929,11,55335,28.67098445595855
0.2,1930,82,55417,28.698601760745728
0.2,1931,-15,55402,28.675983436853002
0.2,1932,80,55482,28.70253491981376
0.2,1933,86,55568,28.73216132368149
0.2,1934,-157,55411,28.636175710594316
0.2,1935,28,55439,28.635847107438018
0.2,1936,53,55492,28.648425400103253
0.2,1937,77,55569,28.673374613003094
0.2,1938,86,55655,28.70293965961836
0.2,1939,2,55657,28.689175257731957
0.2,1940,31,55688,28.690365790829468
0.2,1941,22,55710,28.68692070030896
0.2,1942,93,55803,28.720020586721564
0.2,1943,62,55865,28.737139917695472
0.2,1944,1,55866,28.72287917737789
0.2,1945,84,55950,28.751284686536486
0.2,1946,48,55998,28.761171032357474
0.2,1947,86,56084,28.790554414784395
0.2,1948,71,56155,28.812211390456646
0.2,1949,75,56230,28.835897435897436
0.2,1950,79,56309,28.861609431060995
0.2,1951,91,56400,28.89344262295082
0.2,1952,86,56486,28.92268305171531
0.2,1953,63,56549,28.940122824974413
0.2,1954,91,56640,28.971867007672635
0.2,1955,94,56734,29.005112474437627
0.2,1956,85,56819,29.033725089422585
0.2,1957,40,56859,29.03932584269663
0.2,1958,75,56934,29.062787136294027
0.2,1959,43,56977,29.069897959183674
0.2,1960,68,57045,29.089750127485978
0.2,1961,4,57049,29.0769622833843
0.2,1962,-162,56887,28.979623025980644
0.2,1963,63,56950,28.9969450101833
0.2,1964,60,57010,29.012722646310433
0.2,1965,16,57026,29.00610376398779
0.2,1966,-25,57001,28.97864768683274
0.2,1967,93,57094,29.01117886178862
0.2,1968,91,57185,29.04266124936516
0.2,1969,-59,57126,28.997969543147207
0.2,1970,93,57219,29.030441400304415
0.2,1971,41,57260,29.036511156186613
0.2,1972,-1,57259,29.021287379624937
0.2,1973,76,57335,29.045086119554206
0.2,1974,94,57429,29.077974683544305
0.2,1975,88,57517,29.107793522267208
0.2,1976,94,57611,29.140617096611027
0.2,1977,9,57620,29.130434782608695
0.2,1978,-8,57612,29.11167256189995
0.2,1979,90,57702,29.14242424242424
0.2,1980,3,57705,29.129227662796566
0.2,1981,74,57779,29.151866801210897
0.2,1982,92,57871,29.183560262228944
0.2,1983,94,57965,29.216229838709676
0.2,1984,77,58042,29.24030226700252
0.2,1985,59,58101,29.255287009063444
0.2,1986,52,58153,29.266733769501762
0.2,1987,76,58229,29.290241448692154
0.2,1988,45,58274,29.298139768728003
0.2,1989,24,58298,29.295477386934675
0.2,1990,86,58384,29.323957810145654
0.2,1991,92,58476,29.35542168674699
0.2,1992,73,58549,29.37732062217762
0.2,1993,80,58629,29.40270812437312
0.2,1994,-19,58610,29.37844611528822
0.2,1995,16,58626,29.371743486973948
0.2,1996,44,58670,29.379068602904358
0.2,1997,-111,58559,29.30880880880881
0.2,1998,-100,58459,29.244122061030517
0.2,1999,63,58522,29.261
0.2,2000,51,58573,29.271864067966018
0.2,2001,43,58616,29.278721278721278
0.2,2002,12,58628,29.27009485771343
0.2,2003,-98,58530,29.206586826347305
0.2,2004,-7,58523,29.18852867830424
0.2,2005,-121,58402,29.113659022931206
0.2,2006,18,58420,29.10812157448929
0.2,2007,-23,58397,29.082171314741036
0.2,2008,10,58407,29.072672971627675
0.2,2009,80,58487,29.098009950248755
0.2,2010,91,58578,29.128791645947288
0.2,2011,79,58657,29.153578528827037
0.2,2012,17,58674,29.147540983606557
0.2,2013,88,58762,29.176762661370407
0.2,2014,92,58854,29.207940446650124
0.2,2015,-62,58792,29.16269841269841
0.2,2016,72,58864,29.183936539414972
0.2,2017,86,58950,29.21209117938553
0.2,2018,93,59043,29.24368499257058
0.2,2019,46,59089,29.2519801980198
0.2,2020,-3,59086,29.236021771400296
0.2,2021,47,59133,29.244807121661722
0.2,2022,63,59196,29.261492832427088
0.2,2023,-9,59187,29.242588932806324
0.2,2024,70,59257,29.262716049382718
0.2,2025,0,59257,29.24827245804541
0.2,2026,-12,59245,29.227923038973852
0.2,2027,-20,59225,29.203648915187376
0.2,2028,85,59310,29.231148348940366
0.2,2029,87,59397,29.25960591133005
0.2,2030,91,59488,29.290004923682915
0.2,2031,-91,59397,29.230807086614174
0.2,2032,81,59478,29.2562715199213
0.2,2033,80,59558,29.281219272369714
0.2,2034,69,59627,29.300737100737102
0.2,2035,94,59721,29.332514734774065
0.2,2036,63,59784,29.34904270986745
0.2,2037,56,59840,29.362119725220804
0.2,2038,74,59914,29.384011770475723
0.2,2039,77,59991,29.40735294117647
0.2,2040,38,60029,29.41156295933366
0.2,2041,82,60111,29.43731635651322
0.2,2042,66,60177,29.455212922173274
0.2,2043,-138,60039,29.373287671232877
0.2,2044,37,60076,29.377017114914427
0.2,2045,76,60152,29.39980449657869
0.2,2046,-48,60104,29.36199316072301
0.2,2047,76,60180,29.384765625
0.2,2048,-133,60047,29.305514885309908
0.2,2049,92,60139,29.33609756097561
0.2,2050,62,60201,29.35202340321794
0.2,2051,-149,60052,29.265107212475634
0.2,2052,59,60111,29.279590842669265
0.2,2053,74,60185,29.301363193768257
0.2,2054,16,60201,29.294890510948907
0.2,2055,-55,60146,29.253891050583658
0.2,2056,-41,60105,29.219737481769567
0.2,2057,71,60176,29.240038872691933
0.2,2058,68,60244,29.258863525983486
0.2,2059,94,60338,29.290291262135923
0.2,2060,80,60418,29.31489568170791
0.2,2061,82,60500,29.340446168768185
0.2,2062,-143,60357,29.256907416383907
0.2,2063,75,60432,29.27906976744186
0.2,2064,87,60519,29.307021791767554
0.2,2065,92,60611,29.337366892545983
0.2,2066,-69,60542,29.289791969037253
0.2,2067,-10,60532,29.270793036750483
0.2,2068,-113,60419,29.20202996616723
0.2,2069,-430,59989,28.980193236714975
0.2,2070,-40,59949,28.946885562530177
0.2,2071,10,59959,28.937741312741313
0.2,2072,45,60004,28.945489628557645
0.2,2073,82,60086,28.971070395371264
0.2,2074,7,60093,28.960481927710845
0.2,2075,90,60183,28.989884393063583
0.2,2076,-3,60180,28.97448242657679
0.2,2077,-14,60166,28.953801732435032
0.2,2078,-21,60145,28.92977392977393
0.2,2079,30,60175,28.93028846153846
0.2,2080,86,60261,28.95771263815473
0.2,2081,-28,60233,28.930355427473582
0.2,2082,84,60317,28.956793086893903
0.2,2083,14,60331,28.94961612284069
0.2,2084,0,60331,28.935731414868105
0.2,2085,45,60376,28.943432406519655
0.2,2086,56,60432,28.956396741734547
0.2,2087,-114,60318,28.887931034482758
0.2,2088,-104,60214,28.824317855433222
0.2,2089,-9,60205,28.80622009569378
0.2,2090,-31,60174,28.777618364418938
0.2,2091,-11,60163,28.758604206500955
0.2,2092,94,60257,28.789775441949356
0.2,2093,70,60327,28.80945558739255
0.2,2094,91,60418,28.83914081145585
0.2,2095,-31,60387,28.810591603053435
0.2,2096,94,60481,28.841678588459704
0.2,2097,47,60528,28.850333651096282
0.2,2098,-28,60500,28.82324916626965
0.2,2099,0,60500,28.80952380952381
0.2,2100,74,60574,28.831032841504047
0.2,2101,87,60661,28.858705994291153
0.2,2102,63,60724,28.874940561103188
0.2,2103,36,60760,28.878326996197718
0.2,2104,35,60795,28.8812351543943
0.2,2105,18,60813,28.876068376068375
0.2,2106,76,60889,28.898433792121498
0.2,2107,91,60980,28.92789373814042
0.2,2108,-197,60783,28.82076813655761
0.2,2109,64,60847,28.837440758293837
0.2,2110,-82,60765,28.784936049265752
0.2,2111,64,60829,28.801609848484848
0.2,2112,35,60864,28.804543303360152
0.2,2113,84,60948,28.830652790917693
0.2,2114,93,61041,28.860992907801418
0.2,2115,92,61133,28.890831758034025
0.2,2116,75,61208,28.912612187057157
0.2,2117,51,61259,28.923040604343722
0.2,2118,88,61347,28.950920245398773
0.2,2119,70,61417,28.970283018867924
0.2,2120,84,61501,28.996228194247998
0.2,2121,87,61588,29.023562676720076
0.2,2122,-28,61560,28.9967027790862
0.2,2123,-69,61491,28.95056497175141
0.2,2124,-33,61458,28.921411764705883
0.2,2125,86,61544,28.948259642521165
0.2,2126,70,61614,28.96755994358251
0.2,2127,92,61706,28.997180451127818
0.2,2128,0,61706,28.983560356975104
0.2,2129,78,61784,29.006572769953053
0.2,2130,85,61869,29.03284842796809
0.2,2131,-58,61811,28.99202626641651
0.2,2132,83,61894,29.017346460384434
0.2,2133,7,61901,29.007029053420805
0.2,2134,73,61974,29.027634660421544
0.2,2135,84,62058,29.053370786516854
0.2,2136,-31,62027,29.02526906878802
0.2,2137,-38,61989,28.993919550982227
0.2,2138,87,62076,29.021037868162693
0.2,2139,66,62142,29.038317757009345
0.2,2140,89,62231,29.06632414759458
0.2,2141,52,62283,29.07703081232493
0.2,2142,66,62349,29.094260382641156
0.2,2143,88,62437,29.121735074626866
0.2,2144,41,62478,29.12727272727273
0.2,2145,78,62556,29.15004659832246
0.2,2146,-69,62487,29.104331625523987
0.2,2147,-89,62398,29.049348230912475
0.2,2148,86,62484,29.075849232201023
0.2,2149,93,62577,29.10558139534884
0.2,2150,51,62628,29.115760111576012
0.2,2151,41,62669,29.12128252788104
0.2,2152,-185,62484,29.02183000464468
0.2,2153,-87,62397,28.967966573816156
0.2,2154,-59,62338,28.927146171693735
0.2,2155,-94,62244,28.87012987012987
0.2,2156,78,62322,28.89290681502086
0.2,2157,92,62414,28.92215013901761
0.2,2158,14,62428,28.915238536359425
0.2,2159,65,62493,28.931944444444444
0.2,2160,91,62584,28.960666358167515
0.2,2161,60,62644,28.975023126734506
0.2,2162,-64,62580,28.932038834951456
0.2,2163,-459,62121,28.70656192236599
0.2,2164,42,62163,28.71270207852194
0.2,2165,30,62193,28.713296398891966
0.2,2166,57,62250,28.72634979233964
0.2,2167,34,62284,28.728782287822877
0.2,2168,81,62365,28.752881512217613
0.2,2169,-109,62256,28.689400921658986
0.2,2170,82,62338,28.713956701980653
0.2,2171,85,62423,28.73987108655617
0.2,2172,-315,62108,28.581684307409112
0.2,2173,18,62126,28.576816927322906
0.2,2174,79,62205,28.6
0.2,2175,-161,62044,28.512867647058822
0.2,2176,81,62125,28.536977491961416
0.2,2177,58,62183,28.550505050505052
0.2,2178,-208,61975,28.441945846718678
0.2,2179,58,62033,28.455504587155964
0.2,2180,45,62078,28.463090325538744
0.2,2181,-51,62027,28.42667277726856
0.2,2182,76,62103,28.44846541456711
0.2,2183,86,62189,28.47481684981685
0.2,2184,64,62253,28.49107551487414
0.2,2185,58,62311,28.504574565416284
0.2,2186,63,62374,28.52034750800183
0.2,2187,90,62464,28.548446069469836
0.2,2188,83,62547,28.5733211512106
0.2,2189,-270,62277,28.436986301369863
0.2,2190,88,62365,28.464171611136468
0.2,2191,48,62413,28.47308394160584
0.2,2192,86,62499,28.499316005471957
0.2,2193,34,62533,28.501823154056517
0.2,2194,-337,62196,28.33530751708428
0.2,2195,27,62223,28.334699453551913
0.2,2196,87,62310,28.36140191169777
0.2,2197,86,62396,28.387625113739762
0.2,2198,11,62407,28.379718053660756
0.2,2199,94,62501,28.409545454545455
0.2,2200,-41,62460,28.378009995456612
0.2,2201,93,62553,28.407356948228884
0.2,2202,8,62561,28.398093508851566
0.2,2203,80,62641,28.421506352087114
0.2,2204,81,62722,28.4453514739229
0.2,2205,62,62784,28.460562103354487
0.2,2206,76,62860,28.482102401449932
0.2,2207,94,62954,28.51177536231884
0.2,2208,55,63009,28.523766410140336
0.2,2209,93,63102,28.55294117647059
0.2,2210,78,63180,28.5753052917232
0.2,2211,81,63261,28.599005424954793
0.2,2212,51,63312,28.609127880704925
0.2,2213,88,63400,28.63595302619693
0.2,2214,61,63461,28.65056433408578
0.2,2215,15,63476,28.644404332129962
0.2,2216,31,63507,28.645466847090663
0.2,2217,89,63596,28.6726780883679
0.2,2218,93,63689,28.701667417755747
0.2,2219,94,63783,28.731081081081083
0.2,2220,44,63827,28.737955875731654
0.2,2221,-57,63770,28.699369936993698
0.2,2222,4,63774,28.68825910931174
0.2,2223,94,63868,28.717625899280577
0.2,2224,92,63960,28.746067415730337
0.2,2225,94,64054,28.77538185085355
0.2,2226,-55,63999,28.737763807813202
0.2,2227,-40,63959,28.706912028725313
0.2,2228,5,63964,28.69627635711081
0.2,2229,78,64042,28.718385650224214
0.2,2230,84,64126,28.743164500224115
0.2,2231,23,64149,28.740591397849464
0.2,2232,61,64210,28.755038065382895
0.2,2233,-50,64160,28.719785138764546
0.2,2234,-7,64153,28.70380313199105
0.2,2235,63,64216,28.719141323792485
0.2,2236,59,64275,28.732677693339294
0.2,2237,79,64354,28.755138516532618
0.2,2238,-114,64240,28.69138008039303
0.2,2239,27,64267,28.690625
0.2,2240,30,64297,28.69120928157073
0.2,2241,-177,64120,28.599464763603926
0.2,2242,73,64193,28.619259919750334
0.2,2243,94,64287,28.648395721925134
0.2,2244,91,64378,28.67616926503341
0.2,2245,19,64397,28.671861086375777
0.2,2246,48,64445,28.680462839341345
0.2,2247,74,64519,28.70062277580071
0.2,2248,-134,64385,28.62827923521565
0.2,2249,-327,64058,28.470222222222223
0.2,2250,86,64144,28.49577965348734
0.2,2251,94,64238,28.52486678507993
0.2,2252,-34,64204,28.497114957834
0.2,2253,84,64288,28.52173913043478
0.2,2254,-76,64212,28.47538802660754
0.2,2255,-32,64180,28.44858156028369
0.2,2256,-70,64110,28.404962339388568
0.2,2257,-30,64080,28.37909654561559
0.2,2258,72,64152,28.39840637450199
0.2,2259,81,64233,28.421681415929203
0.2,2260,85,64318,28.44670499778859
0.2,2261,35,64353,28.449602122015914
0.2,2262,51,64404,28.459566946531154
0.2,2263,-59,64345,28.420936395759718
0.2,2264,94,64439,28.44988962472406
0.2,2265,-37,64402,28.421006178287733
0.2,2266,-25,64377,28.397441552712838
0.2,2267,-171,64206,28.30952380952381
0.2,2268,84,64290,28.334067871308946
0.2,2269,56,64346,28.34625550660793
0.2,2270,65,64411,28.362395420519594
0.2,2271,46,64457,28.370158450704224
0.2,2272,89,64546,28.396832380114386
0.2,2273,91,64637,28.424362357080035
0.2,2274,22,64659,28.42153846153846
0.2,2275,79,64738,28.443760984182777
0.2,2276,-43,64695,28.412384716732543
0.2,2277,74,64769,28.43239683933275
0.2,2278,84,64853,28.45677928916191
0.2,2279,-14,64839,28.438157894736843
0.2,2280,72,64911,28.45725558965366
0.2,2281,88,64999,28.483347940403156
0.2,2282,78,65077,28.50503723171266
0.2,2283,-50,65027,28.470665499124344
0.2,2284,72,65099,28.489715536105034
0.2,2285,94,65193,28.518372703412073
0.2,2286,25,65218,28.516834280717095
0.2,2287,93,65311,28.545017482517483
0.2,2288,10,65321,28.536915683704674
0.2,2289,35,65356,28.539737991266374
0.2,2290,81,65437,28.562636403317327
0.2,2291,88,65525,28.588568935427574
0.2,2292,20,65545,28.584823375490625
0.2,2293,89,65634,28.611159546643417
0.2,2294,90,65724,28.637908496732027
0.2,2295,-134,65590,28.567073170731707
0.2,2296,77,65667,28.58815846756639
0.2,2297,94,65761,28.616623150565708
0.2,2298,-4,65757,28.602435841670292
0.2,2299,86,65843,28.627391304347825
0.2,2300,19,65862,28.6232073011734
0.2,2301,-219,65643,28.515638575152042
0.2,2302,12,65655,28.508467216673903
0.2,2303,29,65684,28.508680555555557
0.2,2304,65,65749,28.524511930585682
0.2,2305,87,65836,28.549869904596704
0.2,2306,43,65879,28.556133506718684
0.2,2307,77,65956,28.577123050259964
0.2,2308,77,66033,28.59809441316587
0.2,2309,63,66096,28.612987012987013
0.2,2310,52,66148,28.62310688013847
0.2,2311,82,66230,28.646193771626297
0.2,2312,93,66323,28.674016428880243
0.2,2313,85,66408,28.698357821953326
0.2,2314,46,66454,28.705831533477323
0.2,2315,-61,66393,28.667098445595855
0.2,2316,79,66472,28.68882175226586
0.2,2317,85,66557,28.71311475409836
0.2,2318,75,66632,28.733074601121174
0.2,2319,67,66699,28.74956896551724
0.2,2320,48,66747,28.757862990090477
0.2,2321,81,66828,28.780361757105943
0.2,2322,75,66903,28.800258286698234
0.2,2323,21,66924,28.796901893287437
0.2,2324,92,67016,28.824086021505376
0.2,2325,-149,66867,28.747635425623386
0.2,2326,88,66955,28.77309840996992
0.2,2327,7,66962,28.763745704467354
0.2,2328,12,66974,28.756547874624303
0.2,2329,55,67029,28.767811158798285
0.2,2330,82,67111,28.79064779064779
0.2,2331,88,67199,28.816037735849058
0.2,2332,32,67231,28.81740248606944
0.2,2333,83,67314,28.840616966580978
0.2,2334,-46,67268,28.808565310492504
0.2,2335,46,67314,28.815924657534246
0.2,2336,47,67361,28.82370560547711
0.2,2337,61,67422,28.837467921300256
0.2,2338,15,67437,28.83155194527576
0.2,2339,51,67488,28.84102564102564
0.2,2340,76,67564,28.861170439982914
0.2,2341,93,67657,28.88855678906917
0.2,2342,-30,67627,28.86342296201451
0.2,2343,34,67661,28.86561433447099
0.2,2344,60,67721,28.878891257995736
0.2,2345,36,67757,28.881926683716966
0.2,2346,47,67804,28.889646357051554
0.2,2347,90,67894,28.915672913117547
0.2,2348,75,67969,28.935291613452534
0.2,2349,88,68057,28.960425531914893
0.2,2350,69,68126,28.977456401531263
0.2,2351,77,68203,28.997874149659864
0.2,2352,-345,67858,28.83892902677433
0.2,2353,92,67950,28.86576040781648
0.2,2354,-57,67893,28.829299363057324
0.2,2355,75,67968,28.848896434634973
0.2,2356,84,68052,28.872295290623676
0.2,2357,21,68073,28.868956743002546
0.2,2358,95,68168,28.896990250105976
0.2,2359,-12,68156,28.879661016949154
0.2,2360,25,68181,28.878017789072427
0.2,2361,85,68266,28.90177815410669
0.2,2362,-278,67988,28.77190012695726
0.2,2363,23,68011,28.769458544839257
0.2,2364,94,68105,28.797040169133194
0.2,2365,7,68112,28.787827557058325
0.2,2366,65,68177,28.803126320236586
0.2,2367,-1,68176,28.79054054054054
0.2,2368,78,68254,28.811312790206838
0.2,2369,88,68342,28.836286919831224
0.2,2370,-161,68181,28.756221003795865
0.2,2371,-2,68179,28.743254637436763
0.2,2372,86,68265,28.767383059418457
0.2,2373,92,68357,28.79401853411963
0.2,2374,-93,68264,28.742736842105263
0.2,2375,68,68332,28.75925925925926
0.2,2376,90,68422,28.78502313840976
0.2,2377,65,68487,28.800252312867958
0.2,2378,-203,68284,28.702816309373688
0.2,2379,80,68364,28.72436974789916
0.2,2380,66,68430,28.74002519949601
0.2,2381,76,68506,28.75986565910999
0.2,2382,94,68600,28.7872429710449
0.2,2383,62,68662,28.801174496644297
0.2,2384,67,68729,28.817190775681343
0.2,2385,-79,68650,28.77200335289187
0.2,2386,89,68739,28.797235023041473
0.2,2387,46,68785,28.804438860971523
0.2,2388,-19,68766,28.784428631226454
0.2,2389,24,68790,28.782426778242677
0.2,2390,7,68797,28.77331660393141
0.2,2391,-41,68756,28.744147157190636
0.2,2392,83,68839,28.76681989134977
0.2,2393,79,68918,28.78780284043442
0.2,2394,12,68930,28.780793319415448
0.2,2395,-49,68881,28.748330550918197
0.2,2396,55,68936,28.759282436378808
0.2,2397,21,68957,28.75604670558799
0.2,2398,65,69022,28.771154647769904
0.2,2399,88,69110,28.795833333333334
0.2,2400,6,69116,28.786339025406082
0.2,2401,27,69143,28.785595337218986
0.2,2402,49,69192,28.794007490636705
0.2,2403,-104,69088,28.738768718801996
0.2,2404,91,69179,28.764656964656965
0.2,2405,-12,69167,28.747714048212803
0.2,2406,80,69247,28.769007062733692
0.2,2407,45,69292,28.77574750830565
0.2,2408,86,69378,28.79950186799502
0.2,2409,58,69436,28.81161825726141
0.2,2410,67,69503,28.827457486520117
0.2,2411,93,69596,28.854063018242122
0.2,2412,25,69621,28.85246581019478
0.2,2413,42,69663,28.857912178956088
0.2,2414,79,69742,28.878674948240164
0.2,2415,90,69832,28.903973509933774
0.2,2416,-10,69822,28.887877534133224
0.2,2417,88,69910,28.91232423490488
0.2,2418,89,69999,28.937164117403885
0.2,2419,66,70065,28.952479338842974
0.2,2420,93,70158,28.97893432465923
0.2,2421,-105,70053,28.923616845582163
0.2,2422,89,70142,28.948411060668594
0.2,2423,72,70214,28.966171617161717
0.2,2424,89,70303,28.990927835051547
0.2,2425,37,70340,28.994229183841714
0.2,2426,-9,70331,28.978574371652247
0.2,2427,77,70408,28.99835255354201
0.2,2428,95,70503,29.025524907369288
0.2,2429,57,70560,29.037037037037038
0.2,2430,-122,70438,28.97490744549568
0.2,2431,72,70510,28.992598684210527
0.2,2432,43,70553,28.99835593916975
0.2,2433,31,70584,28.999178307313066
0.2,2434,-13,70571,28.981930184804927
0.2,2435,95,70666,29.009031198686372
0.2,2436,88,70754,29.033237587197373
0.2,2437,-27,70727,29.01025430680886
0.2,2438,57,70784,29.021730217302174
0.2,2439,26,70810,29.020491803278688
0.2,2440,94,70904,29.04711183941008
0.2,2441,-22,70882,29.026208026208025
0.2,2442,75,70957,29.04502660663119
0.2,2443,91,71048,29.07037643207856
0.2,2444,94,71142,29.096932515337425
0.2,2445,49,71191,29.10506950122649
0.2,2446,88,71279,29.129137719656722
0.2,2447,70,71349,29.145833333333332
0.2,2448,92,71441,29.171498570845245
0.2,2449,76,71517,29.19061224489796
0.2,2450,-11,71506,29.17421460628315
0.2,2451,44,71550,29.18026101141925
0.2,2452,92,71642,29.205870362821035
0.2,2453,45,71687,29.212306438467806
0.2,2454,-176,71511,29.128716904276985
0.2,2455,-11,71500,29.112377850162865
0.2,2456,80,71580,29.133089133089133
0.2,2457,80,71660,29.153783563873066
0.2,2458,43,71703,29.159414396095976
0.2,2459,-56,71647,29.12479674796748
0.2,2460,48,71695,29.132466477041852
0.2,2461,-28,71667,29.109260763606823
0.2,2462,51,71718,29.118148599269183
0.2,2463,89,71807,29.1424512987013
0.2,2464,88,71895,29.16632860040568
0.2,2465,50,71945,29.17477696674777
0.2,2466,-2,71943,29.16214025131739
0.2,2467,94,72037,29.18841166936791
0.2,2468,89,72126,29.212636695018226
0.2,2469,73,72199,29.230364372469637
0.2,2470,94,72293,29.256576284904895
0.2,2471,24,72317,29.254449838187703
0.2,2472,94,72411,29.280630812778004
0.2,2473,92,72503,29.30598221503638
0.2,2474,18,72521,29.301414141414142
0.2,2475,94,72615,29.327544426494345
0.2,2476,28,72643,29.327008477997577
0.2,2477,46,72689,29.333736884584344
0.2,2478,94,72783,29.359822509076242
0.2,2479,72,72855,29.37701612903226
0.2,2480,-82,72773,29.332124143490528
0.2,2481,34,72807,29.334004834810635
0.2,2482,63,72870,29.347563431333064
0.2,2483,93,72963,29.3731884057971
0.2,2484,71,73034,29.389939637826963
0.2,2485,89,73123,29.413917940466614
0.2,2486,86,73209,29.436670687575393
0.2,2487,90,73299,29.461012861736336
0.2,2488,49,73348,29.468862997187625
0.2,2489,28,73376,29.46827309236948
0.2,2490,92,73468,29.49337615415496
0.2,2491,79,73547,29.513242375601926
0.2,2492,91,73638,29.537906137184116
0.2,2493,49,73687,29.54570970328789
0.2,2494,-107,73580,29.490981963927855
0.2,2495,-107,73473,29.436298076923077
0.2,2496,-8,73465,29.421305566680015
0.2,2497,84,73549,29.443154523618894
0.2,2498,-156,73393,29.368947579031612
0.2,2499,-125,73268,29.3072
0.2,2500,45,73313,29.31347461015594
0.2,2501,89,73402,29.337330135891285
0.2,2502,83,73485,29.358769476628048
0.2,2503,-65,73420,29.32108626198083
0.2,2504,94,73514,29.34690618762475
0.2,2505,81,73595,29.36751795690343
0.2,2506,-89,73506,29.320303151176706
0.2,2507,56,73562,29.330940988835724
0.2,2508,44,73606,29.33678756476684
0.2,2509,58,73664,29.34820717131474
0.2,2510,86,73750,29.370768618080447
0.2,2511,-135,73615,29.30533439490446
0.2,2512,-58,73557,29.27059291683247
0.2,2513,-43,73514,29.24184566428003
0.2,2514,86,73600,29.26441351888668
0.2,2515,88,73688,29.287758346581874
0.2,2516,3,73691,29.277314263011522
0.2,2517,37,73728,29.280381254964258
0.2,2518,74,73802,29.29813418023025
0.2,2519,94,73896,29.323809523809523
0.2,2520,44,73940,29.329631098770328
0.2,2521,87,74027,29.35249801744647
0.2,2522,67,74094,29.36741973840666
0.2,2523,-468,73626,29.17036450079239
0.2,2524,-46,73580,29.14059405940594
0.2,2525,43,73623,29.14608076009501
0.2,2526,93,73716,29.17134942619707
0.2,2527,90,73806,29.195411392405063
0.2,2528,94,73900,29.22103598260182
0.2,2529,92,73992,29.24584980237154
0.2,2530,82,74074,29.266693006716714
0.2,2531,79,74153,29.286334913112164
0.2,2532,94,74247,29.311883142518752
0.2,2533,-7,74240,29.29755327545383
0.2,2534,93,74333,29.32268244575937
0.2,2535,9,74342,29.31466876971609
0.2,2536,81,74423,29.33504138746551
0.2,2537,80,74503,29.355003940110322
0.2,2538,-86,74417,29.30957069712485
0.2,2539,44,74461,29.31535433070866
0.2,2540,35,74496,29.31759149940968
0.2,2541,60,74556,29.32966168371361
0.2,2542,89,74645,29.353126228863548
0.2,2543,-15,74630,29.33569182389937
0.2,2544,73,74703,29.35284872298625
0.2,2545,83,74786,29.373919874312648
0.2,2546,92,74878,29.39850804868473
0.2,2547,27,74905,29.39756671899529
0.2,2548,61,74966,29.40996469203609
0.2,2549,56,75022,29.420392156862746
0.2,2550,7,75029,29.411603292826342
0.2,2551,76,75105,29.42985893416928
0.2,2552,16,75121,29.424598511555033
0.2,2553,83,75204,29.445575567736885
0.2,2554,54,75258,29.45518590998043
0.2,2555,77,75335,29.47378716744914
0.2,2556,-24,75311,29.45287446226046
0.2,2557,83,75394,29.473807662236123
0.2,2558,25,75419,29.472059398202422
0.2,2559,24,75443,29.469921875
0.2,2560,-14,75429,29.452948067161266
0.2,2561,-268,75161,29.336846213895395
0.2,2562,-12,75149,29.32071790870074
0.2,2563,89,75238,29.34399375975039
0.2,2564,30,75268,29.344249512670565
0.2,2565,90,75358,29.36788776305534
0.2,2566,-47,75311,29.33813790416829
0.2,2567,32,75343,29.33917445482866
0.2,2568,44,75387,29.344881276761384
0.2,2569,93,75480,29.36964980544747
0.2,2570,92,75572,29.39401011279658
0.2,2571,-2,75570,29.381804043545877
0.2,2572,83,75653,29.402642829382046
0.2,2573,90,75743,29.426184926184927
0.2,2574,79,75822,29.445436893203883
0.2,2575,3,75825,29.435170807453417
0.2,2576,-43,75782,29.407062475746994
0.2,2577,90,75872,29.43056633048875
0.2,2578,88,75960,29.453276463745638
0.2,2579,24,75984,29.451162790697673
0.2,2580,-148,75836,29.38240991863619
0.2,2581,90,75926,29.40588690937258
0.2,2582,91,76017,29.42973286875726
0.2,2583,-10,76007,29.414473684210527
0.2,2584,92,76099,29.438684719535782
0.2,2585,68,76167,29.453596287703018
0.2,2586,-90,76077,29.40742172400464
0.2,2587,-23,76054,29.387171561051005
0.2,2588,42,76096,29.392043259945925
0.2,2589,11,76107,29.384942084942086
0.2,2590,-82,76025,29.341952913932843
0.2,2591,90,76115,29.365354938271604
0.2,2592,12,76127,29.358657925183184
0.2,2593,65,76192,29.372397841171935
0.2,2594,81,76273,29.39229287090559
0.2,2595,-113,76160,29.337442218798152
0.2,2596,28,76188,29.336927223719677
0.2,2597,70,76258,29.352578906851424
0.2,2598,74,76332,29.369757599076568
0.2,2599,53,76385,29.378846153846155
0.2,2600,-3,76382,29.36639753940792
0.2,2601,60,76442,29.378170637970793
0.2,2602,16,76458,29.373031117940837
0.2,2603,86,76544,29.394777265745006
0.2,2604,81,76625,29.414587332053742
0.2,2605,7,76632,29.40598618572525
0.2,2606,75,76707,29.423475258918298
0.2,2607,59,76766,29.434815950920246
0.2,2608,-102,76664,29.384438482177078
0.2,2609,39,76703,29.388122605363986
0.2,2610,90,76793,29.411336652623515
0.2,2611,15,76808,29.40581929555896
0.2,2612,51,76859,29.4140834290088
0.2,2613,8,76867,29.405891354246364
0.2,2614,-32,76835,29.382409177820268
0.2,2615,-111,76724,29.328746177370032
0.2,2616,85,76809,29.35001910584639
0.2,2617,-128,76681,29.289915966386555
0.2,2618,72,76753,29.30622374952272
0.2,2619,92,76845,29.330152671755727
0.2,2620,93,76938,29.35444486837085
0.2,2621,-80,76858,29.312738367658277
0.2,2622,-58,76800,29.279451010293556
0.2,2623,45,76845,29.28544207317073
0.2,2624,22,76867,29.282666666666668
0.2,2625,78,76945,29.3012185833968
0.2,2626,82,77027,29.321279025504378
0.2,2627,36,77063,29.323820395738203
0.2,2628,12,77075,29.317230886268543
0.2,2629,48,77123,29.324334600760455
0.2,2630,94,77217,29.348916761687573
0.2,2631,-78,77139,29.308130699088146
0.2,2632,79,77218,29.327003418154195
0.2,2633,-220,76998,29.232346241457858
0.2,2634,65,77063,29.245920303605313
0.2,2635,59,77122,29.25720789074355
0.2,2636,40,77162,29.261281759575276
0.2,2637,51,77213,29.269522365428355
0.2,2638,77,77290,29.287608942781358
0.2,2639,21,77311,29.284469696969698
0.2,2640,30,77341,29.28474062854979
0.2,2641,-89,77252,29.23996971990916
0.2,2642,86,77338,29.261445327279606
0.2,2643,94,77432,29.285930408472012
0.2,2644,94,77526,29.31039697542533
0.2,2645,47,77573,29.31708238851096
0.2,2646,46,77619,29.323384964110314
0.2,2647,-15,77604,29.30664652567976
0.2,2648,84,77688,29.327293318233295
0.2,2649,26,77714,29.326037735849056
0.2,2650,-139,77575,29.262542436816297
0.2,2651,-30,77545,29.24019607843137
0.2,2652,89,77634,29.262721447418016
0.2,2653,90,77724,29.285606631499622
0.2,2654,50,77774,29.293408662900188
0.2,2655,29,77803,29.293298192771083
0.2,2656,95,77898,29.31802785095973
0.2,2657,-42,77856,29.291196388261852
0.2,2658,85,77941,29.31214742384355
0.2,2659,78,78019,29.33045112781955
0.2,2660,9,78028,29.3228109733183
0.2,2661,81,78109,29.34222389181067
0.2,2662,73,78182,29.358618099887344
0.2,2663,93,78275,29.38250750750751
0.2,2664,-174,78101,29.306191369606005
0.2,2665,83,78184,29.326331582895723
0.2,2666,21,78205,29.32320959880015
0.2,2667,47,78252,29.32983508245877
0.2,2668,25,78277,29.328212813787935
0.2,2669,32,78309,29.329213483146066
0.2,2670,27,78336,29.32834144515163
0.2,2671,93,78429,29.352170658682635
0.2,2672,51,78480,29.36026936026936
0.2,2673,75,78555,29.377337322363502
0.2,2674,27,78582,29.376448598130843
0.2,2675,49,78631,29.383781763826608
0.2,2676,8,78639,29.375793799028763
0.2,2677,55,78694,29.385362210604928
0.2,2678,-19,78675,29.367301231802912
0.2,2679,21,78696,29.36417910447761
0.2,2680,94,78790,29.388287952256622
0.2,2681,21,78811,29.385160328113347
0.2,2682,86,78897,29.406261647409615
0.2,2683,74,78971,29.422876304023845
0.2,2684,-129,78842,29.36387337057728
0.2,2685,34,78876,29.36559940431869
0.2,2686,-31,78845,29.343133606252326
0.2,2687,87,78932,29.364583333333332
0.2,2688,78,79010,29.38267013759762
0.2,2689,81,79091,29.40185873605948
0.2,2690,49,79140,29.409141583054627
0.2,2691,84,79224,29.429420505200593
0.2,2692,34,79258,29.431117712588193
0.2,2693,88,79346,29.452858203414998
0.2,2694,24,79370,29.450834879406308
0.2,2695,32,79402,29.451780415430267
0.2,2696,-64,79338,29.417130144605117
0.2,2697,91,79429,29.439955522609342
0.2,2698,-38,79391,29.41496850685439
0.2,2699,77,79468,29.43259259259259
0.2,2700,-93,79375,29.38726397630507
0.2,2701,67,79442,29.401184307920058
0.2,2702,16,79458,29.39622641509434
0.2,2703,77,79535,29.413831360946745
0.2,2704,-16,79519,29.397042513863216
0.2,2705,83,79602,29.416851441241686
0.2,2706,68,79670,29.431104543775398
0.2,2707,80,79750,29.449778434268833
0.2,2708,61,79811,29.461424880029533
0.2,2709,14,79825,29.45571955719557
0.2,2710,-64,79761,29.421246772408704
0.2,2711,61,79822,29.432890855457227
0.2,2712,92,79914,29.455952819756728
0.2,2713,-126,79788,29.39867354458364
0.2,2714,90,79878,29.420994475138123
0.2,2715,-274,79604,29.309278350515463
0.2,2716,26,79630,29.30806036069194
0.2,2717,-137,79493,29.246872700515084
0.2,2718,64,79557,29.25965428466348
0.2,2719,-69,79488,29.223529411764705
0.2,2720,48,79536,29.23042998897464
0.2,2721,-43,79493,29.203894195444526
0.2,2722,94,79587,29.22769004774146
0.2,2723,49,79636,29.234948604992656
0.2,2724,66,79702,29.248440366972478
0.2,2725,-107,79595,29.1984592809978
0.2,2726,-61,79534,29.165383204987165
0.2,2727,71,79605,29.180718475073313
0.2,2728,90,79695,29.203004763649687
0.2,2729,-359,79336,29.06080586080586
0.2,2730,79,79415,29.07909190772611
0.2,2731,20,79435,29.075768667642752
0.2,2732,25,79460,29.074277350896452
0.2,2733,62,79522,29.08632040965618
0.2,2734,27,79549,29.085557586837293
0.2,2735,94,79643,29.109283625730995
0.2,2736,66,79709,29.122762148337596
0.2,2737,53,79762,29.131482834185537
0.2,2738,83,79845,29.151150054764514
0.2,2739,89,79934,29.172992700729928
0.2,2740,-8,79926,29.159430864647938
0.2,2741,60,79986,29.170678336980306
0.2,2742,72,80058,29.186292380605177
0.2,2743,-33,80025,29.16362973760933
0.2,2744,51,80076,29.17158469945355
0.2,2745,-34,80042,29.14857975236708
0.2,2746,70,80112,29.16345103749545
0.2,2747,-178,79934,29.08806404657933
0.2,2748,28,79962,29.087668242997452
0.2,2749,-151,79811,29.022181818181817
0.2,2750,92,79903,29.045074518356962
0.2,2751,85,79988,29.065406976744185
0.2,2752,-132,79856,29.006901561932438
0.2,2753,77,79933,29.024328249818446
0.2,2754,-6,79927,29.011615245009075
0.2,2755,86,80013,29.032293178519595
0.2,2756,27,80040,29.031556039173015
0.2,2757,81,80121,29.050398839738943
0.2,2758,68,80189,29.06451612903226
0.2,2759,84,80273,29.08442028985507
0.2,2760,24,80297,29.082578775805867
0.2,2761,-22,80275,29.06408399710355
0.2,2762,84,80359,29.08396670285921
0.2,2763,83,80442,29.103473227206948
0.2,2764,-5,80437,29.09113924050633
0.2,2765,64,80501,29.103759942154735
0.2,2766,-283,80218,28.990964943982654
0.2,2767,72,80290,29.00650289017341
0.2,2768,84,80374,29.026363308053448
0.2,2769,-5,80369,29.01407942238267
0.2,2770,-56,80313,28.983399494767234
0.2,2771,85,80398,29.003607503607505
0.2,2772,84,80482,29.023440317345834
0.2,2773,10,80492,29.01658255227109
0.2,2774,70,80562,29.03135135135135
0.2,2775,91,80653,29.053674351585013
0.2,2776,86,80739,29.074180770615772
0.2,2777,59,80798,29.0849532037437
0.2,2778,41,80839,29.089240734077006
0.2,2779,88,80927,29.11043165467626
0.2,2780,-28,80899,29.089895720963682
0.2,2781,-26,80873,29.070093457943926
0.2,2782,57,80930,29.0801293568092
0.2,2783,77,81007,29.097341954022987
0.2,2784,52,81059,29.10556552962298
0.2,2785,81,81140,29.124192390524048
0.2,2786,94,81234,29.14747039827772
0.2,2787,41,81275,29.151721664275467
0.2,2788,-16,81259,29.135532448906417
0.2,2789,88,81347,29.15663082437276
0.2,2790,-45,81302,29.130060910068075
0.2,2791,94,81396,29.153295128939828
0.2,2792,24,81420,29.15145005370569
0.2,2793,86,81506,29.171796707229777
0.2,2794,60,81566,29.182826475849733
0.2,2795,7,81573,29.17489270386266
0.2,2796,74,81647,29.190918841616018
0.2,2797,85,81732,29.2108649035025
0.2,2798,-308,81424,29.09038942479457
0.2,2799,32,81456,29.091428571428573
0.2,2800,75,81531,29.10781863620136
0.2,2801,86,81617,29.128122769450393
0.2,2802,1,81618,29.118087763110953
0.2,2803,88,81706,29.139087018544934
0.2,2804,93,81799,29.161853832442066
0.2,2805,21,81820,29.158945117605132
0.2,2806,-95,81725,29.114713216957608
0.2,2807,-28,81697,29.09437321937322
0.2,2808,67,81764,29.107867568529727
0.2,2809,81,81845,29.126334519572953
0.2,2810,-34,81811,29.103877623621486
0.2,2811,-91,81720,29.061166429587484
0.2,2812,67,81787,29.07465339495201
0.2,2813,28,81815,29.074271499644635
0.2,2814,28,81843,29.073889875666076
0.2,2815,90,81933,29.095525568181817
0.2,2816,25,81958,29.094071707490237
0.2,2817,48,82006,29.100780695528744
0.2,2818,84,82090,29.120255409719757
0.2,2819,11,82101,29.113829787234042
0.2,2820,68,82169,29.127614321162707
0.2,2821,70,82239,29.14209780297661
0.2,2822,48,82287,29.148777895855474
0.2,2823,92,82379,29.171033994334277
0.2,2824,72,82451,29.186194690265488
0.2,2825,88,82539,29.20700636942675
0.2,2826,-140,82399,29.147152458436505
0.2,2827,79,82478,29.164780763790663
0.2,2828,-32,82446,29.143160127253445
0.2,2829,-51,82395,29.114840989399294
0.2,2830,27,82422,29.114093959731544
0.2,2831,91,82513,29.135946327683616
0.2,2832,91,82604,29.157783268619838
0.2,2833,88,82692,29.178546224417783
0.2,2834,66,82758,29.191534391534393
0.2,2835,94,82852,29.21438645980254
0.2,2836,94,82946,29.23722241804723
0.2,2837,69,83015,29.25123326286117
0.2,2838,-172,82843,29.180345191969003
0.2,2839,41,82884,29.18450704225352
0.2,2840,81,82965,29.20274551214361
0.2,2841,87,83052,29.22308233638283
0.2,2842,-189,82863,29.146324305311293
0.2,2843,88,82951,29.16701828410689
0.2,2844,45,82996,29.172583479789104
0.2,2845,59,83055,29.18306394940267
0.2,2846,81,83136,29.20126448893572
0.2,2847,7,83143,29.193469101123597
0.2,2848,-56,83087,29.163566163566163
0.2,2849,86,83173,29.183508771929823
0.2,2850,84,83257,29.202735882146616
0.2,2851,40,83297,29.206521739130434
0.2,2852,-24,83273,29.187872415001753
0.2,2853,57,83330,29.19761737911703
0.2,2854,6,83336,29.189492119089316
0.2,2855,88,83424,29.210084033613445
0.2,2856,81,83505,29.228211410570527
0.2,2857,11,83516,29.22183344996501
0.2,2858,-77,83439,29.18467995802728
0.2,2859,-266,83173,29.08146853146853
0.2,2860,80,83253,29.09926599091227
0.2,2861,94,83347,29.121942697414397
0.2,2862,93,83440,29.144254278728607
0.2,2863,76,83516,29.160614525139664
0.2,2864,81,83597,29.17870855148342
0.2,2865,65,83662,29.191207257501745
0.2,2866,46,83708,29.19707010812696
0.2,2867,62,83770,29.208507670850768
0.2,2868,83,83853,29.227256883931684
0.2,2869,36,83889,29.229616724738676
0.2,2870,-135,83754,29.17241379310345
0.2,2871,66,83820,29.185236768802227
0.2,2872,81,83901,29.20327184128089
0.2,2873,93,83994,29.225469728601254
0.2,2874,58,84052,29.235478260869566
0.2,2875,23,84075,29.233310152990263
0.2,2876,-164,83911,29.16614529023288
0.2,2877,76,83987,29.18241834607366
0.2,2878,-64,83923,29.150052101424105
0.2,2879,66,83989,29.162847222222222
0.2,2880,5,83994,29.15446025685526
0.2,2881,91,84085,29.175919500346982
0.2,2882,78,84163,29.192854665279224
0.2,2883,77,84240,29.209431345353675
0.2,2884,86,84326,29.229116117850953
0.2,2885,-69,84257,29.195079695079695
0.2,2886,-9,84248,29.18184967093869
0.2,2887,-52,84196,29.153739612188367
0.2,2888,90,84286,29.17480096919349
0.2,2889,85,84371,29.194117647058825
0.2,2890,92,84463,29.215842269111036
0.2,2891,-194,84269,29.13865836791148
0.2,2892,65,84334,29.15105426892499
0.2,2893,27,84361,29.150310988251555
0.2,2894,64,84425,29.162348877374786
0.2,2895,86,84511,29.181975138121548
0.2,2896,93,84604,29.204004142216085
0.2,2897,-32,84572,29.18288474810214
0.2,2898,34,84606,29.184546395308725
0.2,2899,66,84672,29.197241379310345
0.2,2900,-18,84654,29.180972078593587
0.2,2901,-109,84545,29.133356305995864
0.2,2902,28,84573,29.13296589734757
0.2,2903,78,84651,29.149793388429753
0.2,2904,-88,84563,29.109466437177282
0.2,2905,-66,84497,29.07673778389539
0.2,2906,84,84581,29.09563123495012
0.2,2907,89,84670,29.116231086657496
0.2,2908,94,84764,29.13853557923685
0.2,2909,-85,84679,29.099312714776634
0.2,2910,72,84751,29.114050154586053
0.2,2911,19,84770,29.110576923076923
0.2,2912,19,84789,29.107106076210094
0.2,2913,93,84882,29.129032258064516
0.2,2914,88,84970,29.149228130360207
0.2,2915,-1,84969,29.13888888888889
0.2,2916,23,84992,29.13678436750086
0.2,2917,70,85062,29.150788211103496
0.2,2918,42,85104,29.155190133607398
0.2,2919,83,85187,29.1736301369863
0.2,2920,34,85221,29.175282437521396
0.2,2921,38,85259,29.178302532511978
0.2,2922,85,85344,29.197399931577145
0.2,2923,93,85437,29.21922024623803
0.2,2924,-51,85386,29.191794871794873
0.2,2925,69,85455,29.2053998632946
0.2,2926,48,85503,29.211820977109667
0.2,2927,46,85549,29.217554644808743
0.2,2928,-68,85481,29.184363263912598
0.2,2929,-39,85442,29.16109215017065
0.2,2930,70,85512,29.175025588536336
0.2,2931,-15,85497,29.159959072305593
0.2,2932,81,85578,29.17763382202523
0.2,2933,-52,85526,29.149965916837083
0.2,2934,85,85611,29.168994889267463
0.2,2935,51,85662,29.17643051771117
0.2,2936,86,85748,29.19577800476677
0.2,2937,89,85837,29.216133424098025
0.2,2938,74,85911,29.23137121469888
0.2,2939,94,86005,29.253401360544217
0.2,2940,42,86047,29.257735464127848
0.2,2941,44,86091,29.26274643099932
0.2,2942,60,86151,29.273190621814475
0.2,2943,88,86239,29.293138586956523
0.2,2944,42,86281,29.297453310696095
0.2,2945,78,86359,29.31398506449423
0.2,2946,86,86445,29.333220223956566
0.2,2947,77,86522,29.349389416553596
0.2,2948,89,86611,29.369616819260767
0.2,2949,-8,86603,29.356949152542374
0.2,2950,78,86681,29.373432734666213
0.2,2951,-54,86627,29.34518970189702
0.2,2952,87,86714,29.364713850321706
0.2,2953,-42,86672,29.340555179417738
0.2,2954,-127,86545,29.287648054145517
0.2,2955,73,86618,29.302435723951284
0.2,2956,-15,86603,29.28745350016909
0.2,2957,-175,86428,29.2183908045977
0.2,2958,94,86522,29.240283879689084
0.2,2959,19,86541,29.236824324324324
0.2,2960,87,86628,29.25633232016211
0.2,2961,91,86719,29.277177582714383
0.2,2962,-131,86588,29.223084711441107
0.2,2963,68,86656,29.236167341430498
0.2,2964,68,86724,29.249241146711636
0.2,2965,94,86818,29.27107215104518
0.2,2966,-130,86688,29.217391304347824
0.2,2967,-46,86642,29.192048517520217
0.2,2968,78,86720,29.208487706298417
0.2,2969,84,86804,29.226936026936027
0.2,2970,91,86895,29.247728037697744
0.2,2971,93,86988,29.269179004037685
0.2,2972,79,87067,29.285906491759167
0.2,2973,44,87111,29.290854068594484
0.2,2974,30,87141,29.29109243697479
0.2,2975,89,87230,29.311155913978496
0.2,2976,47,87277,29.31709774941216
0.2,2977,58,87335,29.32672934855608
0.2,2978,30,87365,29.326955354145685
0.2,2979,67,87432,29.33959731543624
0.2,2980,57,87489,29.34887621603489
0.2,2981,78,87567,29.365191146881287
0.2,2982,63,87630,29.3764666443178
0.2,2983,35,87665,29.378351206434317
0.2,2984,24,87689,29.376549413735344
0.2,2985,-94,87595,29.335231078365705
0.2,2986,33,87628,29.33645798459993
0.2,2987,88,87716,29.356091030789827
0.2,2988,89,87805,29.37604550016728
0.2,2989,77,87882,29.391973244147156
0.2,2990,-19,87863,29.375794048813106
0.2,2991,-180,87683,29.30581550802139
0.2,2992,92,87775,29.32676244570665
0.2,2993,63,87838,29.338009352037407
0.2,2994,74,87912,29.352921535893156
0.2,2995,83,87995,29.37082777036048
0.2,2996,88,88083,29.39039039039039
0.2,2997,94,88177,29.41194129419613
0.2,2998,-16,88161,29.39679893297766
0.2,2999,29,88190,29.39666666666667
0.2,3000,33,88223,29.39786737754082
0.2,3001,46,88269,29.403397734843438
0.2,3002,88,88357,29.422910422910423
0.2,3003,-35,88322,29.401464713715047
0.2,3004,-43,88279,29.37737104825291
0.2,3005,-97,88182,29.335329341317365
0.2,3006,85,88267,29.35384103757898
0.2,3007,85,88352,29.372340425531913
0.2,3008,86,88438,29.391159853772017
0.2,3009,72,88510,29.40531561461794
0.2,3010,86,88596,29.42411159083361
0.2,3011,9,88605,29.41733067729084
0.2,3012,95,88700,29.439097245270496
0.2,3013,41,88741,29.44293297942933
0.2,3014,70,88811,29.456384742951908
0.2,3015,-126,88685,29.404840848806366
0.2,3016,41,88726,29.408684123301292
0.2,3017,88,88814,29.428098078197483
0.2,3018,93,88907,29.449155349453463
0.2,3019,93,89000,29.47019867549669
0.2,3020,26,89026,29.46904998344919
0.2,3021,64,89090,29.480476505625415
0.2,3022,36,89126,29.482633145881575
0.2,3023,17,89143,29.47850529100529
0.2,3024,-72,89071,29.44495867768595
0.2,3025,43,89114,29.44943820224719
0.2,3026,-28,89086,29.430459200528578
0.2,3027,47,89133,29.436261558784675
0.2,3028,-26,89107,29.417959722680752
0.2,3029,87,89194,29.436963696369638
0.2,3030,28,89222,29.4364896073903
0.2,3031,85,89307,29.454815303430077
0.2,3032,-13,89294,29.440817672271677
0.2,3033,82,89376,29.458141067897166
0.2,3034,38,89414,29.460955518945635
0.2,3035,91,89505,29.481225296442688
0.2,3036,87,89592,29.5001646361541
0.2,3037,87,89679,29.51909150757077
0.2,3038,76,89755,29.534386311286607
0.2,3039,94,89849,29.55559210526316
0.2,3040,-1,89848,29.54554422887208
0.2,3041,83,89931,29.56311637080868
0.2,3042,58,89989,29.572461386789353
0.2,3043,23,90012,29.57030223390276
0.2,3044,91,90103,29.590476190476192
0.2,3045,81,90184,29.607353906762967
0.2,3046,78,90262,29.623235969806366
0.2,3047,79,90341,29.639435695538058
0.2,3048,84,90425,29.65726467694326
0.2,3049,44,90469,29.661967213114753
0.2,3050,-59,90410,29.632907243526713
0.2,3051,51,90461,29.639908256880734
0.2,3052,77,90538,29.655420897477892
0.2,3053,84,90622,29.6732154551408
0.2,3054,6,90628,29.665466448445173
0.2,3055,20,90648,29.662303664921467
0.2,3056,15,90663,29.657507360157016
0.2,3057,74,90737,29.67200784826684
0.2,3058,86,90823,29.690421706440013
0.2,3059,43,90866,29.694771241830065
0.2,3060,-85,90781,29.65730153544593
0.2,3061,84,90865,29.67504898758981
0.2,3062,-131,90734,29.622592229840027
0.2,3063,79,90813,29.638707571801568
0.2,3064,86,90899,29.657096247960848
0.2,3065,42,90941,29.66112198303979
0.2,3066,89,91030,29.68046951418324
0.2,3067,10,91040,29.674054758800523
0.2,3068,41,91081,29.677745193874227
0.2,3069,71,91152,29.691205211726384
0.2,3070,66,91218,29.703028329534355
0.2,3071,-59,91159,29.674153645833332
0.2,3072,14,91173,29.669053042629354
0.2,3073,49,91222,29.67534157449577
0.2,3074,0,91222,29.665691056910568
0.2,3075,93,91315,29.68628088426528
0.2,3076,74,91389,29.700682482937925
0.2,3077,85,91474,29.71864847303444
0.2,3078,45,91519,29.72361156219552
0.2,3079,-11,91508,29.710389610389612
0.2,3080,-61,91447,29.680947744238882
0.2,3081,91,91538,29.70084360804672
0.2,3082,-5,91533,29.68958806357444
0.2,3083,91,91624,29.7094682230869
0.2,3084,66,91690,29.721231766612643
0.2,3085,56,91746,29.729747245625404
0.2,3086,93,91839,29.750242954324587
0.2,3087,89,91928,29.769430051813472
0.2,3088,88,92016,29.788280997086435
0.2,3089,-570,91446,29.594174757281554
0.2,3090,84,91530,29.61177612423164
0.2,3091,7,91537,29.604463130659767
0.2,3092,48,91585,29.610410604591014
0.2,3093,56,91641,29.618939883645766
0.2,3094,93,91734,29.63941841680129
0.2,3095,28,91762,29.63888888888889
0.2,3096,88,91850,29.657733290280916
0.2,3097,1,91851,29.648482892188508
0.2,3098,-20,91831,29.632462084543402
0.2,3099,93,91924,29.65290322580645
0.2,3100,73,91997,29.666881651080296
0.2,3101,-146,91851,29.610251450676984
0.2,3102,84,91935,29.627779568159845
0.2,3103,94,92029,29.648518041237114
0.2,3104,60,92089,29.65829307568438
0.2,3105,91,92180,29.678042498390212
0.2,3106,75,92255,29.69262954618603
0.2,3107,86,92341,29.71074646074646
0.2,3108,93,92434,29.731103248633
0.2,3109,26,92460,29.729903536977492
0.2,3110,84,92544,29.747348119575697
0.2,3111,81,92625,29.763817480719794
0.2,3112,94,92719,29.784452296819786
0.2,3113,75,92794,29.79897238278741
0.2,3114,86,92880,29.81701444622793
0.2,3115,20,92900,29.813863928112966
0.2,3116,26,92926,29.812640359319857
0.2,3117,92,93018,29.832584990378447
0.2,3118,88,93106,29.851234369990383
0.2,3119,-295,92811,29.747115384615384
0.2,3120,-109,92702,29.702659404037167
0.2,3121,-9,92693,29.69026265214606
0.2,3122,-10,92683,29.677553634325967
0.2,3123,81,92764,29.693982074263765
0.2,3124,-14,92750,29.68
0.2,3125,-58,92692,29.651951375559822
0.2,3126,29,92721,29.651742884553887
0.2,3127,11,92732,29.645780051150894
0.2,3128,-43,92689,29.622563119207413
0.2,3129,80,92769,29.638658146964858
0.2,3130,72,92841,29.652187799425104
0.2,3131,88,92929,29.670817369093232
0.2,3132,94,93023,29.691350143632302
0.2,3133,1,93024,29.68219527760051
0.2,3134,-118,92906,29.635087719298244
0.2,3135,38,92944,29.637755102040817
0.2,3136,60,93004,29.64743385400064
0.2,3137,72,93076,29.660930528999362
0.2,3138,85,93161,29.678560050971647
0.2,3139,92,93253,29.698407643312102
0.2,3140,84,93337,29.71569563833174
0.2,3141,-136,93201,29.662953532781668
0.2,3142,88,93289,29.681514476614698
0.2,3143,-28,93261,29.6631679389313
0.2,3144,70,93331,29.675993640699524
0.2,3145,90,93421,29.69516846789574
0.2,3146,47,93468,29.700667302192564
0.2,3147,82,93550,29.71728081321474
0.2,3148,34,93584,29.718640838361384
0.2,3149,69,93653,29.73111111111111
0.2,3150,-97,93556,29.69089178038718
0.2,3151,-113,93443,29.64562182741117
0.2,3152,32,93475,29.64636853790041
0.2,3153,77,93552,29.66138237159163
0.2,3154,-48,93504,29.636767036450077
0.2,3155,89,93593,29.65557667934094
0.2,3156,49,93642,29.661704149509028
0.2,3157,48,93690,29.6675110829639
0.2,3158,93,93783,29.68755935422602
0.2,3159,24,93807,29.685759493670886
0.2,3160,81,93888,29.701993040177157
0.2,3161,81,93969,29.71821631878558
0.2,3162,87,94056,29.73632627252608
0.2,3163,13,94069,29.731036662452592
0.2,3164,87,94156,29.74913112164297
0.2,3165,-125,94031,29.70025268477574
0.2,3166,26,94057,29.69908430691506
0.2,3167,91,94148,29.718434343434343
0.2,3168,60,94208,29.72798990217734
0.2,3169,-156,94052,29.669400630914826
0.2,3170,-49,94003,29.64459161147903
0.2,3171,33,94036,29.64564943253468
0.2,3172,-34,94002,29.625590923416325
0.2,3173,-65,93937,29.595778197857594
0.2,3174,-241,93696,29.51055118110236
0.2,3175,48,93744,29.516372795969772
0.2,3176,75,93819,29.530689329556186
0.2,3177,-80,93739,29.496224040276903
0.2,3178,-122,93617,29.448568732305755
0.2,3179,86,93703,29.466352201257862
0.2,3180,-123,93580,29.41842187991198
0.2,3181,46,93626,29.42363293526084
0.2,3182,61,93687,29.433553251649386
0.2,3183,52,93739,29.440640703517587
0.2,3184,11,93750,29.43485086342229
0.2,3185,-123,93627,29.387005649717516
0.2,3186,-36,93591,29.366488860997805
0.2,3187,-179,93412,29.30112923462986
0.2,3188,69,93481,29.313577924114142
0.2,3189,24,93505,29.311912225705328
0.2,3190,88,93593,29.33030397994359
0.2,3191,-73,93520,29.29824561403509
0.2,3192,89,93609,29.316943313498278
0.2,3193,-24,93585,29.30025046963056
0.2,3194,88,93673,29.318622848200313
0.2,3195,92,93765,29.33823529411765
0.2,3196,49,93814,29.344385361276196
0.2,3197,65,93879,29.355534709193247
0.2,3198,-50,93829,29.33072835261019
0.2,3199,94,93923,29.3509375
0.2,3200,-8,93915,29.339268978444235
0.2,3201,73,93988,29.352904434728295
0.2,3202,6,93994,29.345613487355603
0.2,3203,69,94063,29.357990012484393
0.2,3204,-1,94062,29.348517940717628
0.2,3205,80,94142,29.364316905801623
0.2,3206,89,94231,29.382912379170563
0.2,3207,20,94251,29.37998753117207
0.2,3208,70,94321,29.39264568401371
0.2,3209,-135,94186,29.341433021806854
0.2,3210,-26,94160,29.324198069137342
0.2,3211,94,94254,29.344333748443336
0.2,3212,73,94327,29.35792094615624
0.2,3213,85,94412,29.375233354075917
0.2,3214,90,94502,29.394090202177296
0.2,3215,33,94535,29.39521144278607
0.2,3216,76,94611,29.40969847684178
0.2,3217,-90,94521,29.372591671845868
0.2,3218,-45,94476,29.349487418452934
0.2,3219,84,94560,29.366459627329192
0.2,3220,85,94645,29.38373176032288
0.2,3221,11,94656,29.3780260707635
0.2,3222,68,94724,29.390009308098044
0.2,3223,57,94781,29.398573200992555
0.2,3224,42,94823,29.40248062015504
0.2,3225,46,94869,29.407625542467454
0.2,3226,17,94886,29.403780601177566
0.2,3227,91,94977,29.4228624535316
0.2,3228,90,95067,29.4416227934345
0.2,3229,87,95154,29.459442724458203
0.2,3230,80,95234,29.47508511296812
0.2,3231,88,95322,29.49319306930693
0.2,3232,62,95384,29.503247757500773
0.2,3233,71,95455,29.5160791589363
0.2,3234,63,95518,29.52642967542504
0.2,3235,94,95612,29.546353522867737
0.2,3236,23,95635,29.544331170837197
0.2,3237,-44,95591,29.521618282890675
0.2,3238,79,95670,29.536894103118247
0.2,3239,-231,95439,29.456481481481482
0.2,3240,83,95522,29.473002159827214
0.2,3241,-64,95458,29.444170265268355
0.2,3242,75,95533,29.458217699660807
0.2,3243,69,95602,29.470406905055487
0.2,3244,-10,95592,29.45824345146379
0.2,3245,50,95642,29.464571780653113
0.2,3246,-92,95550,29.427163535571296
0.2,3247,76,95626,29.44150246305419
0.2,3248,-169,95457,29.380424746075715
0.2,3249,94,95551,29.400307692307692
0.2,3250,89,95640,29.41864041833282
0.2,3251,81,95721,29.43450184501845
0.2,3252,70,95791,29.44697202582232
0.2,3253,51,95842,29.45359557467732
0.2,3254,-55,95787,29.427649769585255
0.2,3255,84,95871,29.44441031941032
0.2,3256,-102,95769,29.40405280933374
0.2,3257,-73,95696,29.372621240024554
0.2,3258,76,95772,29.38692850567659
0.2,3259,85,95857,29.40398773006135
0.2,3260,64,95921,29.414596749463353
0.2,3261,71,95992,29.42734518700184
0.2,3262,-79,95913,29.39411584431505
0.2,3263,80,95993,29.409620098039216
0.2,3264,-1,95992,29.40030627871363
0.2,3265,-168,95824,29.33986527862829
0.2,3266,79,95903,29.355065809611265
0.2,3267,85,95988,29.372093023255815
0.2,3268,-226,95762,29.29397369226063
0.2,3269,66,95828,29.30519877675841
0.2,3270,76,95904,29.31947416692143
0.2,3271,80,95984,29.334963325183374
0.2,3272,83,96067,29.351359608921477
0.2,3273,25,96092,29.35003054367746
0.2,3274,-53,96039,29.324885496183207
0.2,3275,87,96126,29.342490842490843
0.2,3276,92,96218,29.36161122978334
0.2,3277,-143,96075,29.30902989627822
0.2,3278,-152,95923,29.253735895089967
0.2,3279,61,95984,29.26341463414634
0.2,3280,88,96072,29.281316671746417
0.2,3281,33,96105,29.282449725776964
0.2,3282,37,96142,29.284800487359124
0.2,3283,80,96222,29.300243605359316
0.2,3284,92,96314,29.319330289193303
0.2,3285,86,96400,29.336579427875837
0.2,3286,1,96401,29.327958624885913
0.2,3287,88,96489,29.345802919708028
0.2,3288,45,96534,29.350562480997265
0.2,3289,92,96626,29.369604863221884
0.2,3290,-9,96617,29.357945913096323
0.2,3291,82,96699,29.37393681652491
0.2,3292,-412,96287,29.239902824172486
0.2,3293,83,96370,29.256223436551306
0.2,3294,75,96445,29.2701062215478
0.2,3295,21,96466,29.26759708737864
0.2,3296,65,96531,29.278434940855323
0.2,3297,82,96613,29.294420861127957
0.2,3298,93,96706,29.31373143376781
0.2,3299,72,96778,29.326666666666668
0.2,3300,90,96868,29.34504695546804
0.2,3301,-14,96854,29.33192004845548
0.2,3302,50,96904,29.33817741447169
0.2,3303,17,96921,29.334443099273606
0.2,3304,-20,96901,29.319515885022692
0.2,3305,66,96967,29.330611010284333
0.2,3306,83,97050,29.346840036286665
0.2,3307,25,97075,29.34552599758162
0.2,3308,89,97164,29.363553943789665
0.2,3309,82,97246,29.379456193353473
0.2,3310,61,97307,29.389006342494714
0.2,3311,73,97380,29.402173913043477
0.2,3312,50,97430,29.408391186236038
0.2,3313,-40,97390,29.387447193723595
0.2,3314,60,97450,29.396681749622925
0.2,3315,36,97486,29.39867310012063
0.2,3316,89,97575,29.41664154356346
0.2,3317,50,97625,29.42284508740205
0.2,3318,32,97657,29.42362157276288
0.2,3319,28,97685,29.423192771084338
0.2,3320,82,97767,29.4390243902439
0.2,3321,35,97802,29.440698374473207
0.2,3322,-118,97684,29.396328618718027
0.2,3323,51,97735,29.40282791817088
0.2,3324,91,97826,29.421353383458648
0.2,3325,47,97873,29.426638604930847
0.2,3326,-52,97821,29.402164111812443
0.2,3327,33,97854,29.403245192307693
0.2,3328,87,97941,29.42054671072394
0.2,3329,56,97997,29.428528528528528
0.2,3330,-130,97867,29.38066646652657
0.2,3331,-159,97708,29.324129651860744
0.2,3332,89,97797,29.342034203420344
0.2,3333,94,97891,29.361427714457108
0.2,3334,94,97985,29.3808095952024
0.2,3335,-471,97514,29.230815347721823
0.2,3336,90,97604,29.249026071321545
0.2,3337,91,97695,29.26752546434991
0.2,3338,-70,97625,29.23779574722971
0.2,3339,67,97692,29.249101796407185
0.2,3340,3,97695,29.24124513618677
0.2,3341,-77,97618,29.20945541591861
0.2,3342,84,97702,29.225845049356867
0.2,3343,74,97776,29.239234449760765
0.2,3344,29,97805,29.239162929745888
0.2,3345,89,97894,29.257023311416617
0.2,3346,87,97981,29.27427547057066
0.2,3347,91,98072,29.292712066905615
0.2,3348,-42,98030,29.271424305762913
0.2,3349,-20,98010,29.256716417910447
0.2,3350,75,98085,29.270367054610563
0.2,3351,-37,98048,29.250596658711217
0.2,3352,63,98111,29.26066209364748
0.2,3353,44,98155,29.26505664877758
0.2,3354,23,98178,29.263189269746647
0.2,3355,-20,98158,29.248510131108464
0.2,3356,93,98251,29.267500744712542
0.2,3357,82,98333,29.283204288266827
0.2,3358,90,98423,29.30128014289967
0.2,3359,34,98457,29.302678571428572
0.2,3360,94,98551,29.321927997619756
0.2,3361,76,98627,29.335812016656753
0.2,3362,23,98650,29.33392804044008
0.2,3363,14,98664,29.32936979785969
0.2,3364,80,98744,29.3444279346211
0.2,3365,10,98754,29.338680926916222
0.2,3366,-23,98731,29.323136323136325
0.2,3367,83,98814,29.339073634204276
0.2,3368,52,98866,29.345799940635203
0.2,3369,-12,98854,29.33353115727003
0.2,3370,94,98948,29.352714328092553
0.2,3371,84,99032,29.368920521945434
0.2,3372,92,99124,29.387488882300623
0.2,3373,-54,99070,29.362774155305274
0.2,3374,75,99145,29.376296296296296
0.2,3375,92,99237,29.39484597156398
0.2,3376,33,99270,29.39591353272135
0.2,3377,81,99351,29.411190053285967
0.2,3378,65,99416,29.421722403077833
0.2,3379,85,99501,29.43816568047337
0.2,3380,25,99526,29.436853002070393
0.2,3381,83,99609,29.452690715552926
0.2,3382,4,99613,29.44516701152823
0.2,3383,59,99672,29.45390070921986
0.2,3384,-12,99660,29.44165435745938
0.2,3385,85,99745,29.458062610750147
0.2,3386,94,99839,29.477118393858873
0.2,3387,90,99929,29.494982290436838
0.2,3388,62,99991,29.50457362053703
0.2,3389,93,100084,29.52330383480826
0.2,3390,76,100160,29.537009731642584
0.2,3391,-55,100105,29.512087264150942
0.2,3392,94,100199,29.531093427645153
0.2,3393,60,100259,29.54007071302298
0.2,3394,-195,100064,29.473932253313695
0.2,3395,76,100140,29.487632508833922
0.2,3396,42,100182,29.49131586694142
0.2,3397,31,100213,29.491759858740437
0.2,3398,69,100282,29.503383348043542
0.2,3399,64,100346,29.513529411764704
0.2,3400,55,100401,29.521023228462216
0.2,3401,80,100481,29.53586125808348
0.2,3402,80,100561,29.550690567146635
0.2,3403,94,100655,29.569623971797885
0.2,3404,0,100655,29.56093979441997
0.2,3405,87,100742,29.577803875513798
0.2,3406,54,100796,29.584972116231288
0.2,3407,75,100871,29.598298122065728
0.2,3408,-16,100855,29.58492226459372
0.2,3409,71,100926,29.597067448680352
0.2,3410,-1,100925,29.588097332160658
0.2,3411,87,101012,29.604923798358733
0.2,3412,-36,100976,29.58570172868444
0.2,3413,82,101058,29.601054481546573
0.2,3414,34,101092,29.602342606149342
0.2,3415,16,101108,29.598360655737704
0.2,3416,84,101192,29.614281533508926
0.2,3417,-154,101038,29.56056173200702
0.2,3418,87,101125,29.5773618016964
0.2,3419,87,101212,29.594152046783627
0.2,3420,58,101270,29.602455422391113
0.2,3421,-110,101160,29.56165984804208
0.2,3422,-25,101135,29.545720128542214
0.2,3423,4,101139,29.538259345794394
0.2,3424,60,101199,29.547153284671534
0.2,3425,-50,101149,29.523934617629887
0.2,3426,8,101157,29.517653924715496
0.2,3427,-39,101118,29.497666277712952
0.2,3428,94,101212,29.516477107028287
0.2,3429,-17,101195,29.502915451895042
0.2,3430,39,101234,29.50568347420577
0.2,3431,81,101315,29.520687645687644
0.2,3432,90,101405,29.538304689775707
0.2,3433,89,101494,29.555620267909145
0.2,3434,55,101549,29.563027656477438
0.2,3435,77,101626,29.576833527357394
0.2,3436,-5,101621,29.56677334885074
0.2,3437,30,101651,29.56689936009308
0.2,3438,80,101731,29.581564408258213
0.2,3439,-16,101715,29.56831395348837
0.2,3440,88,101803,29.585294972391747
0.2,3441,87,101890,29.601975595583962
0.2,3442,86,101976,29.618356084809758
0.2,3443,94,102070,29.63704994192799
0.2,3444,-44,102026,29.61567489114659
0.2,3445,95,102121,29.63464886825305
0.2,3446,72,102193,29.646939367566
0.2,3447,44,102237,29.651102088167054
0.2,3448,17,102254,29.64743403885184
0.2,3449,18,102272,29.644057971014494
0.2,3450,-6,102266,29.63372935381049
0.2,3451,87,102353,29.65034762456547
0.2,3452,43,102396,29.654213727193746
0.2,3453,-88,102308,29.620150550086855
0.2,3454,-187,102121,29.557452966714905
0.2,3455,93,102214,29.575810185185187
0.2,3456,82,102296,29.590974833670813
0.2,3457,-21,102275,29.576344707923656
0.2,3458,23,102298,29.57444348077479
0.2,3459,-45,102253,29.552890173410404
0.2,3460,61,102314,29.5619763074256
0.2,3461,82,102396,29.577123050259964
0.2,3462,68,102464,29.588218307825585
0.2,3463,25,102489,29.58689376443418
0.2,3464,-18,102471,29.573160173160172
0.2,3465,43,102514,29.577034045008656
0.2,3466,8,102522,29.570810498990483
0.2,3467,72,102594,29.58304498269896
0.2,3468,30,102624,29.58316517728452
0.2,3469,77,102701,29.596829971181556
0.2,3470,75,102776,29.609910688562373
0.2,3471,64,102840,29.619815668202765
0.2,3472,67,102907,29.63057875035992
0.2,3473,68,102975,29.64162348877375
0.2,3474,-40,102935,29.62158273381295
0.2,3475,74,103009,29.6343498273878
0.2,3476,73,103082,29.6468219729652
0.2,3477,86,103168,29.663024726854513
0.2,3478,92,103260,29.680942799655075
0.2,3479,-107,103153,29.641666666666666
0.2,3480,-1,103152,29.63286411950589
0.2,3481,51,103203,29.63900057438254
0.2,3482,84,103287,29.65460809646856
0.2,3483,75,103362,29.667623421354765
0.2,3484,90,103452,29.68493543758967
0.2,3485,38,103490,29.687320711417097
0.2,3486,58,103548,29.695440206481216
0.2,3487,76,103624,29.708715596330276
0.2,3488,49,103673,29.714244769274863
0.2,3489,88,103761,29.730945558739254
0.2,3490,2,103763,29.723002005156115
0.2,3491,78,103841,29.736827033218784
0.2,3492,69,103910,29.748067563698825
0.2,3493,60,103970,29.756725815684028
0.2,3494,74,104044,29.769384835479258
0.2,3495,-20,104024,29.755148741418765
0.2,3496,86,104110,29.77123248498713
0.2,3497,11,104121,29.765866209262434
0.2,3498,59,104180,29.774221206058876
0.2,3499,-201,103979,29.708285714285715
0.2,3500,33,104012,29.709225935447016
0.2,3501,88,104100,29.72587093089663
0.2,3502,74,104174,29.738509848701113
0.2,3503,93,104267,29.75656392694064
0.2,3504,86,104353,29.772610556348074
0.2,3505,94,104447,29.790929834569308
0.2,3506,56,104503,29.798403193612774
0.2,3507,-25,104478,29.78278221208666
0.2,3508,93,104571,29.800797948133372
0.2,3509,51,104622,29.806837606837608
0.2,3510,52,104674,29.813158644260895
0.2,3511,-65,104609,29.78616173120729
0.2,3512,31,104640,29.786507258753204
0.2,3513,83,104723,29.801650540694364
0.2,3514,64,104787,29.811379800853484
0.2,3515,-2,104785,29.802332195676904
0.2,3516,85,104870,29.818026727324423
0.2,3517,-54,104816,29.794201250710632
0.2,3518,-22,104794,29.7794828076158
0.2,3519,-20,104774,29.76534090909091
0.2,3520,38,104812,29.767679636466912
0.2,3521,78,104890,29.78137421919364
0.2,3522,84,104974,29.796764121487367
0.2,3523,92,105066,29.814415437003404
0.2,3524,84,105150,29.829787234042552
0.2,3525,71,105221,29.841463414634145
0.2,3526,86,105307,29.857385880351572
0.2,3527,92,105399,29.875
0.2,3528,-31,105368,29.857750070841597
0.2,3529,73,105441,29.8699716713881
0.2,3530,14,105455,29.8654772019258
0.2,3531,-15,105440,29.85277463193658
0.2,3532,8,105448,29.84658930087744
0.2,3533,28,105476,29.84606677985286
0.2,3534,69,105545,29.857142857142858
0.2,3535,27,105572,29.85633484162896
0.2,3536,-139,105433,29.808594854396382
0.2,3537,87,105520,29.824759751271905
0.2,3538,-71,105449,29.796270132805876
0.2,3539,92,105541,29.813841807909604
0.2,3540,52,105593,29.82010731431799
0.2,3541,93,105686,29.83794466403162
0.2,3542,57,105743,29.845611064069995
0.2,3543,-18,105725,29.832110609480814
0.2,3544,63,105788,29.841466854724963
0.2,3545,-65,105723,29.814720812182742
0.2,3546,61,105784,29.823512827741755
0.2,3547,-7,105777,29.813134160090193
0.2,3548,93,105870,29.830938292476755
0.2,3549,54,105924,29.83774647887324
0.2,3550,77,106001,29.85102787947057
0.2,3551,-1,106000,29.84234234234234
0.2,3552,39,106039,29.844919786096256
0.2,3553,25,106064,29.843556555993246
0.2,3554,-53,106011,29.820253164556963
0.2,3555,-72,105939,29.79161979752531
0.2,3556,75,106014,29.804329491144223
0.2,3557,63,106077,29.813659359190556
0.2,3558,-136,105941,29.76706940151728
0.2,3559,91,106032,29.78426966292135
0.2,3560,83,106115,29.799213704015727
0.2,3561,84,106199,29.814430095451993
0.2,3562,-17,106182,29.801291046870613
0.2,3563,94,106276,29.819304152637486
0.2,3564,-2,106274,29.81037868162693
0.2,3565,43,106317,29.814077397644418
0.2,3566,37,106354,29.816091954022987
0.2,3567,59,106413,29.82427130044843
0.2,3568,-199,106214,29.760156906696555
0.2,3569,-41,106173,29.74033613445378
0.2,3570,-91,106082,29.706524782973958
0.2,3571,90,106172,29.72340425531915
0.2,3572,88,106260,29.739714525608733
0.2,3573,60,106320,29.74818130945719
0.2,3574,67,106387,29.7586013986014
0.2,3575,82,106469,29.77321029082774
0.2,3576,45,106514,29.77746715124406
0.2,3577,67,106581,29.787870318613752
0.2,3578,82,106663,29.802458787370774
0.2,3579,35,106698,29.80391061452514
0.2,3580,64,106762,29.813459927394582
0.2,3581,-59,106703,29.788665549972084
0.2,3582,-196,106507,29.72564889757187
0.2,3583,93,106600,29.743303571428573
0.2,3584,-22,106578,29.72887029288703
0.2,3585,94,106672,29.746793084216396
0.2,3586,59,106731,29.754948424867578
0.2,3587,31,106762,29.755295429208473
0.2,3588,78,106840,29.768737809974922
0.2,3589,88,106928,29.784958217270194
0.2,3590,-53,106875,29.761904761904763
0.2,3591,91,106966,29.778953229398663
0.2,3592,84,107050,29.794043974394658
0.2,3593,17,107067,29.790484140233723
0.2,3594,91,107158,29.80751043115438
0.2,3595,86,107244,29.82313681868743
0.2,3596,-20,107224,29.809285515707533
0.2,3597,81,107305,29.823513062812673
0.2,3598,84,107389,29.83856626840789
0.2,3599,84,107473,29.85361111111111
0.2,3600,-4,107469,29.844209941682866
0.2,3601,-80,107389,29.813714602998335
0.2,3602,-247,107142,29.736885928393004
0.2,3603,2,107144,29.729189789123197
0.2,3604,5,107149,29.72233009708738
0.2,3605,79,107228,29.735995562950638
0.2,3606,62,107290,29.744940393678956
0.2,3607,-24,107266,29.730044345898005
0.2,3608,68,107334,29.74064837905237
0.2,3609,84,107418,29.755678670360112
0.2,3610,94,107512,29.77346995292163
0.2,3611,77,107589,29.786544850498338
0.2,3612,-7,107582,29.776363133130364
0.2,3613,64,107646,29.78583287216381
0.2,3614,-65,107581,29.759612724757954
0.2,3615,75,107656,29.77212389380531
0.2,3616,85,107741,29.787392867016866
0.2,3617,-5,107736,29.77777777777778
0.2,3618,81,107817,29.791931472782537
0.2,3619,18,107835,29.78867403314917
0.2,3620,80,107915,29.8025407346037
0.2,3621,-12,107903,29.790999447818884
0.2,3622,4,107907,29.783880761799615
0.2,3623,82,107989,29.79828918322296
0.2,3624,-3,107986,29.789241379310344
0.2,3625,68,108054,29.799779371207944
0.2,3626,94,108148,29.817480011028398
0.2,3627,1,108149,29.809536934950387
0.2,3628,21,108170,29.80710939652797
0.2,3629,-18,108152,29.793939393939393
0.2,3630,51,108203,29.799779675020655
0.2,3631,-195,108008,29.737885462555067
0.2,3632,52,108060,29.744013212221304
0.2,3633,-22,108038,29.729774353329663
0.2,3634,58,108096,29.737551581843192
0.2,3635,71,108167,29.748899889988998
0.2,3636,94,108261,29.76656585097608
0.2,3637,-37,108224,29.748213304013195
0.2,3638,74,108298,29.760373729046442
0.2,3639,-46,108252,29.73956043956044
0.2,3640,-49,108203,29.717934633342487
0.2,3641,-15,108188,29.7056562328391
0.2,3642,-22,108166,29.69146307987922
0.2,3643,-85,108081,29.65998902305159
0.2,3644,25,108106,29.658710562414267
0.2,3645,91,108197,29.675534832693362
0.2,3646,6,108203,29.669043049081438
0.2,3647,94,108297,29.68667763157895
0.2,3648,-53,108244,29.664017539051795
0.2,3649,67,108311,29.674246575342465
0.2,3650,92,108403,29.69131744727472
0.2,3651,87,108490,29.707009857612267
0.2,3652,-112,108378,29.668217903093346
0.2,3653,61,108439,29.6767925561029
0.2,3654,80,108519,29.690560875512997
0.2,3655,-88,108431,29.658369803063458
0.2,3656,45,108476,29.662564943943124
0.2,3657,67,108543,29.67277200656096
0.2,3658,-14,108529,29.66083629406942
0.2,3659,66,108595,29.670765027322403
0.2,3660,22,108617,29.66866976236001
0.2,3661,24,108641,29.667121791370835
0.2,3662,73,108714,29.67895167895168
0.2,3663,86,108800,29.694323144104803
0.2,3664,88,108888,29.710231923601636
0.2,3665,-42,108846,29.690671031096564
0.2,3666,-12,108834,29.679301881647124
0.2,3667,-26,108808,29.66412213740458
0.2,3668,-62,108746,29.639138729899155
0.2,3669,67,108813,29.64931880108992
0.2,3670,90,108903,29.665758648869517
0.2,3671,-24,108879,29.651143790849673
0.2,3672,90,108969,29.667574190035392
0.2,3673,94,109063,29.685084376701145
0.2,3674,32,109095,29.685714285714287
0.2,3675,70,109165,29.696681175190424
0.2,3676,20,109185,29.6940440576557
0.2,3677,-71,109114,29.666666666666668
0.2,3678,56,109170,29.67382440880674
0.2,3679,92,109262,29.690760869565217
0.2,3680,93,109355,29.707959793534364
0.2,3681,11,109366,29.70287887017925
0.2,3682,20,109386,29.700244366005972
0.2,3683,77,109463,29.713083604777417
0.2,3684,18,109481,29.70990502035278
0.2,3685,90,109571,29.726261530113945
0.2,3686,-19,109552,29.713045836723623
0.2,3687,53,109605,29.719360086767896
0.2,3688,49,109654,29.724586608837082
0.2,3689,-25,109629,29.709756097560977
0.2,3690,83,109712,29.72419398536982
0.2,3691,88,109800,29.739978331527627
0.2,3692,93,109893,29.75710804224208
0.2,3693,35,109928,29.758527341635084
0.2,3694,88,110016,29.774289580514207
0.2,3695,43,110059,29.777867965367964
0.2,3696,92,110151,29.794698404111443
0.2,3697,70,110221,29.805570578691185
0.2,3698,11,110232,29.800486618004864
0.2,3699,56,110288,29.807567567567567
0.2,3700,58,110346,29.81518508511213
0.2,3701,90,110436,29.831442463533225
0.2,3702,-12,110424,29.820145827707265
0.2,3703,84,110508,29.834773218142548
0.2,3704,90,110598,29.85101214574899
0.2,3705,80,110678,29.86454398273071
0.2,3706,23,110701,29.862692203938494
0.2,3707,-65,110636,29.837108953613807
0.2,3708,92,110728,29.853868967376652
0.2,3709,24,110752,29.852291105121292
0.2,3710,64,110816,29.86149285906764
0.2,3711,50,110866,29.866918103448278
0.2,3712,-14,110852,29.855103689738755
0.2,3713,30,110882,29.85514270328487
0.2,3714,-105,110777,29.818842530282637
0.2,3715,31,110808,29.819160387513456
0.2,3716,50,110858,29.824589722894807
0.2,3717,86,110944,29.839698762775686
0.2,3718,44,110988,29.843506318902932
0.2,3719,86,111074,29.858602150537635
0.2,3720,51,111125,29.86428379467885
0.2,3721,71,111196,29.875335840945727
0.2,3722,90,111286,29.891485361267794
0.2,3723,-141,111145,29.845596133190117
0.2,3724,16,111161,29.841879194630874
0.2,3725,61,111222,29.85024154589372
0.2,3726,23,111245,29.848403541722565
0.2,3727,58,111303,29.855954935622318
0.2,3728,82,111385,29.869938321265757
0.2,3729,63,111448,29.87882037533512
0.2,3730,-3,111445,29.870008040739748
0.2,3731,89,111534,29.885852090032156
0.2,3732,93,111627,29.902759174926334
0.2,3733,33,111660,29.90358864488484
0.2,3734,40,111700,29.906291834002676
0.2,3735,-181,111519,29.849839400428266
0.2,3736,-35,111484,29.832485951297834
0.2,3737,55,111539,29.839218833600857
0.2,3738,-7,111532,29.829366140679326
0.2,3739,85,111617,29.844117647058823
0.2,3740,-260,111357,29.76663993584603
0.2,3741,85,111442,29.781400320684128
0.2,3742,15,111457,29.777451242318996
0.2,3743,53,111510,29.783653846153847
0.2,3744,57,111567,29.790921228304406
0.2,3745,-69,111498,29.764548852108916
0.2,3746,67,111565,29.774486255671203
0.2,3747,-64,111501,29.749466382070437
0.2,3748,71,111572,29.760469458522273
0.2,3749,59,111631,29.768266666666666
0.2,3750,-9,111622,29.757931218341774
0.2,3751,-102,111520,29.722814498933904
0.2,3752,58,111578,29.730349054090063
0.2,3753,33,111611,29.731220031965904
0.2,3754,58,111669,29.738748335552597
0.2,3755,-11,111658,29.72790202342918
0.2,3756,75,111733,29.739952089433057
0.2,3757,93,111826,29.756785524215008
0.2,3758,79,111905,29.769885607874436
0.2,3759,-252,111653,29.69494680851064
0.2,3760,35,111688,29.696357351768146
0.2,3761,90,111778,29.7123870281765
0.2,3762,-89,111689,29.680839755514217
0.2,3763,41,111730,29.68384697130712
0.2,3764,20,111750,29.681274900398407
0.2,3765,83,111833,29.695432819968136
0.2,3766,78,111911,29.708255906556943
0.2,3767,3,111914,29.70116772823779
0.2,3768,81,111995,29.714778455823826
0.2,3769,82,112077,29.72864721485411
0.2,3770,-9,112068,29.718377088305488
0.2,3771,61,112129,29.726670201484623
0.2,3772,91,112220,29.742910151073417
0.2,3773,-10,112210,29.73237943826179
0.2,3774,94,112304,29.749403973509935
0.2,3775,88,112392,29.764830508474578
0.2,3776,34,112426,29.765951813608684
0.2,3777,-207,112219,29.70328215987295
0.2,3778,85,112304,29.71791479227309
0.2,3779,75,112379,29.72989417989418
0.2,3780,-75,112304,29.70219518645861
0.2,3781,53,112357,29.70835536753041
0.2,3782,78,112435,29.72112080359503
0.2,3783,75,112510,29.7330866807611
0.2,3784,44,112554,29.736856010568033
0.2,3785,1,112555,29.729265715795034
0.2,3786,60,112615,29.73725904409823
0.2,3787,85,112700,29.751847940865893
0.2,3788,-65,112635,29.72684085510689
0.2,3789,88,112723,29.742216358839052
0.2,3790,67,112790,29.752044315484042
0.2,3791,17,112807,29.748681434599156
0.2,3792,80,112887,29.761929870814658
0.2,3793,-61,112826,29.7380073800738
0.2,3794,86,112912,29.752832674571806
0.2,3795,39,112951,29.755268703898842
0.2,3796,91,113042,29.77139847247827
0.2,3797,92,113134,29.787783043707215
0.2,3798,58,113192,29.79520926559621
0.2,3799,85,113277,29.809736842105263
0.2,3800,89,113366,29.82530912917653
0.2,3801,62,113428,29.833771699105736
0.2,3802,19,113447,29.830922955561398
0.2,3803,91,113538,29.847003154574132
0.2,3804,94,113632,29.863863337713536
0.2,3805,23,113655,29.862059905412508
0.2,3806,68,113723,29.872077751510375
0.2,3807,7,113730,29.866071428571427
0.2,3808,86,113816,29.880808611184037
0.2,3809,61,113877,29.888976377952755
0.2,3810,-99,113778,29.855156127000786
0.2,3811,92,113870,29.871458551941238
0.2,3812,64,113934,29.88040912667191
0.2,3813,16,113950,29.8767697954903
0.2,3814,93,114043,29.893315858453473
0.2,3815,84,114127,29.907494758909852
0.2,3816,84,114211,29.92166623002358
0.2,3817,90,114301,29.93740178103719
0.2,3818,80,114381,29.950510604870384
0.2,3819,-8,114373,29.940575916230365
0.2,3820,-15,114358,29.92881444647998
0.2,3821,64,114422,29.937728937728938
0.2,3822,-39,114383,29.9196965733717
0.2,3823,6,114389,29.913441422594143
0.2,3824,88,114477,29.928627450980393
0.2,3825,-2,114475,29.920282279142707
0.2,3826,65,114540,29.929448654298405
0.2,3827,56,114596,29.936259143155695
0.2,3828,48,114644,29.940976756333246
0.2,3829,35,114679,29.94229765013055
0.2,3830,-205,114474,29.880971025841816
0.2,3831,87,114561,29.89587682672234
0.2,3832,92,114653,29.912079311244455
0.2,3833,68,114721,29.922013562858634
0.2,3834,94,114815,29.938722294654497
0.2,3835,-35,114780,29.92179353493222
0.2,3836,-48,114732,29.90148553557467
0.2,3837,94,114826,29.918186555497655
0.2,3838,-131,114695,29.876269861943214
0.2,3839,40,114735,29.87890625
0.2,3840,-20,114715,29.86592033324655
0.2,3841,94,114809,29.882613222280064
0.2,3842,66,114875,29.892011449388498
0.2,3843,51,114926,29.897502601456814
0.2,3844,54,114980,29.9037711313394
0.2,3845,86,115066,29.91835673426937
0.2,3846,67,115133,29.927995840915
0.2,3847,65,115198,29.937110187110186
0.2,3848,22,115220,29.93504806443232
0.2,3849,45,115265,29.93896103896104
0.2,3850,-106,115159,29.903661386652818
0.2,3851,91,115250,29.91952232606438
0.2,3852,-29,115221,29.90423046976382
0.2,3853,48,115269,29.908925791385574
0.2,3854,42,115311,29.91206225680934
0.2,3855,-139,115172,29.86825726141079
0.2,3856,88,115260,29.883329012185637
0.2,3857,-42,115218,29.8646967340591
0.2,3858,22,115240,29.862658719875615
0.2,3859,22,115262,29.86062176165803
0.2,3860,65,115327,29.86972286972287
0.2,3861,18,115345,29.86664940445365
0.2,3862,90,115435,29.882215894382604
0.2,3863,42,115477,29.885351966873706
0.2,3864,49,115526,29.890297542043985
0.2,3865,-172,115354,29.83807553026384
0.2,3866,49,115403,29.843030773209207
0.2,3867,63,115466,29.851602895553256
0.2,3868,63,115529,29.860170586714915
0.2,3869,85,115614,29.87441860465116
0.2,3870,14,115628,29.870317747352104
0.2,3871,86,115714,29.884814049586776
0.2,3872,48,115762,29.889491350374385
0.2,3873,93,115855,29.90578213732576
0.2,3874,22,115877,29.903741935483872
0.2,3875,58,115935,29.9109907120743
0.2,3876,94,116029,29.927521279339697
0.2,3877,88,116117,29.942496132026818
0.2,3878,-22,116095,29.929105439546277
0.2,3879,-42,116053,29.91056701030928
0.2,3880,94,116147,29.927080649317187
0.2,3881,84,116231,29.941009788768675
0.2,3882,92,116323,29.9569920164821
0.2,3883,90,116413,29.972451081359424
0.2,3884,-31,116382,29.956756756756757
0.2,3885,89,116471,29.971950591868247
0.2,3886,12,116483,29.96732698739388
0.2,3887,-70,116413,29.941615226337447
0.2,3888,95,116508,29.958344047312934
0.2,3889,56,116564,29.965038560411312
0.2,3890,-36,116528,29.948085325109226
0.2,3891,8,116536,29.942446043165468
0.2,3892,67,116603,29.951965065502183
0.2,3893,78,116681,29.964304057524398
0.2,3894,-79,116602,29.93632862644416
0.2,3895,63,116665,29.944815195071868
0.2,3896,66,116731,29.95406723120349
0.2,3897,73,116804,29.965110312981015
0.2,3898,73,116877,29.97614773018723
0.2,3899,94,116971,29.992564102564103
0.2,3900,46,117017,29.996667521148424
0.2,3901,-16,117001,29.984879548949255
0.2,3902,67,117068,29.99436331027415
0.2,3903,-154,116914,29.947233606557376
0.2,3904,-66,116848,29.922663252240717
0.2,3905,58,116906,29.929851510496672
0.2,3906,45,116951,29.933708727924238
0.2,3907,-116,116835,29.896366427840327
0.2,3908,-94,116741,29.864671271424918
0.2,3909,76,116817,29.876470588235293
0.2,3910,85,116902,29.89056507287139
0.2,3911,45,116947,29.894427402862984
0.2,3912,10,116957,29.88934321492461
0.2,3913,45,117002,29.893203883495147
0.2,3914,16,117018,29.889655172413793
0.2,3915,87,117105,29.90423901940756
0.2,3916,55,117160,29.910645902476386
0.2,3917,93,117253,29.9267483409903
0.2,3918,93,117346,29.94284256187803
0.2,3919,-37,117309,29.92576530612245
0.2,3920,94,117403,29.94210660545779
0.2,3921,70,117473,29.952320244773073
0.2,3922,94,117567,29.968646444047923
0.2,3923,53,117620,29.974515800203875
0.2,3924,86,117706,29.988789808917197
0.2,3925,-3,117703,29.980387162506368
0.2,3926,91,117794,29.995925642984467
0.2,3927,-179,117615,29.942718940936864
0.2,3928,91,117706,29.958259099007382
0.2,3929,53,117759,29.96412213740458
0.2,3930,92,117851,29.97990333248537
0.2,3931,-78,117773,29.952441505595118
0.2,3932,-36,117737,29.935672514619885
0.2,3933,69,117806,29.945602440264363
0.2,3934,93,117899,29.961626429479033
0.2,3935,23,117922,29.959857723577237
0.2,3936,48,117970,29.96443992887986
0.2,3937,20,117990,29.96190959878111
0.2,3938,30,118020,29.96191926884996
0.2,3939,37,118057,29.963705583756344
0.2,3940,-42,118015,29.945445318447096
0.2,3941,6,118021,29.939370877727043
0.2,3942,-198,117823,29.881562262236876
0.2,3943,90,117913,29.89680527383367
0.2,3944,-52,117861,29.876045627376424
0.2,3945,35,117896,29.877344145970604
0.2,3946,-53,117843,29.85634659234862
0.2,3947,39,117882,29.858662613981764
0.2,3948,-33,117849,29.842744998733856
0.2,3949,-39,117810,29.825316455696203
0.2,3950,26,117836,29.824348266261705
0.2,3951,-107,117729,29.789726720647774
0.2,3952,22,117751,29.78775613458133
0.2,3953,53,117804,29.793626707132017
0.2,3954,91,117895,29.809102402022756
0.2,3955,-123,117772,29.770475227502526
0.2,3956,40,117812,29.773060399292394
0.2,3957,-33,117779,29.75720060636685
0.2,3958,93,117872,29.773175044203082
0.2,3959,24,117896,29.77171717171717
0.2,3960,90,117986,29.786922494319615
0.2,3961,92,118078,29.802624936900557
0.2,3962,90,118168,29.817814786777692
0.2,3963,53,118221,29.823662966700304
0.2,3964,75,118296,29.835056746532157
0.2,3965,40,118336,29.83761976802824
0.2,3966,-38,118298,29.820519284093773
0.2,3967,91,118389,29.8359375
0.2,3968,73,118462,29.846812799193753
0.2,3969,-56,118406,29.825188916876574
0.2,3970,-157,118249,29.778141526063965
0.2,3971,84,118333,29.791792547834845
0.2,3972,64,118397,29.800402718348856
0.2,3973,-217,118180,29.738298943130346
0.2,3974,17,118197,29.73509433962264
0.2,3975,36,118233,29.736670020120723
0.2,3976,44,118277,29.740256474729694
0.2,3977,75,118352,29.751633986928105
0.2,3978,84,118436,29.765267655189746
0.2,3979,90,118526,29.780402010050253
0.2,3980,68,118594,29.790002511931675
0.2,3981,72,118666,29.80060271220492
0.2,3982,-64,118602,29.777052473010293
0.2,3983,26,118628,29.776104417670684
0.2,3984,75,118703,29.78745294855709
0.2,3985,93,118796,29.803311590566985
0.2,3986,-7,118789,29.794080762478053
0.2,3987,85,118874,29.80792377131394
0.2,3988,83,118957,29.82125846076711
0.2,3989,30,118987,29.821303258145363
0.2,3990,29,119016,29.82109746930594
0.2,3991,23,119039,29.819388777555112
0.2,3992,80,119119,29.831955922865014
0.2,3993,85,119204,29.84576865297947
0.2,3994,-83,119121,29.817521902377973
0.2,3995,-98,119023,29.785535535535537
0.2,3996,65,119088,29.79434575931949
0.2,3997,-6,119082,29.785392696348175
0.2,3998,89,119171,29.800200050012503
0.2,3999,15,119186,29.7965
0.2,4000,63,119249,29.804798800299924
0.2,4001,1,119250,29.7976011994003
0.2,4002,-26,119224,29.783662253310016
0.2,4003,86,119310,29.797702297702298
0.2,4004,80,119390,29.81023720349563
0.2,4005,8,119398,29.804792810783823
0.2,4006,82,119480,29.817818817070126
0.2,4007,93,119573,29.833582834331338
0.2,4008,45,119618,29.837365926665004
0.2,4009,42,119660,29.840399002493765
0.2,4010,35,119695,29.841685365245574
0.2,4011,-65,119630,29.818045862412763
0.2,4012,81,119711,29.830799900323946
0.2,4013,92,119803,29.846287992027904
0.2,4014,71,119874,29.85653798256538
0.2,4015,-43,119831,29.83839641434263
0.2,4016,-30,119801,29.823500124471
0.2,4017,81,119882,29.83623693379791
0.2,4018,40,119922,29.838765862154766
0.2,4019,-4,119918,29.83034825870647
0.2,4020,-69,119849,29.805769709027604
0.2,4021,83,119932,29.81899552461462
0.2,4022,41,119973,29.82177479492916
0.2,4023,81,120054,29.834493041749504
0.2,4024,89,120143,29.84919254658385
0.2,4025,-117,120026,29.8127173373075
0.2,4026,-181,119845,29.760367519245097
0.2,4027,86,119931,29.774329692154915
0.2,4028,38,119969,29.776371308016877
0.2,4029,78,120047,29.78833746898263
0.2,4030,91,120138,29.803522699082112
0.2,4031,11,120149,29.798859126984127
0.2,4032,73,120222,29.809571038928837
0.2,4033,-13,120209,29.798958849776895
0.2,4034,-66,120143,29.77521685254027
0.2,4035,54,120197,29.78121902874133
0.2,4036,87,120284,29.7953926182809
0.2,4037,-7,120277,29.786280336800395
0.2,4038,62,120339,29.794256003961376
0.2,4039,65,120404,29.802970297029702
0.2,4040,26,120430,29.802029200692896
0.2,4041,40,120470,29.804552201880256
0.2,4042,-123,120347,29.76675735839723
0.2,4043,86,120433,29.780662710187933
0.2,4044,83,120516,29.793819530284303
0.2,4045,47,120563,29.798072170044488
0.2,4046,63,120626,29.80627625401532
0.2,4047,93,120719,29.821887351778656
0.2,4048,38,120757,29.82390713756483
0.2,4049,-29,120728,29.80938271604938
0.2,4050,-14,120714,29.798568254751913
0.2,4051,-67,120647,29.774679170779862
0.2,4052,10,120657,29.76980014803849
0.2,4053,2,120659,29.76295017266897
0.2,4054,55,120714,29.769173859432797
0.2,4055,26,120740,29.768244575936883
0.2,4056,64,120804,29.776682277544985
0.2,4057,89,120893,29.791276490882208
0.2,4058,94,120987,29.80709534368071
0.2,4059,71,121058,29.817241379310346
0.2,4060,62,121120,29.825166215217926
0.2,4061,13,121133,29.821024126046282
0.2,4062,-178,120955,29.769874476987447
0.2,4063,25,120980,29.768700787401574
0.2,4064,79,121059,29.78081180811808
0.2,4065,22,121081,29.778898180029515
0.2,4066,76,121157,29.790263093189083
0.2,4067,-117,121040,29.754178957718782
0.2,4068,-37,121003,29.737773408699926
0.2,4069,-1,121002,29.730221130221132
0.2,4070,91,121093,29.74527143208057
0.2,4071,-40,121053,29.728143418467585
0.2,4072,92,121145,29.743432359440217
0.2,4073,84,121229,29.756750122729503
0.2,4074,94,121323,29.772515337423314
0.2,4075,56,121379,29.778949950932287
0.2,4076,71,121450,29.78906058376257
0.2,4077,93,121543,29.804561059342817
0.2,4078,85,121628,29.818092669772003
0.2,4079,-96,121532,29.787254901960786
0.2,4080,73,121605,29.797843665768195
0.2,4081,-67,121538,29.774130328270456
0.2,4082,86,121624,29.787901053147195
0.2,4083,18,121642,29.785014691478942
0.2,4084,94,121736,29.80073439412485
0.2,4085,-5,121731,29.792217327459618
0.2,4086,79,121810,29.804257401517006
0.2,4087,46,121856,29.80821917808219
0.2,4088,-4,121852,29.799951088285646
0.2,4089,56,121908,29.80635696821516
0.2,4090,84,121992,29.819604008799804
0.2,4091,66,122058,29.828445747800586
0.2,4092,58,122116,29.835328609821648
0.2,4093,92,122208,29.850512945774305
0.2,4094,-255,121953,29.78095238095238
0.2,4095,71,122024,29.791015625
0.2,4096,-62,121962,29.7686111789114
0.2,4097,47,122009,29.772816007808686
0.2,4098,90,122099,29.787509148572823
0.2,4099,70,122169,29.79731707317073
0.2,4100,87,122256,29.811265544989027
0.2,4101,-10,122246,29.8015602145295
0.2,4102,12,122258,29.79722154521082
0.2,4103,-166,122092,29.749512670565302
0.2,4104,67,122159,29.758587088915956
0.2,4105,62,122221,29.76643935703848
0.2,4106,87,122308,29.780374969564157
0.2,4107,74,122382,29.79113924050633
0.2,4108,-99,122283,29.75979557069847
0.2,4109,31,122314,29.760097323600974
0.2,4110,15,122329,29.7565069326198
0.2,4111,86,122415,29.770184824902724
0.2,4112,-68,122347,29.74641380987114
0.2,4113,32,122379,29.746961594555177
0.2,4114,-253,122126,29.678250303766706
0.2,4115,-87,122039,29.649902818270164
0.2,4116,85,122124,29.66334709740102
0.2,4117,94,122218,29.678970373967946
0.2,4118,-50,122168,29.65962612284535
0.2,4119,44,122212,29.663106796116505
0.2,4120,91,122303,29.67799077893715
0.2,4121,-7,122296,29.669092673459485
0.2,4122,65,122361,29.677661896677176
0.2,4123,87,122448,29.69156159068865
0.2,4124,-107,122341,29.658424242424243
0.2,4125,-16,122325,29.647358216190014
0.2,4126,-48,122277,29.628543736370244
0.2,4127,-87,122190,29.600290697674417
0.2,4128,-186,122004,29.548074594332768
0.2,4129,55,122059,29.554237288135592
0.2,4130,82,122141,29.566932946017914
0.2,4131,91,122232,29.581800580832528
0.2,4132,75,122307,29.592789741108152
0.2,4133,23,122330,29.59119496855346
0.2,4134,33,122363,29.592019347037485
0.2,4135,42,122405,29.59501934235977
0.2,4136,94,122499,29.610587382160986
0.2,4137,-36,122463,29.594731754470757
0.2,4138,91,122554,29.6095675283885
0.2,4139,93,122647,29.62487922705314
0.2,4140,-109,122538,29.5914030427433
0.2,4141,-200,122338,29.53597295992274
0.2,4142,-5,122333,29.52763697803524
0.2,4143,93,122426,29.542953667953668
0.2,4144,92,122518,29.558021712907117
0.2,4145,-144,122374,29.516160154365654
0.2,4146,79,122453,29.528092597058116
0.2,4147,89,122542,29.542430086788816
0.2,4148,-46,122496,29.524222704266087
0.2,4149,-55,122441,29.503855421686747
0.2,4150,87,122528,29.5177065767285
0.2,4151,90,122618,29.532273603082853
0.2,4152,74,122692,29.54298097760655
0.2,4153,8,122700,29.537794896485316
0.2,4154,-137,122563,29.497713598074608
0.2,4155,84,122647,29.510827718960538
0.2,4156,2,122649,29.504209766658647
0.2,4157,89,122738,29.51851851851852
0.2,4158,-200,122538,29.46333253185862
0.2,4159,39,122577,29.465625
0.2,4160,92,122669,29.480653689017064
0.2,4161,88,122757,29.49471407976934
0.2,4162,53,122810,29.50036031707903
0.2,4163,-2,122808,29.492795389048993
0.2,4164,5,122813,29.486914765906363
0.2,4165,-56,122757,29.466394623139703
0.2,4166,48,122805,29.47084233261339
0.2,4167,45,122850,29.474568138195778
0.2,4168,-245,122605,29.408731110578078
0.2,4169,37,122642,29.410551558753
0.2,4170,7,122649,29.40517861424119
0.2,4171,-171,122478,29.357142857142858
0.2,4172,69,122547,29.3666427030913
0.2,4173,63,122610,29.374700527072353
0.2,4174,52,122662,29.38011976047904
0.2,4175,-16,122646,29.36925287356322
0.2,4176,35,122681,29.370600909743835
0.2,4177,90,122771,29.385112494016276
0.2,4178,91,122862,29.399856424982055
0.2,4179,-73,122789,29.37535885167464
0.2,4180,10,122799,29.37072470700789
0.2,4181,51,122850,29.37589670014347
0.2,4182,-38,122812,29.35978962467129
0.2,4183,93,122905,29.375
0.2,4184,89,122994,29.38924731182796
0.2,4185,95,123089,29.404921165790732
0.2,4186,38,123127,29.40697396704084
0.2,4187,-50,123077,29.388013371537728
0.2,4188,34,123111,29.389114347099547
0.2,4189,90,123201,29.403579952267304
0.2,4190,24,123225,29.402290622763065
0.2,4191,81,123306,29.414599236641223
0.2,4192,75,123381,29.425471023133795
0.2,4193,90,123471,29.43991416309013
0.2,4194,-25,123446,29.426936829558997
0.2,4195,75,123521,29.437797902764537
0.2,4196,27,123548,29.437217059804624
0.2,4197,-25,123523,29.424249642686995
0.2,4198,-43,123480,29.407001667063586
0.2,4199,-9,123471,29.39785714285714
0.2,4200,68,123539,29.407045941442515
0.2,4201,-11,123528,29.397429795335555
0.2,4202,88,123616,29.411372828931714
0.2,4203,-547,123069,29.274262607040914
0.2,4204,88,123157,29.288228299643283
0.2,4205,91,123248,29.30290061816453
0.2,4206,87,123335,29.316615165200854
0.2,4207,30,123365,29.316777566539923
0.2,4208,86,123451,29.33024471370872
0.2,4209,77,123528,29.341567695961995
0.2,4210,75,123603,29.352410353835193
0.2,4211,50,123653,29.357312440645774
0.2,4212,34,123687,29.35841443152148
0.2,4213,82,123769,29.37090650213574
0.2,4214,-164,123605,29.32502965599051
0.2,4215,-74,123531,29.30052182163188
0.2,4216,85,123616,29.31373013990989
0.2,4217,4,123620,29.30772878141299
0.2,4218,80,123700,29.319744015169473
0.2,4219,93,123793,29.33483412322275
0.2,4220,1,123794,29.328121298270553
0.2,4221,68,123862,29.337280909521553
0.2,4222,35,123897,29.33862183282027
0.2,4223,7,123904,29.333333333333332
0.2,4224,4,123908,29.32733727810651
0.2,4225,-103,123805,29.29602460955987
0.2,4226,-2,123803,29.28862077123255
0.2,4227,83,123886,29.301324503311257
0.2,4228,71,123957,29.31118467722866
0.2,4229,72,124029,29.32127659574468
0.2,4230,88,124117,29.33514535570787
0.2,4231,78,124195,29.34664461247637
0.2,4232,62,124257,29.354358610914247
0.2,4233,73,124330,29.364666981577706
0.2,4234,33,124363,29.3655253837072
0.2,4235,74,124437,29.376062322946176
0.2,4236,82,124519,29.388482416804344
0.2,4237,92,124611,29.403256252949504
0.2,4238,31,124642,29.403632932295352
0.2,4239,66,124708,29.412264150943397
0.2,4240,88,124796,29.42607875501061
0.2,4241,79,124875,29.43776520509194
0.2,4242,93,124968,29.45274569879802
0.2,4243,43,125011,29.455937794533458
0.2,4244,47,125058,29.46007067137809
0.2,4245,90,125148,29.474328780028262
0.2,4246,-81,125067,29.448316458676715
0.2,4247,94,125161,29.463512241054612
0.2,4248,87,125248,29.47705342433514
0.2,4249,72,125320,29.487058823529413
0.2,4250,-135,125185,29.448365090566927
0.2,4251,-20,125165,29.436735653809972
0.2,4252,74,125239,29.447213731483657
0.2,4253,88,125327,29.460977903149978
0.2,4254,89,125416,29.47497062279671
0.2,4255,24,125440,29.473684210526315
0.2,4256,85,125525,29.486727742541696
0.2,4257,93,125618,29.501643964302488
0.2,4258,87,125705,29.51514440009392
0.2,4259,93,125798,29.53004694835681
0.2,4260,90,125888,29.544238441680356
0.2,4261,56,125944,29.550445800093854
0.2,4262,24,125968,29.549143795449215
0.2,4263,94,126062,29.564258911819888
0.2,4264,80,126142,29.576084407971862
0.2,4265,85,126227,29.58907641819034
0.2,4266,77,126304,29.600187485352706
0.2,4267,64,126368,29.608247422680414
0.2,4268,77,126445,29.619348793628486
0.2,4269,46,126491,29.6231850117096
0.2,4270,49,126540,29.627721845001172
0.2,4271,86,126626,29.640917602996254
0.2,4272,90,126716,29.655043295108822
0.2,4273,64,126780,29.663079082826393
0.2,4274,82,126862,29.6753216374269
0.2,4275,86,126948,29.688493919550982
0.2,4276,63,127011,29.69628244096329
0.2,4277,20,127031,29.694015895278167
0.2,4278,61,127092,29.7013320869362
0.2,4279,68,127160,29.710280373831775
0.2,4280,52,127212,29.71548703573931
0.2,4281,28,127240,29.715086408220458
0.2,4282,80,127320,29.72682699042727
0.2,4283,52,127372,29.73202614379085
0.2,4284,94,127466,29.747024504084013
0.2,4285,90,127556,29.7610825944937
0.2,4286,91,127647,29.775367389783064
0.2,4287,90,127737,29.789412313432837
0.2,4288,84,127821,29.80205176031709
0.2,4289,91,127912,29.816317016317015
0.2,4290,54,127966,29.821952924726173
0.2,4291,90,128056,29.835973904939422
0.2,4292,93,128149,29.850687165152575
0.2,4293,74,128223,29.86096879366558
0.2,4294,47,128270,29.864959254947614
0.2,4295,-174,128096,29.817504655493483
0.2,4296,45,128141,29.821037933441936
0.2,4297,68,128209,29.82992089343881
0.2,4298,-388,127821,29.732728541521283
0.2,4299,9,127830,29.727906976744187
0.2,4300,67,127897,29.736572890025574
0.2,4301,90,127987,29.750581125058112
0.2,4302,-60,127927,29.72972344875668
0.2,4303,4,127931,29.723745353159853
0.2,4304,60,127991,29.730778164924505
0.2,4305,93,128084,29.74547143520669
0.2,4306,-40,128044,29.72927791966566
0.2,4307,82,128126,29.741411327762304
0.2,4308,93,128219,29.75609190067301
0.2,4309,80,128299,29.767749419953596
0.2,4310,-72,128227,29.744142890280678
0.2,4311,82,128309,29.75626159554731
0.2,4312,-77,128232,29.731509390215628
0.2,4313,90,128322,29.74547983310153
0.2,4314,3,128325,29.73928157589803
0.2,4315,89,128414,29.753012048192772
0.2,4316,-3,128411,29.745425063701646
0.2,4317,-48,128363,29.72742010189903
0.2,4318,72,128435,29.737207686964574
0.2,4319,88,128523,29.750694444444445
0.2,4320,4,128527,29.744735015042814
0.2,4321,84,128611,29.757288292457197
0.2,4322,-47,128564,29.739532731899143
0.2,4323,32,128596,29.74005550416281
0.2,4324,86,128682,29.753063583815027
0.2,4325,14,128696,29.749422098936662
0.2,4326,43,128739,29.75248440027733
0.2,4327,94,128833,29.767329020332717
0.2,4328,74,128907,29.777546777546778
0.2,4329,84,128991,29.790069284064664
0.2,4330,-21,128970,29.77834218425306
0.2,4331,19,128989,29.7758541089566
0.2,4332,43,129032,29.77890606969767
0.2,4333,-6,129026,29.770650669127825
0.2,4334,-33,128993,29.75617070357555
0.2,4335,46,129039,29.75991697416974
0.2,4336,30,129069,29.75997233110445
0.2,4337,38,129107,29.76187183033656
0.2,4338,89,129196,29.775524314358147
0.2,4339,75,129271,29.785944700460828
0.2,4340,-79,129192,29.760884588804423
0.2,4341,92,129284,29.775218793182866
0.2,4342,-162,129122,29.731061478240846
0.2,4343,-9,129113,29.722145488029465
0.2,4344,82,129195,29.734177215189874
0.2,4345,-136,129059,29.69604233778187
0.2,4346,82,129141,29.70807453416149
0.2,4347,73,129214,29.71803127874885
0.2,4348,67,129281,29.72660381696942
0.2,4349,81,129362,29.7383908045977
0.2,4350,-9,129353,29.729487474143873
0.2,4351,70,129423,29.73874080882353
0.2,4352,89,129512,29.75235469790949
0.2,4353,47,129559,29.756316031235645
0.2,4354,-26,129533,29.743513203214697
0.2,4355,23,129556,29.74196510560147
0.2,4356,94,129650,29.756713334863438
0.2,4357,-88,129562,29.72969251950436
0.2,4358,58,129620,29.73617802248222
0.2,4359,70,129690,29.745412844036696
0.2,4360,-15,129675,29.735152487961475
0.2,4361,77,129752,29.745988078862908
0.2,4362,91,129843,29.760027504011003
0.2,4363,78,129921,29.771081576535288
0.2,4364,-48,129873,29.753264604810997
0.2,4365,37,129910,29.754924415941364
0.2,4366,-80,129830,29.729791618960384
0.2,4367,-43,129787,29.713141025641026
0.2,4368,11,129798,29.708857862211033
0.2,4369,81,129879,29.72059496567506
0.2,4370,59,129938,29.727293525509037
0.2,4371,73,130011,29.7371912168344
0.2,4372,-51,129960,29.718728561628172
0.2,4373,26,129986,29.71787837219936
0.2,4374,92,130078,29.732114285714285
0.2,4375,57,130135,29.738345521023767
0.2,4376,85,130220,29.75097098469271
0.2,4377,0,130220,29.744175422567384
0.2,4378,-64,130156,29.72276775519525
0.2,4379,90,130246,29.736529680365297
0.2,4380,-48,130198,29.718785665373204
0.2,4381,25,130223,29.71770880876312
0.2,4382,-117,130106,29.684234542550765
0.2,4383,94,130200,29.69890510948905
0.2,4384,-11,130189,29.68962371721779
0.2,4385,86,130275,29.702462380300958
0.2,4386,32,130307,29.702986095281513
0.2,4387,-23,130284,29.690975387420238
0.2,4388,88,130372,29.704260651629074
0.2,4389,-2,130370,29.697038724373577
0.2,4390,94,130464,29.711682987929855
0.2,4391,92,130556,29.725865209471767
0.2,4392,89,130645,29.739358069656273
0.2,4393,4,130649,29.733500227583068
0.2,4394,83,130732,29.74562002275313
0.2,4395,82,130814,29.757506824385807
0.2,4396,79,130893,29.768705935865363
0.2,4397,-55,130838,29.74943155979991
0.2,4398,84,130922,29.7617640372812
0.2,4399,81,131003,29.77340909090909
0.2,4400,39,131042,29.77550556691661
0.2,4401,32,131074,29.776010904134484
0.2,4402,86,131160,29.78878037701567
0.2,4403,93,131253,29.803133514986374
0.2,4404,-86,131167,29.776844494892167
0.2,4405,-10,131157,29.76781661370858
0.2,4406,85,131242,29.780349444066257
0.2,4407,92,131334,29.794464609800364
0.2,4408,88,131422,29.807666137446134
0.2,4409,91,131513,29.821541950113378
0.2,4410,43,131556,29.82452958512809
0.2,4411,91,131647,29.83839528558477
0.2,4412,-93,131554,29.81055970994788
0.2,4413,58,131612,29.81694608065247
0.2,4414,46,131658,29.820611551528877
0.2,4415,92,131750,29.834692028985508
0.2,4416,-3,131747,29.827258320126784
0.2,4417,86,131833,29.839972838388412
0.2,4418,-165,131668,29.795881421136002
0.2,4419,42,131710,29.79864253393665
0.2,4420,29,131739,29.79846188645103
0.2,4421,33,131772,29.799185888738126
0.2,4422,-2,131770,29.791996382545783
0.2,4423,3,131773,29.785940325497286
0.2,4424,1,131774,29.77943502824859
0.2,4425,66,131840,29.787618617261636
0.2,4426,18,131858,29.78495595211204
0.2,4427,-8,131850,29.776422764227643
0.2,4428,25,131875,29.775344321517274
0.2,4429,-15,131860,29.76523702031603
0.2,4430,94,131954,29.779733694425637
0.2,4431,-220,131734,29.72337545126354
0.2,4432,23,131757,29.721858786374916
0.2,4433,-21,131736,29.71041948579161
0.2,4434,-46,131690,29.69334836527621
0.2,4435,41,131731,29.695897204688908
0.2,4436,90,131821,29.709488393058372
0.2,4437,29,131850,29.709328526363226
0.2,4438,60,131910,29.716152286551026
0.2,4439,-123,131787,29.681756756756755
0.2,4440,53,131840,29.68700743075884
0.2,4441,29,131869,29.686852769022963
0.2,4442,-13,131856,29.677245104659015
0.2,4443,94,131950,29.691719171917192
0.2,4444,69,132019,29.700562429696287
0.2,4445,69,132088,29.70940170940171
0.2,4446,92,132180,29.723409039802114
0.2,4447,57,132237,29.729541366906474
0.2,4448,66,132303,29.737693863789616
0.2,4449,24,132327,29.736404494382022
0.2,4450,91,132418,29.750168501460347
0.2,4451,67,132485,29.758535489667565
0.2,4452,19,132504,29.75611947002021
0.2,4453,2,132506,29.749887741356083
0.2,4454,-9,132497,29.741189674523007
0.2,4455,49,132546,29.745511669658885
0.2,4456,76,132622,29.755889611846534
0.2,4457,93,132715,29.77007626738448
0.2,4458,75,132790,29.78021978021978
0.2,4459,-65,132725,29.75896860986547
0.2,4460,90,132815,29.772472539789284
0.2,4461,-38,132777,29.757283729269385
0.2,4462,2,132779,29.751064306520277
0.2,4463,43,132822,29.754032258064516
0.2,4464,32,132854,29.754535274356105
0.2,4465,58,132912,29.760859829825346
0.2,4466,84,132996,29.773002014775017
0.2,4467,93,133089,29.78715308863026
0.2,4468,-291,132798,29.7153725665697
0.2,4469,83,132881,29.727293064876957
0.2,4470,45,132926,29.73070901364348
0.2,4471,92,133018,29.74463327370304
0.2,4472,53,133071,29.749832327297117
0.2,4473,62,133133,29.75704067948145
0.2,4474,31,133164,29.75731843575419
0.2,4475,-7,133157,29.74910634495085
0.2,4476,72,133229,29.758543667634576
0.2,4477,-18,133211,29.747878517195176
0.2,4478,69,133280,29.756642107613306
0.2,4479,85,133365,29.768973214285715
0.2,4480,-79,133286,29.74469984378487
0.2,4481,61,133347,29.751673360107095
0.2,4482,-25,133322,29.739460182913227
0.2,4483,-251,133071,29.67685102586976
0.2,4484,28,133099,29.676477146042362
0.2,4485,12,133111,29.672536781096746
0.2,4486,49,133160,29.676844216625806
0.2,4487,94,133254,29.691176470588236
0.2,4488,90,133344,29.704611271998218
0.2,4489,79,133423,29.715590200445433
0.2,4490,64,133487,29.72322422623024
0.2,4491,71,133558,29.732413178984864
0.2,4492,63,133621,29.739817493879368
0.2,4493,-75,133546,29.71651090342679
0.2,4494,-128,133418,29.68142380422692
0.2,4495,85,133503,29.693727758007118
0.2,4496,70,133573,29.70269068267734
0.2,4497,91,133664,29.716318363717207
0.2,4498,-37,133627,29.701489219826627
0.2,4499,92,133719,29.715333333333334
0.2,4500,51,133770,29.720062208398133
0.2,4501,-199,133571,29.669258107507773
0.2,4502,-102,133469,29.640017765933823
0.2,4503,85,133554,29.652309058614566
0.2,4504,83,133637,29.664150943396226
0.2,4505,-76,133561,29.640701287172657
0.2,4506,85,133646,29.652984246727314
0.2,4507,32,133678,29.653504880212953
0.2,4508,57,133735,29.65956974939011
0.2,4509,54,133789,29.664966740576496
0.2,4510,5,133794,29.659499002438483
0.2,4511,93,133887,29.673537234042552
0.2,4512,-95,133792,29.645911810325725
0.2,4513,77,133869,29.65640230394329
0.2,4514,46,133915,29.66002214839424
0.2,4515,89,134004,29.67316209034544
0.2,4516,93,134097,29.687181757803852
0.2,4517,61,134158,29.69411243913236
0.2,4518,89,134247,29.707236114184553
0.2,4519,90,134337,29.72057522123894
0.2,4520,4,134341,29.714886087148862
0.2,4521,90,134431,29.728217602830608
0.2,4522,41,134472,29.73070970594738
0.2,4523,55,134527,29.73629531388152
0.2,4524,38,134565,29.738121546961327
0.2,4525,85,134650,29.750331418471056
0.2,4526,-263,134387,29.68566379500773
0.2,4527,62,134449,29.69280035335689
0.2,4528,88,134537,29.705674541841468
0.2,4529,74,134611,29.715452538631347
0.2,4530,76,134687,29.72566762304127
0.2,4531,-29,134658,29.71270962047661
0.2,4532,-49,134609,29.695345245973968
0.2,4533,48,134657,29.69938244375827
0.2,4534,82,134739,29.710915104740906
0.2,4535,-26,134713,29.69863315696649
0.2,4536,44,134757,29.701785320696494
0.2,4537,-107,134650,29.671661524900838
0.2,4538,87,134737,29.684291694205772
0.2,4539,88,134825,29.69713656387665
0.2,4540,4,134829,29.691477648095134
0.2,4541,57,134886,29.69749009247028
0.2,4542,-13,134873,29.6880915694475
0.2,4543,-89,134784,29.661971830985916
0.2,4544,6,134790,29.656765676567655
0.2,4545,-122,134668,29.623405191377035
0.2,4546,79,134747,29.634264350120958
0.2,4547,49,134796,29.638522427440634
0.2,4548,41,134837,29.64102000439657
0.2,4549,-22,134815,29.62967032967033
0.2,4550,-42,134773,29.613931004174905
0.2,4551,68,134841,29.622363796133566
0.2,4552,32,134873,29.622886009224686
0.2,4553,-14,134859,29.6133069828722
0.2,4554,-39,134820,29.598243688254666
0.2,4555,93,134913,29.61215978928885
0.2,4556,15,134928,29.608953258722845
0.2,4557,67,134995,29.61715664765248
0.2,4558,91,135086,29.63062075016451
0.2,4559,87,135173,29.643201754385966
0.2,4560,78,135251,29.653803990352994
0.2,4561,-210,135041,29.601271372205172
0.2,4562,-205,134836,29.54985754985755
0.2,4563,-164,134672,29.507449605609114
0.2,4564,66,134738,29.515443592552025
0.2,4565,19,134757,29.513140604467807
0.2,4566,75,134832,29.523100503612874
0.2,4567,93,134925,29.53699649737303
0.2,4568,73,134998,29.54650908295032
0.2,4569,-84,134914,29.521663019693655
0.2,4570,-61,134853,29.50185954933275
0.2,4571,72,134925,29.511154855643046
0.2,4572,80,135005,29.52219549529849
0.2,4573,-53,134952,29.5041539134237
0.2,4574,89,135041,29.517158469945354
0.2,4575,72,135113,29.526442307692307
0.2,4576,64,135177,29.53397421892069
0.2,4577,67,135244,29.542158147662736
0.2,4578,94,135338,29.55623498580476
0.2,4579,82,135420,29.56768558951965
0.2,4580,78,135498,29.57825802226588
0.2,4581,50,135548,29.58271497162811
0.2,4582,91,135639,29.59611608116954
0.2,4583,46,135685,29.599694589877835
0.2,4584,27,135712,29.599127589967285
0.2,4585,89,135801,29.612080244221545
0.2,4586,-47,135754,29.595378242860257
0.2,4587,82,135836,29.60680034873583
0.2,4588,94,135930,29.620832425365002
0.2,4589,71,136001,29.629847494553378
0.2,4590,90,136091,29.642997168372904
0.2,4591,88,136179,29.655705574912893
0.2,4592,-34,136145,29.641846287829306
0.2,4593,-20,136125,29.63104048759251
0.2,4594,-381,135744,29.541675734494014
0.2,4595,89,135833,29.55461270670148
0.2,4596,-32,135801,29.541222536436806
0.2,4597,36,135837,29.5426272292301
0.2,4598,62,135899,29.549684714068277
0.2,4599,74,135973,29.559347826086956
0.2,4600,2,135975,29.55335796565964
0.2,4601,91,136066,29.56671012603216
0.2,4602,49,136115,29.570932000869
0.2,4603,-6,136109,29.56320590790617
0.2,4604,86,136195,29.57546145494028
0.2,4605,15,136210,29.572297003907945
0.2,4606,92,136302,29.585847623182115
0.2,4607,49,136351,29.59006076388889
0.2,4608,45,136396,29.593404209156
0.2,4609,86,136482,29.605639913232103
0.2,4610,76,136558,29.61570158317068
0.2,4611,-23,136535,29.60429314830876
0.2,4612,60,136595,29.610882289182744
0.2,4613,53,136648,29.615951452102298
0.2,4614,78,136726,29.626435536294693
0.2,4615,44,136770,29.629549393414212
0.2,4616,35,136805,29.630712583928958
0.2,4617,76,136881,29.640753572975314
0.2,4618,28,136909,29.640398354622214
0.2,4619,83,136992,29.65194805194805
0.2,4620,80,137072,29.66284354035923
0.2,4621,26,137098,29.66205106014712
0.2,4622,79,137177,29.672723339822625
0.2,4623,65,137242,29.68036332179931
0.2,4624,-76,137166,29.657513513513514
0.2,4625,48,137214,29.66147859922179
0.2,4626,94,137308,29.675383617894965
0.2,4627,-3,137305,29.668323249783924
0.2,4628,71,137376,29.677252106286456
0.2,4629,21,137397,29.67537796976242
0.2,4630,-63,137334,29.655366011660547
0.2,4631,94,137428,29.669257340241796
0.2,4632,88,137516,29.681847614936327
0.2,4633,88,137604,29.69443245576176
0.2,4634,22,137626,29.69277238403452
0.2,4635,14,137640,29.689387402933562
0.2,4636,24,137664,29.688160448565885
0.2,4637,81,137745,29.69922380336352
0.2,4638,9,137754,29.694761802112524
0.2,4639,71,137825,29.70366379310345
0.2,4640,88,137913,29.71622495151907
0.2,4641,57,137970,29.722102542007754
0.2,4642,-14,137956,29.71268576351497
0.2,4643,56,138012,29.718346253229974
0.2,4644,-191,137821,29.6708288482239
0.2,4645,23,137844,29.669393026259147
0.2,4646,90,137934,29.682375726275016
0.2,4647,59,137993,29.68868330464716
0.2,4648,-52,137941,29.671112067111206
0.2,4649,76,138017,29.681075268817203
0.2,4650,-77,137940,29.658138034831218
0.2,4651,35,137975,29.659286328460876
0.2,4652,73,138048,29.668600902643455
0.2,4653,-2,138046,29.661796304254405
0.2,4654,71,138117,29.670676691729323
0.2,4655,-32,138085,29.657431271477662
0.2,4656,70,138155,29.666094051964784
0.2,4657,49,138204,29.67024474023186
0.2,4658,-60,138144,29.65099806825499
0.2,4659,55,138199,29.656437768240345
0.2,4660,-69,138130,29.635271400986912
0.2,4661,91,138221,29.64843414843415
0.2,4662,-53,138168,29.630709843448425
0.2,4663,-32,138136,29.617495711835335
0.2,4664,33,138169,29.618220793140406
0.2,4665,84,138253,29.629875696528075
0.2,4666,88,138341,29.64238268695093
0.2,4667,36,138377,29.64374464438732
0.2,4668,-13,138364,29.634611265795673
0.2,4669,38,138402,29.636402569593148
0.2,4670,-27,138375,29.6242774566474
0.2,4671,-31,138344,29.611301369863014
0.2,4672,70,138414,29.619944361224054
0.2,4673,91,138505,29.633076593923835
0.2,4674,24,138529,29.63187165775401
0.2,4675,83,138612,29.643284858853722
0.2,4676,17,138629,29.640581569382082
0.2,4677,94,138723,29.65433946130825
0.2,4678,-149,138574,29.61615729856807
0.2,4679,-65,138509,29.59594017094017
0.2,4680,-204,138305,29.54603717154454
0.2,4681,70,138375,29.554677488252885
0.2,4682,33,138408,29.555413196668802
0.2,4683,-62,138346,29.535866780529464
0.2,4684,89,138435,29.548559231590183
0.2,4685,-27,138408,29.53649167733675
0.2,4686,84,138492,29.54811179859185
0.2,4687,93,138585,29.56164675767918
0.2,4688,-177,138408,29.517594369801664
0.2,4689,92,138500,29.53091684434968
0.2,4690,92,138592,29.544233638882968
0.2,4691,59,138651,29.550511508951406
0.2,4692,38,138689,29.552311953974005
0.2,4693,26,138715,29.551555176821473
0.2,4694,23,138738,29.550159744408944
0.2,4695,94,138832,29.56388415672913
0.2,4696,53,138885,29.568873749201618
0.2,4697,84,138969,29.580459770114942
0.2,4698,64,139033,29.58778463502873
0.2,4699,67,139100,29.595744680851062
0.2,4700,-51,139049,29.578600297808975
0.2,4701,-184,138865,29.533177371331348
0.2,4702,10,138875,29.52902402721667
0.2,4703,88,138963,29.541454081632654
0.2,4704,-15,138948,29.531987247608928
0.2,4705,-20,138928,29.521461963450914
0.2,4706,-96,138832,29.49479498619078
0.2,4707,78,138910,29.505097706032284
0.2,4708,20,138930,29.50307921002336
0.2,4709,24,138954,29.501910828025476
0.2,4710,-22,138932,29.490978560815112
0.2,4711,-140,138792,29.455008488964346
0.2,4712,21,138813,29.453214513049012
0.2,4713,-172,138641,29.410479422995333
0.2,4714,-126,138515,29.377518557794275
0.2,4715,36,138551,29.378922815945717
0.2,4716,-27,138524,29.366970532117872
0.2,4717,87,138611,29.379186095803306
0.2,4718,-176,138435,29.335664335664337
0.2,4719,79,138514,29.346186440677965
0.2,4720,82,138596,29.357339546706207
0.2,4721,-36,138560,29.3434985175773
0.2,4722,18,138578,29.34109676053356
0.2,4723,-98,138480,29.314140558848433
0.2,4724,73,138553,29.323386243386242
0.2,4725,51,138604,29.32797291578502
0.2,4726,66,138670,29.33573090755236
0.2,4727,48,138718,29.339678510998308
0.2,4728,92,138810,29.352928737576654
0.2,4729,66,138876,29.360676532769556
0.2,4730,9,138885,29.356372859860496
0.2,4731,67,138952,29.364327979712595
0.2,4732,-66,138886,29.34417916754701
0.2,4733,81,138967,29.355090832277146
0.2,4734,-103,138864,29.32713833157339
0.2,4735,-20,138844,29.316722972972972
0.2,4736,80,138924,29.32742241925269
0.2,4737,93,139017,29.34086112283664
0.2,4738,-37,138980,29.326862207216713
0.2,4739,82,139062,29.337974683544303
0.2,4740,-145,138917,29.30120227800042
0.2,4741,-322,138595,29.227119358920287
0.2,4742,42,138637,29.229812355049546
0.2,4743,-49,138588,29.213322091062395
0.2,4744,72,138660,29.222339304531086
0.2,4745,87,138747,29.234513274336283
0.2,4746,70,138817,29.243100905835263
0.2,4747,59,138876,29.249368155012636
0.2,4748,11,138887,29.2455253737629
0.2,4749,13,138900,29.242105263157896
0.2,4750,19,138919,29.23994948431909
0.2,4751,62,138981,29.246843434343436
0.2,4752,-58,138923,29.22848727119714
0.2,4753,89,139012,29.241060159865377
0.2,4754,12,139024,29.237434279705575
0.2,4755,89,139113,29.25
0.2,4756,4,139117,29.24469203279378
0.2,4757,44,139161,29.247793190416143
0.2,4758,83,139244,29.25908804370666
0.2,4759,48,139292,29.263025210084034
0.2,4760,-26,139266,29.251417769376182
0.2,4761,28,139294,29.251154976900462
0.2,4762,80,139374,29.261809783749737
0.2,4763,-41,139333,29.247061293031066
0.2,4764,-340,138993,29.169569779643233
0.2,4765,-30,138963,29.157154846831723
0.2,4766,-40,138923,29.14264736731697
0.2,4767,-1,138922,29.136325503355703
0.2,4768,-97,138825,29.109876284336337
0.2,4769,9,138834,29.10566037735849
0.2,4770,-95,138739,29.079647872563402
0.2,4771,59,138798,29.085917854149205
0.2,4772,86,138884,29.097842028074588
0.2,4773,35,138919,29.099078341013826
0.2,4774,86,139005,29.110994764397905
0.2,4775,80,139085,29.121649916247907
0.2,4776,-32,139053,29.108854929872304
0.2,4777,48,139101,29.112808706571787
0.2,4778,-55,139046,29.095208202552836
0.2,4779,39,139085,29.097280334728033
0.2,4780,91,139176,29.110227985777033
0.2,4781,60,139236,29.11668757841907
0.2,4782,-61,139175,29.09784653982856
0.2,4783,34,139209,29.098871237458194
0.2,4784,9,139218,29.094670846394983
0.2,4785,93,139311,29.108023401587964
0.2,4786,25,139336,29.10716523918947
0.2,4787,67,139403,29.115079365079364
0.2,4788,-78,139325,29.092712466068072
0.2,4789,-43,139282,29.0776617954071
0.2,4790,14,139296,29.074514715090796
0.2,4791,85,139381,29.08618530884808
0.2,4792,89,139470,29.098685583142082
0.2,4793,73,139543,29.107843137254903
0.2,4794,-4,139539,29.100938477580815
0.2,4795,43,139582,29.103836530442035
0.2,4796,2,139584,29.098186366479048
0.2,4797,93,139677,29.111504793664025
0.2,4798,37,139714,29.113148572619295
0.2,4799,92,139806,29.12625
0.2,4800,65,139871,29.13372214122058
0.2,4801,83,139954,29.14493960849646
0.2,4802,77,140031,29.154903185509056
0.2,4803,-16,140015,29.1455037468776
0.2,4804,94,140109,29.159001040582726
0.2,4805,94,140203,29.172492717436537
0.2,4806,55,140258,29.177865612648223
0.2,4807,-6,140252,29.170549084858568
0.2,4808,24,140276,29.169473903098357
0.2,4809,-24,140252,29.15841995841996
0.2,4810,90,140342,29.17106630638121
0.2,4811,83,140425,29.182252701579383
0.2,4812,74,140499,29.191564512777894
0.2,4813,65,140564,29.19900290818446
0.2,4814,-128,140436,29.166355140186916
0.2,4815,92,140528,29.17940199335548
0.2,4816,83,140611,29.19057504670957
0.2,4817,-66,140545,29.17081776670818
0.2,4818,-125,140420,29.138825482465244
0.2,4819,74,140494,29.14813278008299
0.2,4820,-120,140374,29.11719560257208
0.2,4821,86,140460,29.12899211945251
0.2,4822,81,140541,29.13974704540742
0.2,4823,75,140616,29.149253731343283
0.2,4824,56,140672,29.15481865284974
0.2,4825,82,140754,29.165768752590136
0.2,4826,-70,140684,29.145224777294384
0.2,4827,74,140758,29.154515327257663
0.2,4828,-144,140614,29.118658107268587
0.2,4829,41,140655,29.12111801242236
0.2,4830,46,140701,29.124611881598014
0.2,4831,-9,140692,29.116721854304636
0.2,4832,86,140778,29.12849162011173
0.2,4833,41,140819,29.130947455523376
0.2,4834,91,140910,29.14374353671148
0.2,4835,80,140990,29.154259718775847
0.2,4836,0,140990,29.14823237543932
0.2,4837,93,141083,29.16143034311699
0.2,4838,-16,141067,29.152097540814218
0.2,4839,42,141109,29.1547520661157
0.2,4840,55,141164,29.16009089031192
0.2,4841,58,141222,29.166047087980175
0.2,4842,88,141310,29.17819533347099
0.2,4843,81,141391,29.18889347646573
0.2,4844,-54,141337,29.17172342621259
0.2,4845,60,141397,29.17808501857202
0.2,4846,83,141480,29.18918918918919
0.2,4847,69,141549,29.19740099009901
0.2,4848,84,141633,29.20870282532481
0.2,4849,90,141723,29.22123711340206
0.2,4850,-49,141674,29.20511234796949
0.2,4851,45,141719,29.208367683429515
0.2,4852,29,141748,29.208324747578818
0.2,4853,73,141821,29.217346518335393
0.2,4854,-154,141667,29.179608650875387
0.2,4855,89,141756,29.19192751235585
0.2,4856,46,141802,29.19538809964999
0.2,4857,37,141839,29.196994648003294
0.2,4858,91,141930,29.209713932908006
0.2,4859,28,141958,29.209465020576133
0.2,4860,-145,141813,29.173626825756017
0.2,4861,-102,141711,29.14664747017688
0.2,4862,-500,141211,29.037836726300636
0.2,4863,-121,141090,29.00699013157895
0.2,4864,11,141101,29.0032887975334
0.2,4865,17,141118,29.000822030415126
0.2,4866,46,141164,29.004314772960758
0.2,4867,90,141254,29.01684470008217
0.2,4868,20,141274,29.01499281166564
0.2,4869,78,141352,29.02505133470226
0.2,4870,-115,141237,28.99548347361938
0.2,4871,75,141312,29.004926108374384
0.2,4872,-103,141209,28.977837061358507
0.2,4873,-6,141203,28.97066064833812
0.2,4874,92,141295,28.983589743589743
0.2,4875,86,141381,28.995283018867923
0.2,4876,64,141445,29.00246052901374
0.2,4877,-11,141434,28.994259942599427
0.2,4878,87,141521,29.00614880098381
0.2,4879,76,141597,29.01577868852459
0.2,4880,-7,141590,29.00839991804958
0.2,4881,94,141684,29.021712412945515
0.2,4882,75,141759,29.03112840466926
0.2,4883,82,141841,29.041973791973792
0.2,4884,-244,141597,28.98607983623337
0.2,4885,-4,141593,28.979328694228407
0.2,4886,93,141686,28.99242889298138
0.2,4887,87,141773,29.004296235679213
0.2,4888,-32,141741,28.99181836776437
0.2,4889,-28,141713,28.980163599182003
0.2,4890,-66,141647,28.960744224085055
0.2,4891,79,141726,28.97097301717089
0.2,4892,90,141816,28.983445738810545
0.2,4893,67,141883,28.991213731099304
0.2,4894,91,141974,29.00388151174668
0.2,4895,94,142068,29.017156862745097
0.2,4896,20,142088,29.015315499285276
0.2,4897,-82,142006,28.99265006124949
0.2,4898,79,142085,29.002857726066544
0.2,4899,73,142158,29.011836734693876
0.2,4900,92,142250,29.024688839012445
0.2,4901,-61,142189,29.006323949408404
0.2,4902,28,142217,29.006118702835
0.2,4903,92,142309,29.018964110929854
0.2,4904,55,142364,29.02426095820591
0.2,4905,84,142448,29.03546677537709
0.2,4906,31,142479,29.035867128591807
0.2,4907,92,142571,29.048696006519968
0.2,4908,-301,142270,28.98146261967814
0.2,4909,59,142329,28.987576374745416
0.2,4910,-141,142188,28.952962736713502
0.2,4911,70,142258,28.96131921824104
0.2,4912,65,142323,28.968654589863625
0.2,4913,87,142410,28.98046398046398
0.2,4914,93,142503,28.993489318413022
0.2,4915,70,142573,29.001830756712774
0.2,4916,70,142643,29.01016880211511
0.2,4917,-18,142625,29.000610004066694
0.2,4918,-51,142574,28.98434641187233
0.2,4919,-25,142549,28.973373983739837
0.2,4920,75,142624,28.982727087990245
0.2,4921,26,142650,28.982121088988215
0.2,4922,76,142726,28.991671744871013
0.2,4923,80,142806,29.00203086921202
0.2,4924,91,142897,29.0146192893401
0.2,4925,88,142985,29.026593585058873
0.2,4926,-326,142659,28.954536228942562
0.2,4927,40,142699,28.9567775974026
0.2,4928,26,142725,28.956177723676202
0.2,4929,74,142799,28.965314401622717
0.2,4930,93,142892,28.978300547556277
0.2,4931,87,142979,28.99006488240065
0.2,4932,-118,142861,28.960267585647678
0.2,4933,81,142942,28.97081475476287
0.2,4934,-30,142912,28.95886524822695
0.2,4935,15,142927,28.956037277147487
0.2,4936,71,142998,28.964553372493416
0.2,4937,0,142998,28.95868772782503
0.2,4938,-46,142952,28.943510832152256
0.2,4939,57,143009,28.94919028340081
0.2,4940,11,143020,28.94555757943736
0.2,4941,86,143106,28.95710238769729
0.2,4942,64,143170,28.964191786364555
0.2,4943,-172,142998,28.92354368932039
0.2,4944,85,143083,28.934883720930234
0.2,4945,61,143144,28.941366761019005
0.2,4946,88,143232,28.953305033353548
0.2,4947,84,143316,28.96443007275667
0.2,4948,-130,143186,28.93230955748636
0.2,4949,55,143241,28.937575757575758
0.2,4950,79,143320,28.94768733589174
0.2,4951,64,143384,28.95476575121163
0.2,4952,77,143461,28.964465980214012
0.2,4953,64,143525,28.9715381509891
0.2,4954,62,143587,28.978203834510595
0.2,4955,92,143679,28.9909200968523
0.2,4956,34,143713,28.991930603187413
0.2,4957,72,143785,29.000605082694634
0.2,4958,-62,143723,28.982254486791692
0.2,4959,36,143759,28.98366935483871
0.2,4960,59,143818,28.989719814553517
0.2,4961,92,143910,29.00241837968561
0.2,4962,-20,143890,28.992544831754987
0.2,4963,-121,143769,28.96232876712329
0.2,4964,-14,143755,28.953675730110774
0.2,4965,-89,143666,28.9299234796617
0.2,4966,-70,143596,28.910006039863095
0.2,4967,5,143601,28.905193236714975
0.2,4968,4,143605,28.900181122962366
0.2,4969,78,143683,28.910060362173038
0.2,4970,88,143771,28.92194729430698
0.2,4971,8,143779,28.91773934030571
0.2,4972,91,143870,28.930223205308668
0.2,4973,13,143883,28.9270205066345
0.2,4974,0,143883,28.921206030150753
0.2,4975,-105,143778,28.894292604501608
0.2,4976,80,143858,28.904560980510347
0.2,4977,92,143950,28.91723583768582
0.2,4978,-18,143932,28.907812813818037
0.2,4979,52,143984,28.912449799196786
0.2,4980,85,144069,28.92371009837382
0.2,4981,50,144119,28.927940586109997
0.2,4982,-83,144036,28.905478627332933
0.2,4983,-62,143974,28.887239165329053
0.2,4984,9,143983,28.883249749247742
0.2,4985,-125,143858,28.852386682711593
0.2,4986,93,143951,28.865249649087627
0.2,4987,84,144035,28.876303127506013
0.2,4988,12,144047,28.872920424934858
0.2,4989,92,144139,28.88557114228457
0.2,4990,-15,144124,28.876778200761372
0.2,4991,73,144197,28.885616987179485
0.2,4992,-28,144169,28.874223913478872
0.2,4993,-282,143887,28.811974369243092
0.2,4994,81,143968,28.822422422422424
0.2,4995,72,144040,28.831064851881504
0.2,4996,1,144041,28.825495297178307
0.2,4997,30,144071,28.825730292116848
0.2,4998,-67,144004,28.806561312262453
0.2,4999,54,144058,28.8116
0.2,5000,-3,144055,28.805238952209557
0.2,5001,69,144124,28.81327469012395
0.2,5002,-26,144098,28.8023186088347
0.2,5003,89,144187,28.814348521183053
0.2,5004,70,144257,28.82257742257742
0.2,5005,7,144264,28.81821813823412
0.2,5006,84,144348,28.829239065308567
0.2,5007,59,144407,28.83526357827476
0.2,5008,20,144427,28.83349970053903
0.2,5009,51,144478,28.83792415169661
0.2,5010,-21,144457,28.827978447415685
0.2,5011,42,144499,28.830606544293694
0.2,5012,34,144533,28.831637741871134
0.2,5013,92,144625,28.84423613881133
0.2,5014,88,144713,28.85603190428714
0.2,5015,28,144741,28.855861244019138
0.2,5016,93,144834,28.868646601554715
0.2,5017,45,144879,28.87186129932244
0.2,5018,74,144953,28.880852759513846
0.2,5019,87,145040,28.89243027888446
0.2,5020,92,145132,28.904999004182432
0.2,5021,-28,145104,28.893667861409796
0.2,5022,-9,145095,28.88612383038025
0.2,5023,88,145183,28.897890127388536
0.2,5024,67,145250,28.90547263681592
0.2,5025,15,145265,28.902705929168324
0.2,5026,60,145325,28.908891983290232
0.2,5027,80,145405,28.919053301511536
0.2,5028,-39,145366,28.905547822628755
0.2,5029,-57,145309,28.888469184890656
0.2,5030,95,145404,28.901610017889087
0.2,5031,79,145483,28.91156597774245
0.2,5032,52,145535,28.916153387641565
0.2,5033,25,145560,28.915375446960667
0.2,5034,63,145623,28.92214498510427
0.2,5035,57,145680,28.92772041302621
0.2,5036,-430,145250,28.836609092713918
0.2,5037,79,145329,28.8465660976578
0.2,5038,27,145356,28.846199642786267
0.2,5039,7,145363,28.84186507936508
0.2,5040,92,145455,28.854393969450506
0.2,5041,-1,145454,28.848472828242762
0.2,5042,94,145548,28.86139202855443
0.2,5043,-7,145541,28.854282315622523
0.2,5044,87,145628,28.865807730426166
0.2,5045,-49,145579,28.850376535869994
0.2,5046,80,145659,28.86051119476917
0.2,5047,93,145752,28.873217115689382
0.2,5048,87,145839,28.88472964943553
0.2,5049,-18,145821,28.875445544554456
0.2,5050,91,145912,28.887745000989902
0.2,5051,75,145987,28.896872525732384
0.2,5052,67,146054,28.904413219869383
0.2,5053,69,146123,28.912346656113968
0.2,5054,81,146204,28.922650840751732
0.2,5055,-216,145988,28.874208860759495
0.2,5056,-20,145968,28.864544196163735
0.2,5057,-4,145964,28.858046658758404
0.2,5058,94,146058,28.870923107333464
0.2,5059,91,146149,28.883201581027667
0.2,5060,37,146186,28.88480537443193
0.2,5061,-91,146095,28.861122086131964
0.2,5062,87,146182,28.872605174797553
0.2,5063,90,146272,28.884676145339654
0.2,5064,64,146336,28.891609081934845
0.2,5065,26,146362,28.891038294512438
0.2,5066,77,146439,28.900532859680283
0.2,5067,-26,146413,28.889700078926598
0.2,5068,86,146499,28.90096666009075
0.2,5069,86,146585,28.912228796844182
0.2,5070,17,146602,28.90987970814435
0.2,5071,91,146693,28.9221214511041
0.2,5072,-140,146553,28.88882318154938
0.2,5073,30,146583,28.88904217579819
0.2,5074,93,146676,28.90167487684729
0.2,5075,87,146763,28.913120567375888
0.2,5076,84,146847,28.92397084892653
0.2,5077,44,146891,28.92693974005514
0.2,5078,3,146894,28.92183500689112
0.2,5079,89,146983,28.933661417322835
0.2,5080,79,147062,28.94351505609132
0.2,5081,-31,147031,28.93171979535616
0.2,5082,48,147079,28.93547117843793
0.2,5083,94,147173,28.94826907946499
0.2,5084,48,147221,28.952015732546705
0.2,5085,86,147307,28.963232402674006
0.2,5086,-81,147226,28.941615883624927
0.2,5087,77,147303,28.951061320754718
0.2,5088,70,147373,28.959127529966594
0.2,5089,93,147466,28.97170923379175
0.2,5090,-28,147438,28.960518562168534
0.2,5091,60,147498,28.96661429693637
0.2,5092,75,147573,28.97565285686236
0.2,5093,94,147667,28.988417746368278
0.2,5094,-24,147643,28.97801766437684
0.2,5095,71,147714,28.986263736263737
0.2,5096,-73,147641,28.96625465960369
0.2,5097,54,147695,28.971165162808944
0.2,5098,-137,147558,28.938615414787215
0.2,5099,51,147609,28.942941176470587
0.2,5100,-250,147359,28.888257204469713
0.2,5101,86,147445,28.899451195609565
0.2,5102,54,147499,28.904369978444052
0.2,5103,-57,147442,28.887539184952978
0.2,5104,86,147528,28.898726738491675
0.2,5105,48,147576,28.90246768507638
0.2,5106,86,147662,28.91364793420795
0.2,5107,94,147756,28.92638997650744
0.2,5108,82,147838,28.93677823448816
0.2,5109,85,147923,28.94774951076321
0.2,5110,93,148016,28.960281745255333
0.2,5111,85,148101,28.9712441314554
0.2,5112,-109,147992,28.944259730099745
0.2,5113,-137,147855,28.91181071568244
0.2,5114,-94,147761,28.887781036168132
0.2,5115,86,147847,28.898944487881156
0.2,5116,11,147858,28.89544655071331
0.2,5117,84,147942,28.906213364595544
0.2,5118,90,148032,28.918148075796054
0.2,5119,54,148086,28.923046875
0.2,5120,69,148155,28.93087287639133
0.2,5121,15,148170,28.928153065208903
0.2,5122,-38,148132,28.915088815147374
0.2,5123,91,148223,28.92720530835285
0.2,5124,-51,148172,28.911609756097562
0.2,5125,78,148250,28.92118611002731
0.2,5126,13,148263,28.91808074897601
0.2,5127,72,148335,28.92648205928237
0.2,5128,-35,148300,28.91401832715929
0.2,5129,45,148345,28.917153996101366
0.2,5130,-74,148271,28.897096082634963
0.2,5131,61,148332,28.903351519875294
0.2,5132,86,148418,28.914474965906876
0.2,5133,-34,148384,28.902220490845345
0.2,5134,14,148398,28.89931840311587
0.2,5135,-112,148286,28.871884735202492
0.2,5136,35,148321,28.873077671792874
0.2,5137,18,148339,28.870961463604516
0.2,5138,88,148427,28.882467406110138
0.2,5139,66,148493,28.88968871595331
0.2,5140,66,148559,28.896907216494846
0.2,5141,87,148646,28.908206923376117
0.2,5142,-5,148641,28.901613844059888
0.2,5143,11,148652,28.898133748055987
0.2,5144,74,148726,28.90689990281827
0.2,5145,45,148771,28.91002720559658
0.2,5146,29,148800,28.910044686224985
0.2,5147,83,148883,28.92055167055167
0.2,5148,22,148905,28.919207613128762
0.2,5149,63,148968,28.925825242718446
0.2,5150,92,149060,28.938070277615996
0.2,5151,91,149151,28.950116459627328
0.2,5152,29,149180,28.950126140112555
0.2,5153,21,149201,28.948583624369423
0.2,5154,85,149286,28.95945683802134
0.2,5155,81,149367,28.96955003878976
0.2,5156,-14,149353,28.961217762264884
0.2,5157,13,149366,28.958123303606047
0.2,5158,22,149388,28.956774568714867
0.2,5159,-105,149283,28.93081395348837
0.2,5160,-1,149282,28.92501453206743
0.2,5161,59,149341,28.930840759395583
0.2,5162,85,149426,28.94170056168894
0.2,5163,85,149511,28.952556158017043
0.2,5164,67,149578,28.959922555663116
0.2,5165,91,149669,28.971931862175765
0.2,5166,-56,149613,28.95548674279079
0.2,5167,92,149705,28.96768575851393
0.2,5168,39,149744,28.969626620236024
0.2,5169,15,149759,28.966924564796905
0.2,5170,90,149849,28.978727518855155
0.2,5171,17,149866,28.976411446249035
0.2,5172,88,149954,28.987821380243574
0.2,5173,45,149999,28.990916119056823
0.2,5174,87,150086,29.002125603864734
0.2,5175,76,150162,29.011205564142195
0.2,5176,-29,150133,29.0
0.2,5177,94,150227,29.012553109308612
0.2,5178,87,150314,29.023749758640665
0.2,5179,81,150395,29.033783783783782
0.2,5180,13,150408,29.030689056166764
0.2,5181,-25,150383,29.020262446931685
0.2,5182,80,150463,29.030098398610843
0.2,5183,80,150543,29.039930555555557
0.2,5184,88,150631,29.051301832208292
0.2,5185,-2,150629,29.04531430775164
0.2,5186,4,150633,29.040485829959515
0.2,5187,12,150645,29.037201233616038
0.2,5188,92,150737,29.04933513201002
0.2,5189,15,150752,29.046628131021194
0.2,5190,64,150816,29.053361587362744
0.2,5191,-111,150705,29.026386748844377
0.2,5192,24,150729,29.025418833044483
0.2,5193,-31,150698,29.013862148633038
0.2,5194,79,150777,29.023484119345525
0.2,5195,69,150846,29.031177829099306
0.2,5196,84,150930,29.041754858572254
0.2,5197,88,151018,29.053097345132745
0.2,5198,70,151088,29.06097326408925
0.2,5199,91,151179,29.072884615384616
0.2,5200,80,151259,29.082676408383005
0.2,5201,93,151352,29.09496347558631
0.2,5202,89,151441,29.106477032481262
0.2,5203,53,151494,29.111068408916218
0.2,5204,83,151577,29.12142170989433
0.2,5205,40,151617,29.123511333077218
0.2,5206,77,151694,29.132705972729017
0.2,5207,79,151773,29.142281105990783
0.2,5208,-85,151688,29.120368592820117
0.2,5209,29,151717,29.120345489443377
0.2,5210,54,151771,29.125119938591443
0.2,5211,39,151810,29.12701458173446
0.2,5212,-80,151730,29.106080951467487
0.2,5213,-42,151688,29.092443421557345
0.2,5214,86,151774,29.103355704697986
0.2,5215,-59,151715,29.08646472392638
0.2,5216,-63,151652,29.06881349434541
0.2,5217,-24,151628,29.0586431582982
0.2,5218,82,151710,29.068787123970107
0.2,5219,5,151715,29.064176245210728
0.2,5220,-18,151697,29.05516184638958
0.2,5221,85,151782,29.06587514362313
0.2,5222,49,151831,29.069691748037528
0.2,5223,94,151925,29.082120980091883
0.2,5224,88,152013,29.093397129186602
0.2,5225,64,152077,29.10007654037505
0.2,5226,94,152171,29.112492825712646
0.2,5227,73,152244,29.12088752869166
0.2,5228,88,152332,29.132147638171734
0.2,5229,39,152371,29.134034416826005
0.2,5230,89,152460,29.145478875931943
0.2,5231,56,152516,29.150611620795107
0.2,5232,94,152610,29.16300401299446
0.2,5233,13,152623,29.159915934275887
0.2,5234,81,152704,29.16981852913085
0.2,5235,-19,152685,29.160618792971736
0.2,5236,-176,152509,29.121443574565593
0.2,5237,24,152533,29.120465826651394
0.2,5238,79,152612,29.129986638671504
0.2,5239,60,152672,29.13587786259542
0.2,5240,89,152761,29.147300133562297
0.2,5241,34,152795,29.148225867989318
0.2,5242,92,152887,29.16021361815754
0.2,5243,65,152952,29.16704805491991
0.2,5244,-145,152807,29.133841754051478
0.2,5245,71,152878,29.14182234083111
0.2,5246,-1,152877,29.136077758719267
0.2,5247,-198,152679,29.092797256097562
0.2,5248,85,152764,29.103448275862068
0.2,5249,91,152855,29.115238095238094
0.2,5250,-1,152854,29.1095029518187
0.2,5251,89,152943,29.12090632140137
0.2,5252,94,153037,29.133257186369693
0.2,5253,-58,152979,29.116673011039207
0.2,5254,50,153029,29.120647002854426
0.2,5255,-18,153011,29.111681887366817
0.2,5256,90,153101,29.123264219136388
0.2,5257,93,153194,29.13541270445036
0.2,5258,-45,153149,29.121315839513215
0.2,5259,82,153231,29.131368821292774
0.2,5260,61,153292,29.13742634480137
0.2,5261,79,153371,29.146902318510072
0.2,5262,93,153464,29.15903477104313
0.2,5263,28,153492,29.158814589665653
0.2,5264,35,153527,29.159924026590694
0.2,5265,69,153596,29.167489555639953
0.2,5266,-14,153582,29.15929371558762
0.2,5267,48,153630,29.162870159453302
0.2,5268,83,153713,29.17308787246157
0.2,5269,34,153747,29.174003795066415
0.2,5270,-69,153678,29.155378486055778
0.2,5271,-124,153554,29.126327769347498
0.2,5272,-77,153477,29.10620140337569
0.2,5273,58,153535,29.11167993932499
0.2,5274,82,153617,29.12170616113744
0.2,5275,12,153629,29.118460955269143
0.2,5276,-93,153536,29.095319310214137
0.2,5277,-29,153507,29.084312239484653
0.2,5278,-365,153142,29.009660920628907
0.2,5279,94,153236,29.0219696969697
0.2,5280,78,153314,29.03124408256012
0.2,5281,84,153398,29.041650889814463
0.2,5282,46,153444,29.044860874503122
0.2,5283,71,153515,29.052800908402727
0.2,5284,-196,153319,29.010217596972563
0.2,5285,84,153403,29.02062050699962
0.2,5286,-59,153344,29.003972006809153
0.2,5287,-16,153328,28.995461422087747
0.2,5288,85,153413,29.00605029306107
0.2,5289,-38,153375,28.993383742911153
0.2,5290,-120,153255,28.965223965223966
0.2,5291,68,153323,28.97260015117158
0.2,5292,78,153401,28.98186283771018
0.2,5293,6,153407,28.97752172270495
0.2,5294,61,153468,28.98356940509915
0.2,5295,-188,153280,28.942598187311177
0.2,5296,90,153370,28.954124976401737
0.2,5297,66,153436,28.96111740279351
0.2,5298,83,153519,28.971315342517457
0.2,5299,93,153612,28.983396226415095
0.2,5300,88,153700,28.994529334087908
0.2,5301,69,153769,29.002074688796682
0.2,5302,77,153846,29.011125777861587
0.2,5303,35,153881,29.012254901960784
0.2,5304,-50,153831,28.99736098020735
0.2,5305,80,153911,29.00697323784395
0.2,5306,81,153992,29.016770303372905
0.2,5307,-158,153834,28.98153730218538
0.2,5308,-99,153735,28.95743077792428
0.2,5309,-6,153729,28.95084745762712
0.2,5310,37,153766,28.952363020146866
0.2,5311,-2,153764,28.946536144578314
0.2,5312,49,153813,28.950310559006212
0.2,5313,-68,153745,28.932066240120438
0.2,5314,-63,153682,28.914769520225775
0.2,5315,90,153772,28.926260346124906
0.2,5316,35,153807,28.927402670678955
0.2,5317,-373,153434,28.851823993982702
0.2,5318,-114,153320,28.824967099078773
0.2,5319,-81,153239,28.80432330827068
0.2,5320,80,153319,28.813944747227964
0.2,5321,66,153385,28.820931980458475
0.2,5322,84,153469,28.831298140146533
0.2,5323,68,153537,28.838655146506387
0.2,5324,-37,153500,28.826291079812208
0.2,5325,2,153502,28.821254224558768
0.2,5326,-26,153476,28.81096301858457
0.2,5327,78,153554,28.820195195195197
0.2,5328,16,153570,28.81778945393132
0.2,5329,69,153639,28.82532833020638
0.2,5330,73,153712,28.833614706434066
0.2,5331,51,153763,28.837771942985746
0.2,5332,93,153856,28.849803112694545
0.2,5333,24,153880,28.848893888263966
0.2,5334,0,153880,28.84348641049672
0.2,5335,71,153951,28.8513868065967
0.2,5336,85,154036,28.86190743863594
0.2,5337,80,154116,28.87148744848258
0.2,5338,74,154190,28.879940063682337
0.2,5339,37,154227,28.881460674157303
0.2,5340,-20,154207,28.872308556450104
0.2,5341,94,154301,28.88450018719581
0.2,5342,94,154395,28.896687254351487
0.2,5343,93,154488,28.90868263473054
0.2,5344,-29,154459,28.897848456501404
0.2,5345,-96,154363,28.874485596707817
0.2,5346,0,154363,28.869085468487
0.2,5347,78,154441,28.8782722513089
0.2,5348,15,154456,28.875677696765752
0.2,5349,80,154536,28.885233644859813
0.2,5350,41,154577,28.88749766398804
0.2,5351,23,154600,28.886397608370704
0.2,5352,-98,154502,28.862693816551467
0.2,5353,58,154560,28.86813597310422
0.2,5354,-52,154508,28.853034547152195
0.2,5355,72,154580,28.861090365944737
0.2,5356,80,154660,28.870636550308006
0.2,5357,91,154751,28.882232176185145
0.2,5358,89,154840,28.893450270572867
0.2,5359,77,154917,28.902425373134328
0.2,5360,-12,154905,28.894795747062116
0.2,5361,-19,154886,28.88586348377471
0.2,5362,81,154967,28.89558083162409
0.2,5363,59,155026,28.90119313944817
0.2,5364,-7,155019,28.894501397949675
0.2,5365,-84,154935,28.873462541930675
0.2,5366,67,155002,28.880566424445686
0.2,5367,73,155075,28.888785394932935
0.2,5368,21,155096,28.88731607375675
0.2,5369,81,155177,28.89702048417132
0.2,5370,38,155215,28.898715323031094
0.2,5371,-87,155128,28.877140729709605
0.2,5372,91,155219,28.888702773124884
0.2,5373,85,155304,28.899144026795682
0.2,5374,16,155320,28.89674418604651
0.2,5375,72,155392,28.904761904761905
0.2,5376,75,155467,28.913334573182073
0.2,5377,-170,155297,28.876348084789885
0.2,5378,89,155386,28.88752556237219
0.2,5379,94,155480,28.899628252788105
0.2,5380,80,155560,28.90912469801152
0.2,5381,15,155575,28.906540319583797
0.2,5382,72,155647,28.91454579230912
0.2,5383,50,155697,28.918462109955424
0.2,5384,85,155782,28.9288765088208
0.2,5385,-146,155636,28.896398069067953
0.2,5386,-123,155513,28.86820122517171
0.2,5387,-37,155476,28.855976243504085
0.2,5388,46,155522,28.85915754314344
0.2,5389,85,155607,28.869573283858998
0.2,5390,73,155680,28.877759228343535
0.2,5391,-358,155322,28.806008902077153
0.2,5392,93,155415,28.81791210828852
0.2,5393,13,155428,28.81497960697071
0.2,5394,-21,155407,28.80574606116775
0.2,5395,93,155500,28.817642698295032
0.2,5396,92,155592,28.82934963868816
0.2,5397,49,155641,28.83308632826973
0.2,5398,91,155732,28.84460085200963
0.2,5399,64,155796,28.851111111111113
0.2,5400,94,155890,28.86317348639141
0.2,5401,-64,155826,28.84598296927064
0.2,5402,58,155884,28.8513788635943
0.2,5403,17,155901,28.849185788304958
0.2,5404,62,155963,28.85531914893617
0.2,5405,87,156050,28.866074731779506
0.2,5406,93,156143,28.87793600887738
0.2,5407,77,156220,28.886834319526628
0.2,5408,2,156222,28.881863560732114
0.2,5409,18,156240,28.879852125693162
0.2,5410,-9,156231,28.872851598595453
0.2,5411,-33,156198,28.861419068736144
0.2,5412,-28,156170,28.850914465176427
0.2,5413,63,156233,28.85722201699298
0.2,5414,-2,156231,28.85152354570637
0.2,5415,91,156322,28.862998522895126
0.2,5416,81,156403,28.872623223186267
0.2,5417,51,156454,28.87670727205611
0.2,5418,89,156543,28.88780217752353
0.2,5419,-92,156451,28.865498154981548
0.2,5420,-41,156410,28.852610219516695
0.2,5421,31,156441,28.8530062707488
0.2,5422,94,156535,28.865019361976767
0.2,5423,-55,156480,28.849557522123895
0.2,5424,60,156540,28.855299539170506
0.2,5425,86,156626,28.86583118319204
0.2,5426,-32,156594,28.85461580983969
0.2,5427,-11,156583,28.847273397199704
0.2,5428,79,156662,28.85651132805305
0.2,5429,-19,156643,28.84769797421731
0.2,5430,77,156720,28.85656416866139
0.2,5431,94,156814,28.86855670103093
0.2,5432,10,156824,28.86508374746917
0.2,5433,84,156908,28.87523003312477
0.2,5434,25,156933,28.874517019319228
0.2,5435,93,157026,28.886313465783665
0.2,5436,50,157076,28.89019679970572
0.2,5437,87,157163,28.90088267745495
0.2,5438,-121,157042,28.87332230189373
0.2,5439,54,157096,28.87794117647059
0.2,5440,68,157164,28.88513140966734
0.2,5441,63,157227,28.891400220507165
0.2,5442,83,157310,28.901341172147713
0.2,5443,71,157381,28.909074210139604
0.2,5444,55,157436,28.91386593204775
0.2,5445,91,157527,28.925266250459053
0.2,5446,92,157619,28.936845970258858
0.2,5447,93,157712,28.948604992657856
0.2,5448,71,157783,28.956322260965315
0.2,5449,2,157785,28.95137614678899
0.2,5450,45,157830,28.95432030820033
0.2,5451,-8,157822,28.947542186353633
0.2,5452,20,157842,28.945901338712634
0.2,5453,19,157861,28.944077741107446
0.2,5454,20,157881,28.94243813015582
0.2,5455,46,157927,28.945564516129032
0.2,5456,42,157969,28.947956752794575
0.2,5457,-52,157917,28.93312568706486
0.2,5458,26,157943,28.93258838615131
0.2,5459,94,158037,28.944505494505496
0.2,5460,84,158121,28.95458707196484
0.2,5461,90,158211,28.965763456609302
0.2,5462,46,158257,28.96888156690463
0.2,5463,94,158351,28.980783308931187
0.2,5464,69,158420,28.988106129917657
0.2,5465,-83,158337,28.96761800219539
0.2,5466,4,158341,28.96305103347357
0.2,5467,80,158421,28.972384784198976
0.2,5468,91,158512,28.983726458219053
0.2,5469,80,158592,28.99305301645338
0.2,5470,58,158650,28.998354962529703
0.2,5471,72,158722,29.006213450292396
0.2,5472,85,158807,29.016444363237714
0.2,5473,6,158813,29.01223967848009
0.2,5474,86,158899,29.022648401826483
0.2,5475,65,158964,29.029218407596787
0.2,5476,-69,158895,29.011320065729414
0.2,5477,82,158977,29.020993063161736
0.2,5478,58,159035,29.026282168278883
0.2,5479,53,159088,29.03065693430657
0.2,5480,-50,159038,29.016237912789638
0.2,5481,40,159078,29.01824151769427
0.2,5482,-122,158956,28.99069852270655
0.2,5483,36,158992,28.99197665937272
0.2,5484,70,159062,28.999453053783046
0.2,5485,-71,158991,28.98122493620124
0.2,5486,-65,158926,28.9640969564425
0.2,5487,-114,158812,28.93804664723032
0.2,5488,82,158894,28.947713609036253
0.2,5489,71,158965,28.95537340619308
0.2,5490,-10,158955,28.94827900200328
0.2,5491,87,159042,28.958849235251275
0.2,5492,-76,158966,28.939741489168032
0.2,5493,72,159038,28.94757917728431
0.2,5494,85,159123,28.957779799818017
0.2,5495,21,159144,28.95633187772926
0.2,5496,0,159144,28.951064216845552
0.2,5497,14,159158,28.9483448526737
0.2,5498,94,159252,28.960174577195854
0.2,5499,26,159278,28.959636363636363
0.2,5500,69,159347,28.966915106344302
0.2,5501,78,159425,28.97582697201018
0.2,5502,55,159480,28.980556060330727
0.2,5503,69,159549,28.987827034883722
0.2,5504,92,159641,28.999273387829245
0.2,5505,48,159689,29.002724300762804
0.2,5506,30,159719,29.002905393136007
0.2,5507,33,159752,29.003631082062455
0.2,5508,-69,159683,28.985841350517337
0.2,5509,90,159773,28.996914700544465
0.2,5510,40,159813,28.998911268372346
0.2,5511,68,159881,29.005986937590713
0.2,5512,66,159947,29.012697261019408
0.2,5513,92,160039,29.024120420747188
0.2,5514,87,160126,29.034632819582956
0.2,5515,68,160194,29.041696881798405
0.2,5516,9,160203,29.038064165307233
0.2,5517,12,160215,29.0349764407394
0.2,5518,71,160286,29.0425801775684
0.2,5519,78,160364,29.05144927536232
0.2,5520,-98,160266,29.02843687737729
0.2,5521,-41,160225,29.015755161173487
0.2,5522,89,160314,29.026615969581748
0.2,5523,13,160327,29.02371469949312
0.2,5524,60,160387,29.029321266968324
0.2,5525,2,160389,29.02442996742671
0.2,5526,94,160483,29.03618599601954
0.2,5527,-17,160466,29.027858176555718
0.2,5528,89,160555,29.03870500994755
0.2,5529,25,160580,29.037974683544302
0.2,5530,94,160674,29.049719761345145
0.2,5531,90,160764,29.060737527114966
0.2,5532,-11,160753,29.053497198626424
0.2,5533,22,160775,29.052222623780267
0.2,5534,74,160849,29.060343270099366
0.2,5535,38,160887,29.06195809248555
0.2,5536,91,160978,29.073144301968576
0.2,5537,87,161065,29.08360418923799
0.2,5538,26,161091,29.083047481494855
0.2,5539,15,161106,29.080505415162456
0.2,5540,82,161188,29.09005594658004
0.2,5541,-113,161075,29.06441717791411
0.2,5542,-42,161033,29.051596608334837
0.2,5543,-36,160997,29.039862914862915
0.2,5544,78,161075,29.048692515779983
0.2,5545,66,161141,29.055355210962855
0.2,5546,-23,161118,29.04597079502434
0.2,5547,80,161198,29.05515501081471
0.2,5548,81,161279,29.06451612903226
0.2,5549,36,161315,29.065765765765764
0.2,5550,67,161382,29.072599531615925
0.2,5551,77,161459,29.081231988472624
0.2,5552,80,161539,29.090401584728976
0.2,5553,45,161584,29.093266114512062
0.2,5554,41,161625,29.095409540954094
0.2,5555,71,161696,29.10295176385889
0.2,5556,33,161729,29.103653050206947
0.2,5557,94,161823,29.115329255127744
0.2,5558,55,161878,29.11998560892247
0.2,5559,40,161918,29.121942446043164
0.2,5560,10,161928,29.118503866211114
0.2,5561,76,162004,29.12693275800072
0.2,5562,-104,161900,29.10300197735035
0.2,5563,71,161971,29.11053199137311
0.2,5564,91,162062,29.121653189577717
0.2,5565,54,162116,29.126122888968737
0.2,5566,78,162194,29.13490210167056
0.2,5567,20,162214,29.133261494252874
0.2,5568,52,162266,29.13736757047944
0.2,5569,-2,162264,29.13177737881508
0.2,5570,71,162335,29.139292766110213
0.2,5571,61,162396,29.145010768126348
0.2,5572,-80,162316,29.125426161851784
0.2,5573,67,162383,29.13222102619304
0.2,5574,78,162461,29.140986547085202
0.2,5575,50,162511,29.144727403156384
0.2,5576,-51,162460,29.130356822664513
0.2,5577,94,162554,29.14198637504482
0.2,5578,87,162641,29.152357053235345
0.2,5579,-9,162632,29.14551971326165
0.2,5580,92,162724,29.15678193872066
0.2,5581,-54,162670,29.141884629165173
0.2,5582,94,162764,29.153501701594124
0.2,5583,59,162823,29.15884670487106
0.2,5584,-110,162713,29.133930170098477
0.2,5585,79,162792,29.142857142857142
0.2,5586,-128,162664,29.1147306246644
0.2,5587,93,162757,29.12616320687187
0.2,5588,47,162804,29.129361245303276
0.2,5589,46,162850,29.132379248658317
0.2,5590,50,162900,29.136111607941334
0.2,5591,92,162992,29.147353361945637
0.2,5592,-69,162923,29.129805113534776
0.2,5593,27,162950,29.129424383267786
0.2,5594,-62,162888,29.11313672922252
0.2,5595,84,162972,29.122944960686205
0.2,5596,89,163061,29.133643023048062
0.2,5597,71,163132,29.141121829224723
0.2,5598,79,163211,29.150026790498302
0.2,5599,78,163289,29.15875
0.2,5600,-96,163193,29.136404213533297
0.2,5601,8,163201,29.132631203141734
0.2,5602,-2,163199,29.127074781367124
0.2,5603,86,163285,29.13722341184868
0.2,5604,92,163377,29.14843889384478
0.2,5605,92,163469,29.159650374598645
0.2,5606,-13,163456,29.152131264490816
0.2,5607,-161,163295,29.118223965763196
0.2,5608,64,163359,29.124442859689783
0.2,5609,88,163447,29.1349376114082
0.2,5610,73,163520,29.142755302085188
0.2,5611,81,163601,29.15199572344975
0.2,5612,82,163683,29.161411010154996
0.2,5613,72,163755,29.16904168151051
0.2,5614,62,163817,29.174888691006235
0.2,5615,67,163884,29.181623931623932
0.2,5616,86,163970,29.191739362649102
0.2,5617,91,164061,29.202741189035244
0.2,5618,84,164145,29.21249332621463
0.2,5619,70,164215,29.219750889679716
0.2,5620,24,164239,29.218822273616794
0.2,5621,91,164330,29.22981145499822
0.2,5622,75,164405,29.237951271563222
0.2,5623,-79,164326,29.218705547652917
0.2,5624,54,164380,29.223111111111113
0.2,5625,-44,164336,29.210095982936366
0.2,5626,-46,164290,29.19673005153723
0.2,5627,-7,164283,29.190298507462686
0.2,5628,81,164364,29.199502575945996
0.2,5629,81,164445,29.208703374777976
0.2,5630,35,164480,29.209731841591193
0.2,5631,-32,164448,29.198863636363637
0.2,5632,91,164539,29.20983490147346
0.2,5633,-141,164398,29.179623713170038
0.2,5634,59,164457,29.1849157054126
0.2,5635,93,164550,29.196238466997873
0.2,5636,-110,164440,29.171545148128438
0.2,5637,-162,164278,29.137637460092233
0.2,5638,-16,164262,29.12963291363717
0.2,5639,92,164354,29.140780141843972
0.2,5640,81,164435,29.14997340897004
0.2,5641,59,164494,29.155264090747963
0.2,5642,48,164542,29.158603579656212
0.2,5643,93,164635,29.16991495393338
0.2,5644,54,164689,29.174313551815768
0.2,5645,29,164718,29.174282678002125
0.2,5646,25,164743,29.173543474411193
0.2,5647,-86,164657,29.153151558073656
0.2,5648,66,164723,29.159674278633386
0.2,5649,93,164816,29.170973451327434
0.2,5650,37,164853,29.17235887453548
0.2,5651,-100,164753,29.149504600141544
0.2,5652,10,164763,29.146117105961437
0.2,5653,47,164810,29.149274849663954
0.2,5654,75,164885,29.15738284703802
0.2,5655,15,164900,29.154879773691654
0.2,5656,52,164952,29.158918154498853
0.2,5657,-29,164923,29.148639095086605
0.2,5658,71,164994,29.15603463509454
0.2,5659,41,165035,29.158127208480565
0.2,5660,86,165121,29.16816816816817
0.2,5661,82,165203,29.177499116919815
0.2,5662,-18,165185,29.169168285361117
0.2,5663,90,165275,29.179908192090394
0.2,5664,23,165298,29.178817299205647
0.2,5665,57,165355,29.18372749735263
0.2,5666,86,165441,29.193753308628903
0.2,5667,90,165531,29.204481298517997
0.2,5668,89,165620,29.215029105662374
0.2,5669,28,165648,29.214814814814815
0.2,5670,51,165699,29.218656321636395
0.2,5671,27,165726,29.218265162200282
0.2,5672,60,165786,29.22369116869381
0.2,5673,67,165853,29.23034896016919
0.2,5674,19,165872,29.228546255506608
0.2,5675,13,165885,29.22568710359408
0.2,5676,75,165960,29.233750220186717
0.2,5677,-87,165873,29.21327932370553
0.2,5678,29,165902,29.213241767916887
0.2,5679,0,165902,29.208098591549295
0.2,5680,-6,165896,29.20190107375462
0.2,5681,49,165945,29.205385427666315
0.2,5682,-175,165770,29.169452753827205
0.2,5683,90,165860,29.18015482054891
0.2,5684,0,165860,29.175021987686897
0.2,5685,-25,165835,29.165494196271545
0.2,5686,24,165859,29.164585897661333
0.2,5687,23,165882,29.16350210970464
0.2,5688,84,165966,29.17314114958692
0.2,5689,90,166056,29.18383128295255
0.2,5690,94,166150,29.195220523633807
0.2,5691,-132,166018,29.166900913562895
0.2,5692,13,166031,29.164061127700684
0.2,5693,82,166113,29.173340358271865
0.2,5694,62,166175,29.17910447761194
0.2,5695,22,166197,29.177844101123597
0.2,5696,-110,166087,29.153414077584692
0.2,5697,64,166151,29.15952965952966
0.2,5698,73,166224,29.16722231970521
0.2,5699,-142,166082,29.137192982456142
0.2,5700,91,166173,29.148044202771445
0.2,5701,84,166257,29.157663977551735
0.2,5702,78,166335,29.166228300894264
0.2,5703,35,166370,29.16725105189341
0.2,5704,8,166378,29.163540753724803
0.2,5705,-89,166289,29.142832106554504
0.2,5706,70,166359,29.149991238829507
0.2,5707,82,166441,29.15925017519271
0.2,5708,36,166477,29.160448414783676
0.2,5709,-1,166476,29.155166374781086
0.2,5710,84,166560,29.164769742601997
0.2,5711,80,166640,29.173669467787114
0.2,5712,-162,166478,29.140206546472957
0.2,5713,39,166517,29.14193209660483
0.2,5714,50,166567,29.145581802274716
0.2,5715,13,166580,29.142757172848146
0.2,5716,4,166584,29.138359279342314
0.2,5717,87,166671,29.14847848898216
0.2,5718,-29,166642,29.138310893512852
0.2,5719,81,166723,29.147377622377622
0.2,5720,81,166804,29.156441181611605
0.2,5721,24,166828,29.15554002097169
0.2,5722,67,166895,29.162152717106412
0.2,5723,93,166988,29.17330538085255
0.2,5724,-59,166929,29.157903930131006
0.2,5725,45,166974,29.1606706252183
0.2,5726,92,167066,29.17164309411559
0.2,5727,78,167144,29.18016759776536
0.2,5728,72,167216,29.187641822307558
0.2,5729,85,167301,29.19738219895288
0.2,5730,-28,167273,29.18740184958995
0.2,5731,92,167365,29.198360083740404
0.2,5732,-65,167300,29.18192918192918
0.2,5733,47,167347,29.18503662364841
0.2,5734,88,167435,29.195292066259807
0.2,5735,33,167468,29.195955369595538
0.2,5736,77,167545,29.204287955377374
0.2,5737,69,167614,29.2112234227954
0.2,5738,90,167704,29.221815647325318
0.2,5739,82,167786,29.231010452961673
0.2,5740,93,167879,29.24211809789235
0.2,5741,89,167968,29.252525252525253
0.2,5742,-34,167934,29.241511405188927
0.2,5743,11,167945,29.2383356545961
0.2,5744,50,167995,29.24194952132289
0.2,5745,71,168066,29.249216846501913
0.2,5746,22,168088,29.247955455020012
0.2,5747,84,168172,29.25748086290884
0.2,5748,42,168214,29.259697338667593
0.2,5749,-19,168195,29.251304347826085
0.2,5750,90,168285,29.26186750130412
0.2,5751,61,168346,29.267385257301807
0.2,5752,15,168361,29.264905266817312
0.2,5753,77,168438,29.27320125130344
0.2,5754,86,168524,29.283058210251955
0.2,5755,94,168618,29.294301598332176
0.2,5756,93,168711,29.305367378843147
0.2,5757,70,168781,29.312434873219868
0.2,5758,-3,168778,29.306824101406495
0.2,5759,92,168870,29.317708333333332
0.2,5760,61,168931,29.323207776427704
0.2,5761,57,168988,29.328011107254426
0.2,5762,92,169080,29.338885996876627
0.2,5763,85,169165,29.34854267869535
0.2,5764,77,169242,29.35680832610581
0.2,5765,-2,169240,29.351370100589662
0.2,5766,-31,169209,29.34090514999133
0.2,5767,76,169285,29.348994452149793
0.2,5768,58,169343,29.35396082509967
0.2,5769,51,169394,29.357712305025995
0.2,5770,94,169488,29.368913533183157
0.2,5771,-26,169462,29.35932085932086
0.2,5772,51,169513,29.363069461285292
0.2,5773,-90,169423,29.342396951853136
0.2,5774,85,169508,29.35203463203463
0.2,5775,-51,169457,29.338123268698062
0.2,5776,30,169487,29.33823783970919
0.2,5777,85,169572,29.3478712357217
0.2,5778,95,169667,29.35923170098633
0.2,5779,13,169680,29.356401384083046
0.2,5780,94,169774,29.367583463068673
0.2,5781,-108,169666,29.343825665859566
0.2,5782,80,169746,29.352585163409994
0.2,5783,61,169807,29.358056708160444
0.2,5784,83,169890,29.36732929991357
0.2,5785,-161,169729,29.334427929484963
0.2,5786,61,169790,29.339899775358564
0.2,5787,50,169840,29.343469246717348
0.2,5788,43,169883,29.34582829504232
0.2,5789,50,169933,29.349395509499136
0.2,5790,-54,169879,29.335002590226214
0.2,5791,6,169885,29.330973756906076
0.2,5792,58,169943,29.33592266528569
0.2,5793,88,170031,29.346047635484986
0.2,5794,31,170062,29.346333045729075
0.2,5795,89,170151,29.356625258799173
0.2,5796,44,170195,29.35915128514749
0.2,5797,75,170270,29.36702311141773
0.2,5798,-316,169954,29.307466804621487
0.2,5799,56,170010,29.31206896551724
0.2,5800,0,170010,29.307016031718668
0.2,5801,-23,169987,29.298000689417442
0.2,5802,-34,169953,29.287092882991555
0.2,5803,92,170045,29.29789800137836
0.2,5804,68,170113,29.304565030146424
0.2,5805,-10,170103,29.29779538408543
0.2,5806,-79,170024,29.279145858446704
0.2,5807,68,170092,29.28581267217631
0.2,5808,83,170175,29.29505939060079
0.2,5809,24,170199,29.294148020654045
0.2,5810,11,170210,29.29099982791258
0.2,5811,-60,170150,29.27563661390227
0.2,5812,-45,170105,29.26285910889386
0.2,5813,22,170127,29.261609907120743
0.2,5814,92,170219,29.272398968185726
0.2,5815,81,170300,29.281292984869324
0.2,5816,18,170318,29.279353618703798
0.2,5817,80,170398,29.288071502234445
0.2,5818,90,170488,29.298504897748753
0.2,5819,46,170534,29.301374570446736
0.2,5820,27,170561,29.30097921319361
0.2,5821,6,170567,29.296976983854346
0.2,5822,31,170598,29.297269448737765
0.2,5823,62,170660,29.302884615384617
0.2,5824,23,170683,29.301802575107295
0.2,5825,0,170683,29.296773086165466
0.2,5826,41,170724,29.298781534237172
0.2,5827,53,170777,29.302848318462594
0.2,5828,67,170844,29.309315491507977
0.2,5829,-42,170802,29.297084048027443
0.2,5830,60,170862,29.302349511233064
0.2,5831,29,170891,29.30229766803841
0.2,5832,69,170960,29.30910337733585
0.2,5833,-47,170913,29.29602331162153
0.2,5834,-56,170857,29.28140531276778
0.2,5835,84,170941,29.2907813570939
0.2,5836,-127,170814,29.26400548226829
0.2,5837,86,170900,29.273723878040425
0.2,5838,-176,170724,29.23856824798767
0.2,5839,26,170750,29.238013698630137
0.2,5840,70,170820,29.244992295839754
0.2,5841,64,170884,29.250941458404657
0.2,5842,77,170961,29.259113469108335
0.2,5843,-23,170938,29.250171115674195
0.2,5844,87,171025,29.26005132591959
0.2,5845,31,171056,29.26034895655149
0.2,5846,93,171149,29.271250213784846
0.2,5847,-87,171062,29.25136798905609
0.2,5848,-62,171000,29.235766797743203
0.2,5849,93,171093,29.246666666666666
0.2,5850,53,171146,29.250726371560418
0.2,5851,27,171173,29.25034176349966
0.2,5852,-180,170993,29.21459080813258
0.2,5853,-24,170969,29.205500512470106
0.2,5854,-239,170730,29.159692570452606
0.2,5855,-46,170684,29.14685792349727
0.2,5856,16,170700,29.144613283250813
0.2,5857,70,170770,29.15158757255036
0.2,5858,88,170858,29.16163167776071
0.2,5859,47,170905,29.164675767918087
0.2,5860,78,170983,29.173008019109368
0.2,5861,23,171006,29.17195496417605
0.2,5862,71,171077,29.179089203479446
0.2,5863,75,171152,29.186903137789905
0.2,5864,69,171221,29.19369138959932
0.2,5865,-69,171152,29.17695192635527
0.2,5866,70,171222,29.183910005113347
0.2,5867,81,171303,29.19274028629857
0.2,5868,74,171377,29.20037485091157
0.2,5869,48,171425,29.203577512776832
0.2,5870,-51,171374,29.189916538920116
0.2,5871,56,171430,29.194482288828336
0.2,5872,50,171480,29.198024859526647
0.2,5873,-27,171453,29.188457609805923
0.2,5874,76,171529,29.196425531914894
0.2,5875,-98,171431,29.174778761061948
0.2,5876,37,171468,29.176110260336905
0.2,5877,-147,171321,29.146138142225247
0.2,5878,13,171334,29.143391733287974
0.2,5879,38,171372,29.144897959183673
0.2,5880,76,171448,29.152865158986568
0.2,5881,28,171476,29.15266916014961
0.2,5882,79,171555,29.16114227434982
0.2,5883,94,171649,29.172161794697484
0.2,5884,90,171739,29.18249787595582
0.2,5885,-449,171290,29.101257220523276
0.2,5886,-5,171285,29.095464582979446
0.2,5887,89,171374,29.105638586956523
0.2,5888,69,171443,29.112412973340124
0.2,5889,84,171527,29.121731748726656
0.2,5890,-62,171465,29.10626379222543
0.2,5891,54,171519,29.11048879837067
0.2,5892,67,171586,29.116918377736297
0.2,5893,75,171661,29.124703087885987
0.2,5894,70,171731,29.131636980491944
0.2,5895,-47,171684,29.118724559023068
0.2,5896,58,171742,29.123622180769882
0.2,5897,-37,171705,29.112410986775178
0.2,5898,81,171786,29.121206984234615
0.2,5899,43,171829,29.1235593220339
0.2,5900,81,171910,29.132350449076426
0.2,5901,83,171993,29.14147746526601
0.2,5902,-19,171974,29.13332203964086
0.2,5903,56,172030,29.13787262872629
0.2,5904,-21,172009,29.129381879762914
0.2,5905,89,172098,29.139519133085
0.2,5906,87,172185,29.14931437277806
0.2,5907,74,172259,29.156905890318214
0.2,5908,-102,172157,29.134709764765613
0.2,5909,-124,172033,29.108798646362096
0.2,5910,74,172107,29.11639316528506
0.2,5911,-74,172033,29.098951285520975
0.2,5912,-30,172003,29.08895653644512
0.2,5913,55,172058,29.093337842407845
0.2,5914,-62,171996,29.077937447168217
0.2,5915,2,171998,29.073360378634213
0.2,5916,94,172092,29.08433327699848
0.2,5917,-10,172082,29.077728962487328
0.2,5918,16,172098,29.075519513431324
0.2,5919,91,172189,29.08597972972973
0.2,5920,93,172282,29.096774193548388
0.2,5921,85,172367,29.106214116852414
0.2,5922,81,172448,29.114975519162588
0.2,5923,-2,172446,29.10972316002701
0.2,5924,28,172474,29.109535864978902
0.2,5925,89,172563,29.11964225447182
0.2,5926,90,172653,29.129913953096
0.2,5927,19,172672,29.128205128205128
0.2,5928,67,172739,29.134592680047227
0.2,5929,89,172828,29.14468802698145
0.2,5930,72,172900,29.15191367391671
0.2,5931,92,172992,29.162508428860416
0.2,5932,62,173054,29.16804314849149
0.2,5933,87,173141,29.17778901247051
0.2,5934,24,173165,29.17691659646167
0.2,5935,67,173232,29.183288409703504
0.2,5936,-144,173088,29.15411824153613
0.2,5937,59,173147,29.15914449309532
0.2,5938,0,173147,29.15423471964977
0.2,5939,-28,173119,29.144612794612794
0.2,5940,-20,173099,29.136340683386635
0.2,5941,7,173106,29.13261528105015
0.2,5942,92,173198,29.14319367322901
0.2,5943,26,173224,29.142664872139974
0.2,5944,-78,173146,29.124642556770397
0.2,5945,80,173226,29.133198789101918
0.2,5946,43,173269,29.135530519589707
0.2,5947,58,173327,29.140383322125086
0.2,5948,22,173349,29.139183055975796
0.2,5949,90,173439,29.14941176470588
0.2,5950,91,173530,29.15980507477735
0.2,5951,19,173549,29.158098118279568
0.2,5952,60,173609,29.163279018982024
0.2,5953,33,173642,29.16392341283171
0.2,5954,85,173727,29.173299748110832
0.2,5955,48,173775,29.176460711887174
0.2,5956,84,173859,29.18566392479436
0.2,5957,18,173877,29.183786505538773
0.2,5958,39,173916,29.18543379761705
0.2,5959,85,174001,29.19479865771812
0.2,5960,90,174091,29.204999161214563
0.2,5961,59,174150,29.209996645421
0.2,5962,-16,174134,29.20241489183297
0.2,5963,-11,174123,29.195674044265594
0.2,5964,85,174208,29.205029337803857
0.2,5965,-6,174202,29.19912839423399
0.2,5966,81,174283,29.207809619574327
0.2,5967,94,174377,29.218666219839143
0.2,5968,9,174386,29.215278941196182
0.2,5969,77,174463,29.223283082077053
0.2,5970,93,174556,29.233964160107185
0.2,5971,78,174634,29.242129939718687
0.2,5972,-31,174603,29.23204419889503
0.2,5973,94,174697,29.24288583863408
0.2,5974,43,174740,29.24518828451883
0.2,5975,56,174796,29.24966532797858
0.2,5976,20,174816,29.248117784841895
0.2,5977,-45,174771,29.23569755771161
0.2,5978,68,174839,29.24218096671684
0.2,5979,72,174911,29.24933110367893
0.2,5980,86,174997,29.258819595385386
0.2,5981,-163,174834,29.22668004012036
0.2,5982,8,174842,29.223132207922447
0.2,5983,79,174921,29.231450534759357
0.2,5984,93,175014,29.242105263157896
0.2,5985,90,175104,29.25225526227865
0.2,5986,68,175172,29.258727242358443
0.2,5987,43,175215,29.261022044088175
0.2,5988,73,175288,29.268325262982135
0.2,5989,-70,175218,29.251752921535893
0.2,5990,36,175254,29.25287931897847
0.2,5991,-390,174864,29.182910547396528
0.2,5992,67,174931,29.189220757550476
0.2,5993,69,175000,29.195862529195864
0.2,5994,51,175051,29.199499582985823
0.2,5995,71,175122,29.20647098065377
0.2,5996,81,175203,29.21510755377689
0.2,5997,92,175295,29.225575191730577
0.2,5998,86,175381,29.23503917319553
0.2,5999,16,175397,29.232833333333332
0.2,6000,5,175402,29.228795200799865
0.2,6001,89,175491,29.238753748750415
0.2,6002,80,175571,29.247209728469098
0.2,6003,88,175659,29.256995336442372
0.2,6004,-102,175557,29.235137385512072
0.2,6005,58,175615,29.23992673992674
0.2,6006,88,175703,29.249708673214585
0.2,6007,68,175771,29.25615845539281
0.2,6008,90,175861,29.266267265768015
0.2,6009,-109,175752,29.2432612312812
0.2,6010,85,175837,29.252537015471635
0.2,6011,-44,175793,29.24035262807718
0.2,6012,89,175882,29.250291036088473
0.2,6013,78,175960,29.25839707349518
0.2,6014,9,175969,29.25502909393184
0.2,6015,-19,175950,29.247007978723403
0.2,6016,14,175964,29.244473990360646
0.2,6017,73,176037,29.25174476570289
0.2,6018,71,176108,29.258680843994018
0.2,6019,88,176196,29.26843853820598
0.2,6020,88,176284,29.278192991197475
0.2,6021,53,176337,29.282132181999337
0.2,6022,86,176423,29.29154906192927
0.2,6023,50,176473,29.294986719787516
0.2,6024,48,176521,29.298091286307052
0.2,6025,90,176611,29.308164619980086
0.2,6026,-211,176400,29.26829268292683
0.2,6027,54,176454,29.272395487723955
0.2,6028,54,176508,29.27649693149776
0.2,6029,21,176529,29.275124378109453
0.2,6030,87,176616,29.284695738683467
0.2,6031,57,176673,29.28929045092838
0.2,6032,62,176735,29.294712415050554
0.2,6033,-2,176733,29.289526019224397
0.2,6034,41,176774,29.291466445733224
0.2,6035,93,176867,29.302021206096754
0.2,6036,36,176903,29.303130694053337
0.2,6037,65,176968,29.30904272938059
0.2,6038,0,176968,29.304189435336976
0.2,6039,-6,176962,29.298344370860928
0.2,6040,34,176996,29.29912266181096
0.2,6041,93,177089,29.309665673618007
0.2,6042,64,177153,29.315406255171272
0.2,6043,85,177238,29.324619457313037
0.2,6044,-11,177227,29.317948717948717
0.2,6045,3,177230,29.31359576579557
0.2,6046,66,177296,29.31966264263271
0.2,6047,-14,177282,29.3125
0.2,6048,-86,177196,29.29343693172425
0.2,6049,6,177202,29.289586776859505
0.2,6050,40,177242,29.29135680052884
0.2,6051,82,177324,29.30006609385327
0.2,6052,79,177403,29.308276887493804
0.2,6053,32,177435,29.308721506442023
0.2,6054,-48,177387,29.295953757225433
0.2,6055,17,177404,29.293923381770146
0.2,6056,61,177465,29.29915799900941
0.2,6057,93,177558,29.309673159458566
0.2,6058,77,177635,29.317544149199538
0.2,6059,94,177729,29.32821782178218
0.2,6060,91,177820,29.338393004454712
0.2,6061,-121,177699,29.313592873639063
0.2,6062,72,177771,29.320633349826817
0.2,6063,-10,177761,29.31414907651715
0.2,6064,16,177777,29.311953833470735
0.2,6065,-11,177766,29.305308275634687
0.2,6066,46,177812,29.308059996703477
0.2,6067,77,177889,29.3159195781147
0.2,6068,18,177907,29.314055033778217
0.2,6069,92,177999,29.324382207578253
0.2,6070,30,178029,29.324493493658377
0.2,6071,-49,177980,29.31159420289855
0.2,6072,93,178073,29.322081343652233
0.2,6073,89,178162,29.331906486664472
0.2,6074,93,178255,29.34238683127572
0.2,6075,-120,178135,29.317807768268597
0.2,6076,65,178200,29.323679447095607
0.2,6077,56,178256,29.328068443566963
0.2,6078,85,178341,29.33722651751933
0.2,6079,81,178422,29.345723684210526
0.2,6080,-5,178417,29.34007564545305
0.2,6081,42,178459,29.342157185136468
0.2,6082,94,178553,29.35278645405228
0.2,6083,85,178638,29.361932938856015
0.2,6084,33,178671,29.36253081347576
0.2,6085,31,178702,29.362799868550773
0.2,6086,-75,178627,29.345654673895186
0.2,6087,94,178721,29.356274638633376
0.2,6088,75,178796,29.36377073411069
0.2,6089,-332,178464,29.304433497536944
0.2,6090,88,178552,29.314069939254637
0.2,6091,50,178602,29.31746552856205
0.2,6092,72,178674,29.324470704086657
0.2,6093,-130,178544,29.29832622251395
0.2,6094,-18,178526,29.29056603773585
0.2,6095,-28,178498,29.281167979002625
0.2,6096,43,178541,29.28341807446285
0.2,6097,90,178631,29.293374877008855
0.2,6098,57,178688,29.297917691424825
0.2,6099,89,178777,29.307704918032787
0.2,6100,65,178842,29.31355515489264
0.2,6101,-9,178833,29.307276302851523
0.2,6102,31,178864,29.307553662133376
0.2,6103,67,178931,29.31372870249017
0.2,6104,94,179025,29.324324324324323
0.2,6105,57,179082,29.32885686210285
0.2,6106,92,179174,29.33911904372032
0.2,6107,94,179268,29.349705304518665
0.2,6108,-190,179078,29.31379931248977
0.2,6109,-9,179069,29.307528641571196
0.2,6110,76,179145,29.315169366715757
0.2,6111,-74,179071,29.298265706806284
0.2,6112,67,179138,29.304433175200394
0.2,6113,74,179212,29.31174353941773
0.2,6114,-71,179141,29.29533932951758
0.2,6115,88,179229,29.304937867887507
0.2,6116,82,179311,29.31355239496485
0.2,6117,60,179371,29.318568159529256
0.2,6118,-9,179362,29.312305932341886
0.2,6119,88,179450,29.3218954248366
0.2,6120,79,179529,29.330011436039864
0.2,6121,85,179614,29.3391048676903
0.2,6122,56,179670,29.343459088682017
0.2,6123,49,179719,29.346668843892882
0.2,6124,59,179778,29.35151020408163
0.2,6125,94,179872,29.362063336598105
0.2,6126,85,179957,29.371144116206953
0.2,6127,39,179996,29.37271540469974
0.2,6128,89,180085,29.382444118126937
0.2,6129,93,180178,29.392822185970637
0.2,6130,90,180268,29.402707551786005
0.2,6131,49,180317,29.405903457273322
0.2,6132,-168,180149,29.37371596282407
0.2,6133,-2,180147,29.368601238995762
0.2,6134,14,180161,29.366096169519153
0.2,6135,25,180186,29.365384615384617
0.2,6136,-17,180169,29.357829558416164
0.2,6137,83,180252,29.366568914956012
0.2,6138,88,180340,29.376119889232776
0.2,6139,67,180407,29.382247557003257
0.2,6140,-16,180391,29.374857515062693
0.2,6141,79,180470,29.38293715402149
0.2,6142,83,180553,29.39166531010907
0.2,6143,89,180642,29.4013671875
0.2,6144,94,180736,29.41187957689178
0.2,6145,89,180825,29.421575008135374
0.2,6146,90,180915,29.431429965836994
0.2,6147,-61,180854,29.416720884840597
0.2,6148,94,180948,29.427223938851846
0.2,6149,54,181002,29.43121951219512
0.2,6150,42,181044,29.433262884083888
0.2,6151,85,181129,29.442295188556567
0.2,6152,-164,180965,29.410856492767756
0.2,6153,35,181000,29.41176470588235
0.2,6154,85,181085,29.420796100731113
0.2,6155,-11,181074,29.41423001949318
0.2,6156,85,181159,29.42325808023388
0.2,6157,62,181221,29.428548229944788
0.2,6158,79,181300,29.43659685013801
0.2,6159,-129,181171,29.410876623376623
0.2,6160,5,181176,29.406914461937998
0.2,6161,73,181249,29.413988964621876
0.2,6162,-108,181141,29.391692357618044
0.2,6163,94,181235,29.402173913043477
0.2,6164,90,181325,29.412003244120033
0.2,6165,93,181418,29.42231592604606
0.2,6166,-205,181213,29.384303551159398
0.2,6167,80,181293,29.39250972762646
0.2,6168,76,181369,29.400064840330685
0.2,6169,32,181401,29.400486223662885
0.2,6170,31,181432,29.400745422135795
0.2,6171,67,181499,29.406837329876865
0.2,6172,93,181592,29.417139154381985
0.2,6173,91,181683,29.427113702623906
0.2,6174,48,181731,29.43012145748988
0.2,6175,-30,181701,29.420498704663213
0.2,6176,66,181767,29.426420592520643
0.2,6177,89,181856,29.436063450955
0.2,6178,-20,181836,29.428062793332256
0.2,6179,-283,181553,29.377508090614885
0.2,6180,19,181572,29.3758291538586
0.2,6181,-39,181533,29.364768683274022
0.2,6182,82,181615,29.373281578521752
0.2,6183,-158,181457,29.34298188874515
0.2,6184,82,181539,29.351495553759094
0.2,6185,72,181611,29.358389912706112
0.2,6186,-36,181575,29.347826086956523
0.2,6187,66,181641,29.353749191984488
0.2,6188,57,181698,29.35821619001454
0.2,6189,81,181779,29.366558966074315
0.2,6190,37,181816,29.367791956065258
0.2,6191,87,181903,29.377099483204134
0.2,6192,75,181978,29.384466332956563
0.2,6193,-73,181905,29.367936712948016
0.2,6194,50,181955,29.37126715092817
0.2,6195,-58,181897,29.357165913492576
0.2,6196,80,181977,29.36533806680652
0.2,6197,66,182043,29.371248789932235
0.2,6198,88,182131,29.380706565575093
0.2,6199,91,182222,29.390645161290323
0.2,6200,-50,182172,29.377842283502662
0.2,6201,48,182220,29.380844888745568
0.2,6202,52,182272,29.38449137514106
0.2,6203,1,182273,29.37991618310767
0.2,6204,-127,182146,29.35471394037067
0.2,6205,3,182149,29.350467289719628
0.2,6206,-108,182041,29.328338972128243
0.2,6207,34,182075,29.32909149484536
0.2,6208,16,182091,29.326944757609922
0.2,6209,44,182135,29.329307568438004
0.2,6210,82,182217,29.33778779584608
0.2,6211,2,182219,29.333386992916935
0.2,6212,26,182245,29.33285047481088
0.2,6213,82,182327,29.341326037978757
0.2,6214,27,182354,29.340949316170555
0.2,6215,72,182426,29.3478120978121
0.2,6216,27,182453,29.34743445391668
0.2,6217,94,182547,29.35783210035381
0.2,6218,79,182626,29.365814439620518
0.2,6219,-87,182539,29.34710610932476
0.2,6220,85,182624,29.3560520816589
0.2,6221,81,182705,29.364352298296367
0.2,6222,39,182744,29.365900690985054
0.2,6223,-364,182380,29.302699228791774
0.2,6224,92,182472,29.31277108433735
0.2,6225,-17,182455,29.305332476710568
0.2,6226,88,182543,29.314758310582945
0.2,6227,88,182631,29.32418111753372
0.2,6228,-16,182615,29.31690480012843
0.2,6229,92,182707,29.32696629213483
0.2,6230,88,182795,29.336382603113464
0.2,6231,90,182885,29.346116816431323
0.2,6232,19,182904,29.344456922830098
0.2,6233,5,182909,29.34055181264036
0.2,6234,22,182931,29.339374498797113
0.2,6235,24,182955,29.338518280949327
0.2,6236,91,183046,29.348404681738014
0.2,6237,75,183121,29.355722988137224
0.2,6238,77,183198,29.363359512742427
0.2,6239,65,183263,29.369070512820514
0.2,6240,-98,183165,29.348662073385675
0.2,6241,24,183189,29.347805190644024
0.2,6242,0,183189,29.343104276790005
0.2,6243,81,183270,29.35137732222934
0.2,6244,88,183358,29.360768614891914
0.2,6245,30,183388,29.360870957412743
0.2,6246,70,183458,29.36737634064351
0.2,6247,6,183464,29.363636363636363
0.2,6248,90,183554,29.373339734357497
0.2,6249,-194,183360,29.3376
0.2,6250,89,183449,29.347144456886898
0.2,6251,94,183543,29.357485604606527
0.2,6252,53,183596,29.361266592035822
0.2,6253,-67,183529,29.345858650463704
0.2,6254,38,183567,29.347242206235013
0.2,6255,85,183652,29.35613810741688
0.2,6256,94,183746,29.36646955409941
0.2,6257,67,183813,29.37248322147651
0.2,6258,90,183903,29.38216967566704
0.2,6259,88,183991,29.391533546325878
0.2,6260,75,184066,29.398818080178884
0.2,6261,91,184157,29.4086553816672
0.2,6262,93,184250,29.418808877534726
0.2,6263,86,184336,29.427841634738186
0.2,6264,84,184420,29.4365522745411
0.2,6265,55,184475,29.44063198212576
0.2,6266,88,184563,29.44997606510292
0.2,6267,-161,184402,29.41959157626037
0.2,6268,1,184403,29.415058223002074
0.2,6269,-58,184345,29.401116427432218
0.2,6270,-82,184263,29.383351937490033
0.2,6271,42,184305,29.385363520408163
0.2,6272,67,184372,29.3913597959509
0.2,6273,76,184448,29.39878865157794
0.2,6274,79,184527,29.406693227091633
0.2,6275,91,184618,29.41650732950924
0.2,6276,79,184697,29.424406563645054
0.2,6277,91,184788,29.434214718063078
0.2,6278,90,184878,29.44386048733875
0.2,6279,-97,184781,29.423726114649682
0.2,6280,-53,184728,29.41060340710078
0.2,6281,84,184812,29.419293218720153
0.2,6282,55,184867,29.42336463472863
0.2,6283,27,184894,29.422978994271165
0.2,6284,-125,184769,29.39840891010342
0.2,6285,92,184861,29.40836780146357
0.2,6286,91,184952,29.418164466359155
0.2,6287,89,185041,29.427639949109416
0.2,6288,24,185065,29.426776912068693
0.2,6289,-21,185044,29.418759936406996
0.2,6290,7,185051,29.41519631219202
0.2,6291,73,185124,29.42212333121424
0.2,6292,47,185171,29.42491657397108
0.2,6293,89,185260,29.434381951064506
0.2,6294,-26,185234,29.425575853852262
0.2,6295,76,185310,29.432973316391358
0.2,6296,-40,185270,29.421946958869302
0.2,6297,49,185319,29.42505557319784
0.2,6298,-72,185247,29.408953802190823
0.2,6299,-63,185184,29.394285714285715
0.2,6300,29,185213,29.394223139184255
0.2,6301,55,185268,29.39828625833069
0.2,6302,4,185272,29.394256703157225
0.2,6303,-4,185268,29.388959390862944
0.2,6304,33,185301,29.389532117367168
0.2,6305,86,185387,29.398509356168727
0.2,6306,82,185469,29.406849532265735
0.2,6307,92,185561,29.416772352568167
0.2,6308,82,185643,29.425106990014264
0.2,6309,1,185644,29.420602218700477
0.2,6310,54,185698,29.42449691015687
0.2,6311,21,185719,29.423162230671736
0.2,6312,-10,185709,29.416917471883416
0.2,6313,88,185797,29.426195755464047
0.2,6314,-184,185613,29.392399049881234
0.2,6315,57,185670,29.396770107663077
0.2,6316,95,185765,29.40715529523508
0.2,6317,64,185829,29.412630579297247
0.2,6318,67,185896,29.418578889064726
0.2,6319,61,185957,29.423575949367088
0.2,6320,19,185976,29.421926910299003
0.2,6321,91,186067,29.43166719392597
0.2,6322,73,186140,29.4385576466867
0.2,6323,58,186198,29.443074003795065
0.2,6324,38,186236,29.444426877470356
0.2,6325,-41,186195,29.433291179260195
0.2,6326,-47,186148,29.421210684368578
0.2,6327,85,186233,29.429993678887485
0.2,6328,81,186314,29.438141886553957
0.2,6329,-8,186306,29.432227488151657
0.2,6330,87,186393,29.441320486495023
0.2,6331,25,186418,29.440619077700568
0.2,6332,22,186440,29.439444181272698
0.2,6333,-69,186371,29.423902747079254
0.2,6334,86,186457,29.432833464877664
0.2,6335,-113,186344,29.410353535353536
0.2,6336,11,186355,29.407448319394035
0.2,6337,49,186404,29.410539602398234
0.2,6338,94,186498,29.420728821580692
0.2,6339,4,186502,29.416719242902207
0.2,6340,74,186576,29.42375019712979
0.2,6341,85,186661,29.43251340271208
0.2,6342,77,186738,29.44001261232855
0.2,6343,33,186771,29.440573770491802
0.2,6344,35,186806,29.441449960598895
0.2,6345,26,186832,29.440907658367475
0.2,6346,-96,186736,29.421143847487002
0.2,6347,12,186748,29.41839949590422
0.2,6348,-33,186715,29.40856827846905
0.2,6349,54,186769,29.41244094488189
0.2,6350,84,186853,29.42103605731381
0.2,6351,74,186927,29.428054156171285
0.2,6352,38,186965,29.42940343144971
0.2,6353,73,187038,29.43626062322946
0.2,6354,-94,186944,29.416837136113298
0.2,6355,6,186950,29.413152926368785
0.2,6356,92,187042,29.422998269624035
0.2,6357,30,187072,29.42308902170494
0.2,6358,3,187075,29.418933794621797
0.2,6359,80,187155,29.42688679245283
0.2,6360,81,187236,29.434994497720485
0.2,6361,93,187329,29.444985853505187
0.2,6362,83,187412,29.453402483105453
0.2,6363,-21,187391,29.445474544311754
0.2,6364,87,187478,29.454516889238022
0.2,6365,34,187512,29.45523091423186
0.2,6366,-61,187451,29.44102403015549
0.2,6367,39,187490,29.44252512562814
0.2,6368,44,187534,29.444810802323754
0.2,6369,88,187622,29.454003139717425
0.2,6370,57,187679,29.45832679328206
0.2,6371,54,187733,29.46217827997489
0.2,6372,37,187770,29.463361054448455
0.2,6373,68,187838,29.469406965798555
0.2,6374,-20,187818,29.46164705882353
0.2,6375,18,187836,29.459849435382687
0.2,6376,74,187910,29.466833934451937
0.2,6377,-233,187677,29.425682031984948
0.2,6378,-22,187655,29.417620316664053
0.2,6379,42,187697,29.41959247648903
0.2,6380,50,187747,29.422817740166117
0.2,6381,-46,187701,29.410999686618617
0.2,6382,70,187771,29.417358608804637
0.2,6383,-128,187643,29.392700501253135
0.2,6384,-244,187399,29.349882537196553
0.2,6385,35,187434,29.350767303476353
0.2,6386,-17,187417,29.34351025520589
0.2,6387,88,187505,29.35269254852849
0.2,6388,93,187598,29.362654562529347
0.2,6389,59,187657,29.367292644757434
0.2,6390,84,187741,29.375841026443435
0.2,6391,78,187819,29.383448060075093
0.2,6392,-4,187815,29.378226184889723
0.2,6393,50,187865,29.38145136065061
0.2,6394,91,187956,29.391086786551995
0.2,6395,93,188049,29.401031894934334
0.2,6396,90,188139,29.41050492418321
0.2,6397,89,188228,29.419818693341668
0.2,6398,71,188299,29.42631661197062
0.2,6399,75,188374,29.4334375
0.2,6400,-70,188304,29.417903452585534
0.2,6401,78,188382,29.425492033739456
0.2,6402,0,188382,29.420896454786817
0.2,6403,12,188394,29.418176139912553
0.2,6404,50,188444,29.421389539422325
0.2,6405,-10,188434,29.415235716515767
0.2,6406,-92,188342,29.39628531293897
0.2,6407,21,188363,29.394975031210986
0.2,6408,69,188432,29.401154626306756
0.2,6409,-174,188258,29.369422776911076
0.2,6410,74,188332,29.376384339416628
0.2,6411,88,188420,29.38552713661884
0.2,6412,94,188514,29.395602682052083
0.2,6413,84,188598,29.404115996258184
0.2,6414,-32,188566,29.394544037412317
0.2,6415,88,188654,29.403678304239403
0.2,6416,82,188736,29.411874707807385
0.2,6417,41,188777,29.41368027422873
0.2,6418,8,188785,29.41034429038791
0.2,6419,-205,188580,29.373831775700936
0.2,6420,92,188672,29.383585111353373
0.2,6421,59,188731,29.388196823419495
0.2,6422,13,188744,29.385645337069906
0.2,6423,88,188832,29.394769613947695
0.2,6424,24,188856,29.393929961089494
0.2,6425,22,188878,29.392779333955804
0.2,6426,79,188957,29.400497899486542
0.2,6427,82,189039,29.408680771624145
0.2,6428,68,189107,29.41468346554674
0.2,6429,61,189168,29.41959564541213
0.2,6430,78,189246,29.42714974343026
0.2,6431,-20,189226,29.419465174129353
0.2,6432,69,189295,29.42561790766361
0.2,6433,-344,188951,29.367578489275722
0.2,6434,54,189005,29.371406371406373
0.2,6435,85,189090,29.380049720323182
0.2,6436,-68,189022,29.364921547304647
0.2,6437,89,189111,29.374184529356942
0.2,6438,90,189201,29.383599937878554
0.2,6439,65,189266,29.389130434782608
0.2,6440,78,189344,29.396677534544324
0.2,6441,72,189416,29.403290903446134
0.2,6442,-14,189402,29.396554400124167
0.2,6443,47,189449,29.399286157666047
0.2,6444,-69,189380,29.38401861908456
0.2,6445,-19,189361,29.376512565932362
0.2,6446,10,189371,29.373507057546146
0.2,6447,74,189445,29.380428039702235
0.2,6448,88,189533,29.38951775469065
0.2,6449,53,189586,29.393178294573644
0.2,6450,90,189676,29.402573244458225
0.2,6451,80,189756,29.410415375077495
0.2,6452,38,189794,29.411746474507982
0.2,6453,84,189878,29.420204524326
0.2,6454,81,189959,29.4281951975213
0.2,6455,85,190044,29.436802973977695
0.2,6456,34,190078,29.437509679417687
0.2,6457,2,190080,29.433261071539174
0.2,6458,89,190169,29.442483356556743
0.2,6459,56,190225,29.44659442724458
0.2,6460,90,190315,29.455966568642626
0.2,6461,75,190390,29.463014546580006
0.2,6462,-7,190383,29.457372737118984
0.2,6463,23,190406,29.456373762376238
0.2,6464,82,190488,29.46450116009281
0.2,6465,81,190569,29.47247138880297
0.2,6466,79,190648,29.480129890211845
0.2,6467,77,190725,29.48747680890538
0.2,6468,16,190741,29.48539186891328
0.2,6469,54,190795,29.48918083462133
0.2,6470,65,190860,29.494668521094113
0.2,6471,94,190954,29.504635352286773
0.2,6472,85,191039,29.513208713116022
0.2,6473,30,191069,29.51328390485017
0.2,6474,-9,191060,29.507335907335907
0.2,6475,86,191146,29.51605929586164
0.2,6476,-4,191142,29.51088466882816
0.2,6477,85,191227,29.519450447669033
0.2,6478,-47,191180,29.507640067911716
0.2,6479,87,191267,29.51651234567901
0.2,6480,79,191346,29.5241475081006
0.2,6481,94,191440,29.53409441530392
0.2,6482,90,191530,29.543421255591547
0.2,6483,-55,191475,29.53038247995065
0.2,6484,84,191559,29.538781804163452
0.2,6485,91,191650,29.548257786000615
0.2,6486,-13,191637,29.541698782179743
0.2,6487,-327,191310,29.486744759556103
0.2,6488,70,191380,29.492988133764833
0.2,6489,27,191407,29.49260400616333
0.2,6490,93,191500,29.502387921737792
0.2,6491,84,191584,29.51078250154036
0.2,6492,61,191645,29.515632219313105
0.2,6493,39,191684,29.517092700954727
0.2,6494,82,191766,29.52517321016166
0.2,6495,86,191852,29.533866995073893
0.2,6496,23,191875,29.532861320609513
0.2,6497,-165,191710,29.502923976608187
0.2,6498,-7,191703,29.497307278042776
0.2,6499,65,191768,29.502769230769232
0.2,6500,61,191829,29.507614213197968
0.2,6501,71,191900,29.51399569363273
0.2,6502,-53,191847,29.50130708903583
0.2,6503,25,191872,29.50061500615006
0.2,6504,90,191962,29.509915449654113
0.2,6505,92,192054,29.519520442668306
0.2,6506,75,192129,29.52650991240203
0.2,6507,77,192206,29.53380454824831
0.2,6508,-90,192116,29.515440159778766
0.2,6509,84,192200,29.523809523809526
0.2,6510,80,192280,29.531561972047303
0.2,6511,78,192358,29.539004914004913
0.2,6512,18,192376,29.53723322585598
0.2,6513,92,192468,29.546822229045134
0.2,6514,82,192550,29.55487336914812
0.2,6515,85,192635,29.563382443216696
0.2,6516,80,192715,29.571121681755407
0.2,6517,56,192771,29.57517643448911
0.2,6518,82,192853,29.58321828501304
0.2,6519,80,192933,29.590950920245398
0.2,6520,-21,192912,29.58319276184634
0.2,6521,93,193005,29.592916283348664
0.2,6522,0,193005,29.588379579947876
0.2,6523,18,193023,29.586603310852237
0.2,6524,82,193105,29.59463601532567
0.2,6525,67,193172,29.60036775973031
0.2,6526,87,193259,29.609161942699554
0.2,6527,24,193283,29.608302696078432
0.2,6528,42,193325,29.61020064328381
0.2,6529,89,193414,29.61929555895865
0.2,6530,91,193505,29.628693921298424
0.2,6531,79,193584,29.636252296387017
0.2,6532,89,193673,29.645339047910607
0.2,6533,-127,193546,29.62136516681971
0.2,6534,91,193637,29.630757459831674
0.2,6535,83,193720,29.63892288861689
0.2,6536,88,193808,29.64785069603794
0.2,6537,89,193897,29.656928724380546
0.2,6538,67,193964,29.662639547331395
0.2,6539,-14,193950,29.655963302752294
0.2,6540,25,193975,29.655251490597767
0.2,6541,76,194051,29.662335677162947
0.2,6542,91,194142,29.671710224667585
0.2,6543,63,194205,29.676803178484107
0.2,6544,74,194279,29.68357524828113
0.2,6545,81,194360,29.691414604338526
0.2,6546,-179,194181,29.65953872002444
0.2,6547,77,194258,29.666768478924862
0.2,6548,22,194280,29.665597801191023
0.2,6549,94,194374,29.675419847328243
0.2,6550,53,194427,29.67898030834987
0.2,6551,91,194518,29.688339438339437
0.2,6552,75,194593,29.6952540820998
0.2,6553,80,194673,29.70292950869698
0.2,6554,-256,194417,29.659344012204425
0.2,6555,-147,194270,29.632397803538744
0.2,6556,17,194287,29.630471252096996
0.2,6557,7,194294,29.62702043305886
0.2,6558,56,194350,29.631041317273976
0.2,6559,-25,194325,29.622713414634145
0.2,6560,55,194380,29.62658131382411
0.2,6561,-133,194247,29.601798232246267
0.2,6562,71,194318,29.60810604906293
0.2,6563,-33,194285,29.59856794637416
0.2,6564,-31,194254,29.58933739527799
0.2,6565,-49,194205,29.57736826073713
0.2,6566,92,194297,29.58687376275316
0.2,6567,-106,194191,29.566230207064557
0.2,6568,-111,194080,29.544831785659916
0.2,6569,86,194166,29.553424657534247
0.2,6570,66,194232,29.558971237254603
0.2,6571,86,194318,29.567559342665856
0.2,6572,91,194409,29.576905522592423
0.2,6573,94,194503,29.58670520231214
0.2,6574,-44,194459,29.575513307984792
0.2,6575,94,194553,29.5853102189781
0.2,6576,85,194638,29.59373574578075
0.2,6577,83,194721,29.601854667072057
0.2,6578,87,194808,29.610579115367077
0.2,6579,3,194811,29.606534954407294
0.2,6580,77,194888,29.613736514207567
0.2,6581,88,194976,29.62260711030082
0.2,6582,23,194999,29.621601093726266
0.2,6583,-5,194994,29.616342648845688
0.2,6584,36,195030,29.61731207289294
0.2,6585,46,195076,29.619799574855755
0.2,6586,81,195157,29.627599817822986
0.2,6587,79,195236,29.635094110503946
0.2,6588,-2,195234,29.63029291242981
0.2,6589,-3,195231,29.625341426403644
0.2,6590,-83,195148,29.608253679259597
0.2,6591,-26,195122,29.599817961165048
0.2,6592,91,195213,29.60913089640528
0.2,6593,52,195265,29.612526539278132
0.2,6594,83,195348,29.62062168309325
0.2,6595,83,195431,29.628714372346877
0.2,6596,82,195513,29.636653024101864
0.2,6597,89,195602,29.645650197029404
0.2,6598,58,195660,29.64994696166086
0.2,6599,57,195717,29.654090909090908
0.2,6600,90,195807,29.66323284350856
0.2,6601,87,195894,29.671917600727053
0.2,6602,-22,195872,29.664092079357868
0.2,6603,94,195966,29.673834039975773
0.2,6604,48,196014,29.67660862982589
0.2,6605,-14,196000,29.66999697244929
0.2,6606,69,196069,29.67594975026487
0.2,6607,18,196087,29.674182808716708
0.2,6608,-31,196056,29.66500226963232
0.2,6609,-215,195841,29.627987897125568
0.2,6610,84,195925,29.6362123733172
0.2,6611,24,195949,29.635359951603146
0.2,6612,11,195960,29.632541962800545
0.2,6613,-86,195874,29.61505896583006
0.2,6614,-28,195846,29.606349206349208
0.2,6615,-4,195842,29.601269649334945
0.2,6616,10,195852,29.598307390055915
0.2,6617,73,195925,29.604865518283468
0.2,6618,87,196012,29.613536788034445
0.2,6619,80,196092,29.621148036253775
0.2,6620,68,196160,29.626944570306602
0.2,6621,42,196202,29.628813047417697
0.2,6622,90,196292,29.63792843122452
0.2,6623,19,196311,29.636322463768117
0.2,6624,-22,196289,29.628528301886792
0.2,6625,-18,196271,29.621340175067914
0.2,6626,72,196343,29.627735023389164
0.2,6627,75,196418,29.634580567290282
0.2,6628,-42,196376,29.623774324935887
0.2,6629,-82,196294,29.606938159879338
0.2,6630,16,196310,29.604886140853566
0.2,6631,35,196345,29.605699638118214
0.2,6632,80,196425,29.613297150610585
0.2,6633,15,196440,29.611094362375642
0.2,6634,92,196532,29.620497362471742
0.2,6635,91,196623,29.629746835443036
0.2,6636,58,196681,29.634021395208677
0.2,6637,-43,196638,29.623079240735162
0.2,6638,-23,196615,29.615152884470554
0.2,6639,14,196629,29.612801204819277
0.2,6640,15,196644,29.610600813130553
0.2,6641,5,196649,29.60689551339958
0.2,6642,62,196711,29.611771789853982
0.2,6643,26,196737,29.611228175797713
0.2,6644,51,196788,29.614446952595937
0.2,6645,10,196798,29.611495636473066
0.2,6646,-12,196786,29.605235444561455
0.2,6647,55,196841,29.609055354993984
0.2,6648,93,196934,29.61858926154309
0.2,6649,-214,196720,29.581954887218046
0.2,6650,67,196787,29.58758081491505
0.2,6651,80,196867,29.595159350571258
0.2,6652,82,196949,29.603036224259732
0.2,6653,-43,196906,29.592125037571385
0.2,6654,91,196997,29.601352366641624
0.2,6655,16,197013,29.59930889423077
0.2,6656,67,197080,29.604927144359323
0.2,6657,63,197143,29.609942925803544
0.2,6658,67,197210,29.61555789157531
0.2,6659,87,197297,29.624174174174176
0.2,6660,93,197390,29.63368863534004
0.2,6661,93,197483,29.643200240168117
0.2,6662,82,197565,29.65105808194507
0.2,6663,14,197579,29.648709483793517
0.2,6664,-28,197551,29.64006001500375
0.2,6665,-62,197489,29.626312631263126
0.2,6666,89,197578,29.635218239088047
0.2,6667,74,197652,29.641871625674867
0.2,6668,66,197718,29.64732343679712
0.2,6669,-130,197588,29.623388305847076
0.2,6670,24,197612,29.62254534552541
0.2,6671,88,197700,29.631294964028775
0.2,6672,78,197778,29.638543383785404
0.2,6673,-30,197748,29.629607431824994
0.2,6674,89,197837,29.638501872659177
0.2,6675,68,197905,29.644248052726184
0.2,6676,81,197986,29.651939493784635
0.2,6677,-36,197950,29.642108415693322
0.2,6678,89,198039,29.650995658032638
0.2,6679,76,198115,29.65793413173653
0.2,6680,18,198133,29.656189193234546
0.2,6681,-114,198019,29.634690212511224
0.2,6682,93,198112,29.644171779141104
0.2,6683,-33,198079,29.634799521244762
0.2,6684,59,198138,29.639192221391173
0.2,6685,40,198178,29.640741848638946
0.2,6686,59,198237,29.64513234634365
0.2,6687,90,198327,29.654156698564595
0.2,6688,49,198376,29.657048886231127
0.2,6689,19,198395,29.65545590433483
0.2,6690,93,198488,29.66492303093708
0.2,6691,45,198533,29.667214584578602
0.2,6692,-98,198435,29.64813984760197
0.2,6693,58,198493,29.652375261428144
0.2,6694,82,198575,29.660194174757283
0.2,6695,89,198664,29.66905615292712
0.2,6696,93,198757,29.678512766910558
0.2,6697,71,198828,29.68468199462526
0.2,6698,43,198871,29.686669652186893
0.2,6699,67,198938,29.69223880597015
0.2,6700,-11,198927,29.6861662438442
0.2,6701,76,199003,29.693076693524322
0.2,6702,89,199092,29.701924511412802
0.2,6703,-92,199000,29.683770883054894
0.2,6704,5,199005,29.680089485458613
0.2,6705,85,199090,29.688338801073666
0.2,6706,92,199182,29.69762934247801
0.2,6707,93,199275,29.707066189624328
0.2,6708,9,199284,29.70397972872261
0.2,6709,57,199341,29.708047690014904
0.2,6710,3,199344,29.704067948144836
0.2,6711,-77,199267,29.68817044100119
0.2,6712,-14,199253,29.6816624460003
0.2,6713,78,199331,29.68885910038725
0.2,6714,94,199425,29.69843633655994
0.2,6715,86,199511,29.70681953543776
0.2,6716,-9,199502,29.701057019502755
0.2,6717,87,199589,29.70958618636499
0.2,6718,60,199649,29.714094359279656
0.2,6719,94,199743,29.723660714285714
0.2,6720,83,199826,29.731587561374795
0.2,6721,-26,199800,29.723296637905385
0.2,6722,89,199889,29.732113639744163
0.2,6723,50,199939,29.73512790005949
0.2,6724,87,200026,29.74364312267658
0.2,6725,-422,199604,29.67647933392804
0.2,6726,-13,199591,29.670135275754422
0.2,6727,60,199651,29.674643281807374
0.2,6728,86,199737,29.683013820775745
0.2,6729,90,199827,29.691976225854383
0.2,6730,80,199907,29.699450304560987
0.2,6731,4,199911,29.695632798573975
0.2,6732,23,199934,29.69463834843309
0.2,6733,92,200026,29.703890703890703
0.2,6734,70,200096,29.70987379361544
0.2,6735,78,200174,29.71704275534442
0.2,6736,-68,200106,29.702538221760427
0.2,6737,84,200190,29.71059661620659
0.2,6738,78,200268,29.71776227926992
0.2,6739,76,200344,29.724629080118696
0.2,6740,76,200420,29.731493843643378
0.2,6741,79,200499,29.73880154256897
0.2,6742,-49,200450,29.727124425329972
0.2,6743,90,200540,29.73606168446026
0.2,6744,93,200633,29.745441067457374
0.2,6745,70,200703,29.751408241921137
0.2,6746,27,200730,29.751000444642063
0.2,6747,-25,200705,29.742886781268524
0.2,6748,89,200794,29.75166691361683
0.2,6749,93,200887,29.76103703703704
0.2,6750,19,200906,29.759443045474743
0.2,6751,89,200995,29.76821682464455
0.2,6752,82,201077,29.77595142899452
0.2,6753,86,201163,29.784275984601717
0.2,6754,14,201177,29.781939304219097
0.2,6755,13,201190,29.779455298993486
0.2,6756,70,201260,29.78540772532189
0.2,6757,71,201331,29.79150636282924
0.2,6758,-16,201315,29.78473146915224
0.2,6759,81,201396,29.79230769230769
0.2,6760,-226,201170,29.754474190208548
0.2,6761,38,201208,29.755693581780537
0.2,6762,69,201277,29.76149637734733
0.2,6763,17,201294,29.759609698403313
0.2,6764,90,201384,29.768514412416852
0.2,6765,94,201478,29.778007685486255
0.2,6766,92,201570,29.7872026008571
0.2,6767,66,201636,29.79255319148936
0.2,6768,84,201720,29.80056138277441
0.2,6769,69,201789,29.80635155096012
0.2,6770,93,201882,29.815684536996013
0.2,6771,89,201971,29.824424099232132
0.2,6772,70,202041,29.830355824597667
0.2,6773,72,202113,29.836581045172718
0.2,6774,91,202204,29.84560885608856
0.2,6775,62,202266,29.850354191263282
0.2,6776,-2,202264,29.845654419359597
0.2,6777,38,202302,29.84685748008262
0.2,6778,29,202331,29.84673255642425
0.2,6779,73,202404,29.853097345132742
0.2,6780,-41,202363,29.84264857690606
0.2,6781,13,202376,29.840165143025658
0.2,6782,73,202449,29.846528084918177
0.2,6783,94,202543,29.85598466981132
0.2,6784,83,202626,29.863817243920412
0.2,6785,84,202710,29.871794871794872
0.2,6786,-63,202647,29.858111094739943
0.2,6787,91,202738,29.867118444313494
0.2,6788,91,202829,29.876123140374133
0.2,6789,48,202877,29.87879234167894
0.2,6790,52,202929,29.882049771756737
0.2,6791,39,202968,29.88339222614841
0.2,6792,59,203027,29.887678492565875
0.2,6793,82,203109,29.8953488372093
0.2,6794,64,203173,29.90036791758646
0.2,6795,28,203201,29.90008828722778
0.2,6796,93,203294,29.909371781668384
0.2,6797,-80,203214,29.893203883495147
0.2,6798,-78,203136,29.8773349021915
0.2,6799,84,203220,29.88529411764706
0.2,6800,59,203279,29.88957506249081
0.2,6801,10,203289,29.88665098500441
0.2,6802,84,203373,29.89460532118183
0.2,6803,70,203443,29.90049970605526
0.2,6804,24,203467,29.89963262307127
0.2,6805,7,203474,29.896267998824566
0.2,6806,94,203568,29.905685323931248
0.2,6807,20,203588,29.904230317273797
0.2,6808,59,203647,29.908503451314438
0.2,6809,-83,203564,29.89192364170338
0.2,6810,86,203650,29.900161503450303
0.2,6811,94,203744,29.909571344685848
0.2,6812,43,203787,29.911492734478202
0.2,6813,83,203870,29.919283827414148
0.2,6814,93,203963,29.928539985326484
0.2,6815,94,204057,29.937940140845072
0.2,6816,60,204117,29.942350007334603
0.2,6817,10,204127,29.939425051334702
0.2,6818,63,204190,29.944273353864205
0.2,6819,87,204277,29.952639296187684
0.2,6820,-120,204157,29.930655329130627
0.2,6821,86,204243,29.938874230430958
0.2,6822,60,204303,29.943280082075333
0.2,6823,59,204362,29.947538100820633
0.2,6824,35,204397,29.94827838827839
0.2,6825,-16,204381,29.941547026076766
0.2,6826,86,204467,29.949758312582393
0.2,6827,86,204553,29.95796719390744
0.2,6828,-218,204335,29.92165763655001
0.2,6829,78,204413,29.92869692532943
0.2,6830,60,204473,29.93309910701215
0.2,6831,-78,204395,29.91730093676815
0.2,6832,88,204483,29.925801258597982
0.2,6833,-116,204367,29.90444834650278
0.2,6834,47,204414,29.906949524506217
0.2,6835,70,204484,29.912814511410183
0.2,6836,78,204562,29.919847886499927
0.2,6837,66,204628,29.92512430535244
0.2,6838,14,204642,29.922795730369938
0.2,6839,-44,204598,29.91198830409357
0.2,6840,-11,204587,29.90600789358281
0.2,6841,63,204650,29.910844782227418
0.2,6842,-98,204552,29.89215256466462
0.2,6843,53,204605,29.89552893045003
0.2,6844,28,204633,29.89525200876552
0.2,6845,86,204719,29.903447268477944
0.2,6846,-14,204705,29.89703519789689
0.2,6847,58,204763,29.901139018691588
0.2,6848,-85,204678,29.88436268068331
0.2,6849,-32,204646,29.875328467153285
0.2,6850,-142,204504,29.850240840753173
0.2,6851,64,204568,29.855224751897257
0.2,6852,64,204632,29.860207208521814
0.2,6853,-60,204572,29.84709658593522
0.2,6854,18,204590,29.845368344274252
0.2,6855,-22,204568,29.837806301050176
0.2,6856,43,204611,29.839725827621407
0.2,6857,79,204690,29.84689413823272
0.2,6858,90,204780,29.85566409097536
0.2,6859,76,204856,29.862390670553935
0.2,6860,78,204934,29.869406792012825
0.2,6861,46,204980,29.871757505100554
0.2,6862,92,205072,29.88081014133761
0.2,6863,63,205135,29.885635198135198
0.2,6864,83,205218,29.893372177713037
0.2,6865,72,205290,29.899504806291873
0.2,6866,85,205375,29.90752876073977
0.2,6867,0,205375,29.903174140943506
0.2,6868,90,205465,29.911923132915998
0.2,6869,7,205472,29.90858806404658
0.2,6870,89,205561,29.917188182215106
0.2,6871,25,205586,29.916472642607683
0.2,6872,58,205644,29.920558707987777
0.2,6873,43,205687,29.922461448938027
0.2,6874,70,205757,29.928290909090908
0.2,6875,12,205769,29.92568353694008
0.2,6876,18,205787,29.92394939653919
0.2,6877,44,205831,29.925995929049144
0.2,6878,-98,205733,29.907399331298155
0.2,6879,-218,205515,29.87136627906977
0.2,6880,-10,205505,29.86557186455457
0.2,6881,94,205599,29.87489102005231
0.2,6882,90,205689,29.88362632573006
0.2,6883,83,205772,29.891342242882047
0.2,6884,31,205803,29.891503267973857
0.2,6885,91,205894,29.90037757769387
0.2,6886,82,205976,29.907942500363003
0.2,6887,94,206070,29.91724738675958
0.2,6888,87,206157,29.925533459137757
0.2,6889,88,206245,29.933962264150942
0.2,6890,-117,206128,29.912639674938326
0.2,6891,57,206185,29.916569936157863
0.2,6892,-9,206176,29.91092412592485
0.2,6893,86,206262,29.919060052219322
0.2,6894,-40,206222,29.90891950688905
0.2,6895,87,206309,29.91719837587007
0.2,6896,7,206316,29.913875598086126
0.2,6897,90,206406,29.922586256886053
0.2,6898,84,206490,29.93042469923177
0.2,6899,92,206582,29.93942028985507
0.2,6900,-232,206350,29.901463556006377
0.2,6901,94,206444,29.91075050709939
0.2,6902,93,206537,29.91988990294075
0.2,6903,94,206631,29.92917149478563
0.2,6904,61,206692,29.933671252715424
0.2,6905,35,206727,29.934404865334493
0.2,6906,78,206805,29.941363833791804
0.2,6907,56,206861,29.945136074116967
0.2,6908,79,206940,29.95223621363439
0.2,6909,78,207018,29.95918958031838
0.2,6910,14,207032,29.956880335696717
0.2,6911,59,207091,29.961082175925927
0.2,6912,53,207144,29.964414870533776
0.2,6913,-119,207025,29.94286954006364
0.2,6914,57,207082,29.946782357194504
0.2,6915,28,207110,29.9465008675535
0.2,6916,92,207202,29.955472025444557
0.2,6917,66,207268,29.960682278115062
0.2,6918,4,207272,29.95693019222431
0.2,6919,87,207359,29.965173410404624
0.2,6920,16,207375,29.963155613350672
0.2,6921,74,207449,29.969517480496965
0.2,6922,79,207528,29.976599739997113
0.2,6923,69,207597,29.98223570190641
0.2,6924,5,207602,29.978628158844764
0.2,6925,-63,207539,29.965203580710366
0.2,6926,10,207549,29.9623213512343
0.2,6927,65,207614,29.967378752886837
0.2,6928,-4,207610,29.962476547842403
0.2,6929,94,207704,29.97171717171717
0.2,6930,70,207774,29.97749242533545
0.2,6931,90,207864,29.98615118291979
0.2,6932,91,207955,29.994951680369248
0.2,6933,-45,207910,29.984136140755698
0.2,6934,84,207994,29.991925018024514
0.2,6935,49,208043,29.994665513264128
0.2,6936,88,208131,30.003027245206862
0.2,6937,74,208205,30.00936869414817
0.2,6938,49,208254,30.012105490704712
0.2,6939,89,208343,30.020605187319884
0.2,6940,20,208363,30.019161504106037
0.2,6941,-36,208327,30.009651397291847
0.2,6942,93,208420,30.01872389457007
0.2,6943,91,208511,30.027505760368662
0.2,6944,58,208569,30.031533477321815
0.2,6945,21,208590,30.030233227756984
0.2,6946,-19,208571,30.023175471426516
0.2,6947,-133,208438,29.999712147380542
0.2,6948,79,208517,30.006763563102606
0.2,6949,91,208608,30.015539568345325
0.2,6950,78,208686,30.0224428139836
0.2,6951,92,208778,30.031357882623706
0.2,6952,29,208807,30.031209549834603
0.2,6953,-267,208540,29.98849582973828
0.2,6954,-88,208452,29.971531272465853
0.2,6955,-29,208423,29.963053479010927
0.2,6956,86,208509,29.971108236308755
0.2,6957,92,208601,29.98002299511354
0.2,6958,88,208689,29.98836039660871
0.2,6959,68,208757,29.99382183908046
0.2,6960,89,208846,30.00229852032754
0.2,6961,85,208931,30.010198218902616
0.2,6962,9,208940,30.007180812868018
0.2,6963,92,209032,30.016082711085584
0.2,6964,77,209109,30.022828427853554
0.2,6965,88,209197,30.031151306345105
0.2,6966,19,209216,30.029567963255346
0.2,6967,47,209263,30.032003444316878
0.2,6968,-58,209205,30.01937150236763
0.2,6969,88,209293,30.027690100430416
0.2,6970,75,209368,30.034141443121502
0.2,6971,85,209453,30.042025243832473
0.2,6972,36,209489,30.042879678760936
0.2,6973,-41,209448,30.032692859191283
0.2,6974,88,209536,30.04100358422939
0.2,6975,39,209575,30.042287844036696
0.2,6976,87,209662,30.050451483445606
0.2,6977,82,209744,30.057896245342505
0.2,6978,-21,209723,30.050580312365668
0.2,6979,43,209766,30.05243553008596
0.2,6980,69,209835,30.058014611087238
0.2,6981,-69,209766,30.0438269836723
0.2,6982,69,209835,30.049405699556065
0.2,6983,56,209891,30.053121420389463
0.2,6984,84,209975,30.06084466714388
0.2,6985,8,209983,30.05768680217578
0.2,6986,-13,209970,30.051524259338773
0.2,6987,-87,209883,30.034773898111048
0.2,6988,65,209948,30.039776792101875
0.2,6989,71,210019,30.045636623748212
0.2,6990,46,210065,30.04791875268202
0.2,6991,43,210108,30.049771167048053
0.2,6992,46,210154,30.05205205205205
0.2,6993,74,210228,30.05833571632828
0.2,6994,76,210304,30.064903502501785
0.2,6995,-14,210290,30.058604917095483
0.2,6996,94,210384,30.0677433185651
0.2,6997,16,210400,30.065733066590454
0.2,6998,70,210470,30.071438776968137
0.2,6999,91,210561,30.080142857142857
0.2,7000,71,210632,30.085987716040567
0.2,7001,55,210687,30.089545844044558
0.2,7002,94,210781,30.098671997715265
0.2,7003,89,210870,30.107081667618505
0.2,7004,-126,210744,30.084796573875803
0.2,7005,92,210836,30.09363402797602
0.2,7006,-230,210606,30.05651491365777
0.2,7007,57,210663,30.060359589041095
0.2,7008,91,210754,30.069054073334286
0.2,7009,93,210847,30.078031383737518
0.2,7010,-195,210652,30.04592782769933
0.2,7011,-134,210518,30.02253280091272
0.2,7012,94,210612,30.031655496934263
0.2,7013,66,210678,30.03678357570573
0.2,7014,84,210762,30.04447612259444
0.2,7015,44,210806,30.046465222348917
0.2,7016,59,210865,30.050591420835115
0.2,7017,-73,210792,30.03590766600171
0.2,7018,73,210865,30.042028779028353
0.2,7019,81,210946,30.04928774928775
0.2,7020,18,210964,30.04757157100128
0.2,7021,68,211032,30.052976360011392
0.2,7022,76,211108,30.05951872419194
0.2,7023,93,211201,30.06847949886105
0.2,7024,42,211243,30.07017793594306
0.2,7025,84,211327,30.077853686308
0.2,7026,90,211417,30.086381101465776
0.2,7027,55,211472,30.089926010244735
0.2,7028,46,211518,30.092189500640206
0.2,7029,-13,211505,30.086059743954483
0.2,7030,24,211529,30.085194140236098
0.2,7031,74,211603,30.091439135381115
0.2,7032,78,211681,30.09825110194796
0.2,7033,-298,211383,30.05160648279784
0.2,7034,83,211466,30.0591329068941
0.2,7035,-53,211413,30.04732802728823
0.2,7036,75,211488,30.053716072189854
0.2,7037,64,211552,30.058539357772094
0.2,7038,-80,211472,30.042903821565563
0.2,7039,40,211512,30.04431818181818
0.2,7040,58,211570,30.048288595369975
0.2,7041,-66,211504,30.034649247372904
0.2,7042,87,211591,30.042737469828197
0.2,7043,84,211675,30.05039750141965
0.2,7044,85,211760,30.05819730305181
0.2,7045,93,211853,30.067130286687483
0.2,7046,-20,211833,30.060025542784164
0.2,7047,11,211844,30.057321225879683
0.2,7048,77,211921,30.06398070648319
0.2,7049,-22,211899,30.056595744680852
0.2,7050,72,211971,30.062544319954615
0.2,7051,-181,211790,30.032614861032332
0.2,7052,84,211874,30.040266553239757
0.2,7053,83,211957,30.04777431244684
0.2,7054,-110,211847,30.02792345854004
0.2,7055,90,211937,30.03642290249433
0.2,7056,69,212006,30.0419441689103
0.2,7057,77,212083,30.048597336355908
0.2,7058,91,212174,30.05723190253577
0.2,7059,91,212265,30.06586402266289
0.2,7060,92,212357,30.074635320776093
0.2,7061,42,212399,30.07632398753894
0.2,7062,76,212475,30.08282599461985
0.2,7063,73,212548,30.08890147225368
0.2,7064,67,212615,30.094125973106866
0.2,7065,-84,212531,30.077979054627797
0.2,7066,93,212624,30.086882694212537
0.2,7067,85,212709,30.0946519524618
0.2,7068,-18,212691,30.08784835195926
0.2,7069,63,212754,30.09250353606789
0.2,7070,47,212801,30.094894640079197
0.2,7071,57,212858,30.098699095022624
0.2,7072,43,212901,30.100523116075216
0.2,7073,93,212994,30.109414758269722
0.2,7074,79,213073,30.116325088339224
0.2,7075,-98,212975,30.09821933295647
0.2,7076,73,213048,30.104281475201358
0.2,7077,84,213132,30.111896015823678
0.2,7078,-40,213092,30.101991806752366
0.2,7079,92,213184,30.110734463276835
0.2,7080,82,213266,30.11806242056207
0.2,7081,-60,213206,30.105337475289467
0.2,7082,61,213267,30.109699279966115
0.2,7083,43,213310,30.111518915866743
0.2,7084,84,213394,30.119124911785462
0.2,7085,72,213466,30.12503528083545
0.2,7086,-106,213360,30.10582757160999
0.2,7087,92,213452,30.114559819413092
0.2,7088,-50,213402,30.103258569614898
0.2,7089,78,213480,30.110014104372354
0.2,7090,-4,213476,30.105203779438725
0.2,7091,17,213493,30.10335589396503
0.2,7092,28,213521,30.103059354292967
0.2,7093,92,213613,30.111784606709897
0.2,7094,74,213687,30.11797040169133
0.2,7095,-177,213510,30.08878241262683
0.2,7096,-6,213504,30.083697336902915
0.2,7097,72,213576,30.08960270498732
0.2,7098,49,213625,30.092266516410763
0.2,7099,-22,213603,30.084929577464788
0.2,7100,36,213639,30.085762568652303
0.2,7101,90,213729,30.09419881723458
0.2,7102,73,213802,30.100239335492045
0.2,7103,-12,213790,30.094313063063062
0.2,7104,69,213859,30.09978888106967
0.2,7105,85,213944,30.107514776245427
0.2,7106,87,214031,30.11551990994794
0.2,7107,63,214094,30.12014631401238
0.2,7108,93,214187,30.128991419327612
0.2,7109,89,214276,30.137271448663853
0.2,7110,88,214364,30.145408522008157
0.2,7111,93,214457,30.154246344206975
0.2,7112,79,214536,30.161113454238716
0.2,7113,85,214621,30.168822041045825
0.2,7114,-70,214551,30.154743499648628
0.2,7115,44,214595,30.156689151208543
0.2,7116,76,214671,30.16313053252775
0.2,7117,87,214758,30.17111548187693
0.2,7118,21,214779,30.169827222924567
0.2,7119,-23,214756,30.1623595505618
0.2,7120,-98,214658,30.144361746945652
0.2,7121,-63,214595,30.131283347374332
0.2,7122,-94,214501,30.11385652112874
0.2,7123,-69,214432,30.099943851768668
0.2,7124,-28,214404,30.091789473684212
0.2,7125,49,214453,30.094442885209094
0.2,7126,-63,214390,30.08138066507647
0.2,7127,79,214469,30.08824354657688
0.2,7128,75,214544,30.094543414223594
0.2,7129,56,214600,30.098176718092567
0.2,7130,-290,214310,30.053288458841678
0.2,7131,54,214364,30.056646102075153
0.2,7132,45,214409,30.05874106266648
0.2,7133,88,214497,30.06686291000841
0.2,7134,60,214557,30.07105816398038
0.2,7135,81,214638,30.078195067264573
0.2,7136,-163,214475,30.05114193638784
0.2,7137,83,214558,30.05855982067806
0.2,7138,84,214642,30.06611570247934
0.2,7139,72,214714,30.07198879551821
0.2,7140,17,214731,30.070158241142696
0.2,7141,83,214814,30.077569308317
0.2,7142,-208,214606,30.044239115217696
0.2,7143,26,214632,30.043673012318028
0.2,7144,69,214701,30.049125262421274
0.2,7145,46,214747,30.05135740274279
0.2,7146,80,214827,30.058346159227646
0.2,7147,89,214916,30.06659205372132
0.2,7148,64,214980,30.071338648762065
0.2,7149,66,215046,30.076363636363638
0.2,7150,3,215049,30.07257726192141
0.2,7151,52,215101,30.07564317673378
0.2,7152,-168,214933,30.047951908290226
0.2,7153,82,215015,30.055213866368465
0.2,7154,76,215091,30.061635220125787
0.2,7155,88,215179,30.06973169368362
0.2,7156,64,215243,30.074472544362163
0.2,7157,17,215260,30.07264599050014
0.2,7158,67,215327,30.077804162592543
0.2,7159,41,215368,30.079329608938547
0.2,7160,74,215442,30.085462924172603
0.2,7161,90,215532,30.093828539514103
0.2,7162,-129,215403,30.071618037135277
0.2,7163,-34,215369,30.062674483528756
0.2,7164,84,215453,30.0702023726448
0.2,7165,82,215535,30.077449065029306
0.2,7166,80,215615,30.084414678387052
0.2,7167,-25,215590,30.076729910714285
0.2,7168,78,215668,30.083414702189984
0.2,7169,-105,215563,30.064574616457463
0.2,7170,93,215656,30.07335099707154
0.2,7171,57,215713,30.077105409927494
0.2,7172,-38,215675,30.06761466610902
0.2,7173,-125,215550,30.045999442431
0.2,7174,24,215574,30.045156794425086
0.2,7175,92,215666,30.053790412486066
0.2,7176,33,215699,30.05420091960429
0.2,7177,74,215773,30.060323209807745
0.2,7178,56,215829,30.063936481404095
0.2,7179,93,215922,30.072701949860726
0.2,7180,-76,215846,30.057930650327254
0.2,7181,-34,215812,30.04901141743247
0.2,7182,-566,215246,29.966030906306557
0.2,7183,68,215314,29.97132516703786
0.2,7184,-32,215282,29.962700069589424
0.2,7185,88,215370,29.970776509880324
0.2,7186,-63,215307,29.957840545429246
0.2,7187,81,215388,29.964941569282136
0.2,7188,87,215475,29.972875226039783
0.2,7189,93,215568,29.98164116828929
0.2,7190,56,215624,29.985259351967738
0.2,7191,-291,215333,29.940628476084537
0.2,7192,91,215424,29.94911719727513
0.2,7193,82,215506,29.956352515985543
0.2,7194,90,215596,29.964697706740793
0.2,7195,12,215608,29.962201222901612
0.2,7196,65,215673,29.967069612338474
0.2,7197,39,215712,29.96832453459294
0.2,7198,30,215742,29.968328934574245
0.2,7199,-97,215645,29.950694444444444
0.2,7200,86,215731,29.95847798916817
0.2,7201,0,215731,29.95431824493196
0.2,7202,90,215821,29.962654449534917
0.2,7203,-35,215786,29.95363686840644
0.2,7204,21,215807,29.952394170714783
0.2,7205,89,215896,29.96058839855676
0.2,7206,0,215896,29.956431247398363
0.2,7207,-241,215655,29.918840177580467
0.2,7208,55,215710,29.922319323068386
0.2,7209,-40,215670,29.9126213592233
0.2,7210,91,215761,29.921092774927196
0.2,7211,23,215784,29.920133111480865
0.2,7212,81,215865,29.92721475114377
0.2,7213,25,215890,29.92653174383144
0.2,7214,30,215920,29.926541926541926
0.2,7215,6,215926,29.92322616407982
0.2,7216,17,215943,29.921435499515034
0.2,7217,87,216030,29.929343308395676
0.2,7218,79,216109,29.93614073971464
0.2,7219,17,216126,29.934349030470916
0.2,7220,60,216186,29.938512671375157
0.2,7221,-109,216077,29.919274439213513
0.2,7222,-38,216039,29.909871244635195
0.2,7223,14,216053,29.90766888150609
0.2,7224,54,216107,29.911003460207613
0.2,7225,65,216172,29.915859396623304
0.2,7226,30,216202,29.91587103915871
0.2,7227,89,216291,29.92404537908135
0.2,7228,91,216382,29.93249412090192
0.2,7229,87,216469,29.940387275242045
0.2,7230,37,216506,29.941363573502972
0.2,7231,-34,216472,29.932522123893804
0.2,7232,94,216566,29.941379787086962
0.2,7233,-198,216368,29.909870058059166
0.2,7234,94,216462,29.918728403593644
0.2,7235,56,216518,29.922332780541737
0.2,7236,38,216556,29.923448942932154
0.2,7237,57,216613,29.92718983144515
0.2,7238,-149,216464,29.902472717226136
0.2,7239,88,216552,29.91049723756906
0.2,7240,93,216645,29.919210053859963
0.2,7241,55,216700,29.92267329466998
0.2,7242,-183,216517,29.8932762667403
0.2,7243,82,216599,29.900469353948093
0.2,7244,46,216645,29.902691511387165
0.2,7245,-19,216626,29.895942589014627
0.2,7246,70,216696,29.90147647302332
0.2,7247,84,216780,29.908940397350992
0.2,7248,67,216847,29.9140571113257
0.2,7249,22,216869,29.91296551724138
0.2,7250,-28,216841,29.90497862363812
0.2,7251,84,216925,29.912437948152235
0.2,7252,68,216993,29.917689232041912
0.2,7253,90,217083,29.925971877584782
0.2,7254,-30,217053,29.917711922811854
0.2,7255,88,217141,29.92571664829107
0.2,7256,74,217215,29.931789995866062
0.2,7257,66,217281,29.93675943786167
0.2,7258,80,217361,29.943656150984985
0.2,7259,47,217408,29.946005509641875
0.2,7260,49,217457,29.948629665335353
0.2,7261,83,217540,29.955935004131092
0.2,7262,-108,217432,29.93694065813025
0.2,7263,78,217510,29.94355726872247
0.2,7264,-34,217476,29.934755677907777
0.2,7265,88,217564,29.942747041012936
0.2,7266,85,217649,29.950323379661484
0.2,7267,-1,217648,29.946064942212438
0.2,7268,45,217693,29.948135919658824
0.2,7269,67,217760,29.953232462173315
0.2,7270,91,217851,29.96162838674185
0.2,7271,35,217886,29.962321232123212
0.2,7272,79,217965,29.969063660112745
0.2,7273,51,218016,29.97195490789112
0.2,7274,93,218109,29.98061855670103
0.2,7275,45,218154,29.982682792743265
0.2,7276,92,218246,29.99120516696441
0.2,7277,-10,218236,29.985710359989007
0.2,7278,60,218296,29.989833768374776
0.2,7279,-138,218158,29.966758241758242
0.2,7280,77,218235,29.973217964565308
0.2,7281,92,218327,29.981735786871738
0.2,7282,-155,218172,29.956336674447343
0.2,7283,87,218259,29.964168039538716
0.2,7284,55,218314,29.967604667124228
0.2,7285,52,218366,29.97062860279989
0.2,7286,90,218456,29.978866474543707
0.2,7287,-7,218449,29.97379253567508
0.2,7288,18,218467,29.972149814789407
0.2,7289,26,218493,29.971604938271604
0.2,7290,76,218569,29.977917981072554
0.2,7291,94,218663,29.986697750959955
0.2,7292,50,218713,29.9894419306184
0.2,7293,95,218808,29.99835481217439
0.2,7294,21,218829,29.997121315969842
0.2,7295,11,218840,29.99451754385965
0.2,7296,-49,218791,29.983691928189668
0.2,7297,-4,218787,29.979035352151275
0.2,7298,2,218789,29.97520208247705
0.2,7299,49,218838,29.977808219178083
0.2,7300,65,218903,29.982605122585948
0.2,7301,53,218956,29.985757326759792
0.2,7302,-84,218872,29.970149253731343
0.2,7303,79,218951,29.97686199342826
0.2,7304,65,219016,29.981656399726216
0.2,7305,46,219062,29.9838488913222
0.2,7306,-31,219031,29.975502942384015
0.2,7307,82,219113,29.982621784345923
0.2,7308,82,219195,29.98973867834177
0.2,7309,60,219255,29.993844049247606
0.2,7310,35,219290,29.994528792230884
0.2,7311,87,219377,30.002324945295406
0.2,7312,36,219413,30.003145084096815
0.2,7313,59,219472,30.00710965272081
0.2,7314,-80,219392,29.99207108680793
0.2,7315,84,219476,29.999453253143795
0.2,7316,21,219497,29.998223315566488
0.2,7317,5,219502,29.994807324405574
0.2,7318,47,219549,29.9971307555677
0.2,7319,-21,219528,29.990163934426228
0.2,7320,-197,219331,29.959158584892773
0.2,7321,17,219348,29.957388691614312
0.2,7322,-46,219302,29.947016250170694
0.2,7323,92,219394,29.955488803932276
0.2,7324,66,219460,29.960409556313994
0.2,7325,94,219554,29.96915096915097
0.2,7326,77,219631,29.975569810290704
0.2,7327,64,219695,29.98021288209607
0.2,7328,22,219717,29.97912402783463
0.2,7329,-70,219647,29.965484311050478
0.2,7330,-157,219490,29.939980903014597
0.2,7331,88,219578,29.947899618112384
0.2,7332,75,219653,29.95404336560753
0.2,7333,-133,219520,29.931824379601853
0.2,7334,75,219595,29.937968643490116
0.2,7335,78,219673,29.944520174482008
0.2,7336,89,219762,29.952569169960473
0.2,7337,48,219810,29.955028618152085
0.2,7338,87,219897,29.962801471590137
0.2,7339,67,219964,29.96784741144414
0.2,7340,54,220018,29.971121100667485
0.2,7341,27,220045,29.97071642604195
0.2,7342,49,220094,29.973307912297425
0.2,7343,41,220135,29.97480936819172
0.2,7344,-8,220127,29.969639210347175
0.2,7345,72,220199,29.97536074053907
0.2,7346,54,220253,29.978630733632777
0.2,7347,50,220303,29.98135547087643
0.2,7348,29,220332,29.981221934957137
0.2,7349,73,220405,29.987074829931974
0.2,7350,94,220499,29.995782886682083
0.2,7351,35,220534,29.99646354733406
0.2,7352,34,220568,29.99700802393581
0.2,7353,-147,220421,29.972939896654882
0.2,7354,92,220513,29.98137321549966
0.2,7355,11,220524,29.97879282218597
0.2,7356,79,220603,29.985456028272395
0.2,7357,15,220618,29.983419407447677
0.2,7358,94,220712,29.992118494360646
0.2,7359,-137,220575,29.969429347826086
0.2,7360,-74,220501,29.955304985735633
0.2,7361,82,220583,29.962374354794893
0.2,7362,-212,220371,29.929512426999864
0.2,7363,62,220433,29.933867463335144
0.2,7364,88,220521,29.941751527494908
0.2,7365,76,220597,29.948004344284552
0.2,7366,-87,220510,29.932129767883808
0.2,7367,41,220551,29.933631921824105
0.2,7368,-28,220523,29.925770118062154
0.2,7369,-50,220473,29.914925373134327
0.2,7370,-194,220279,29.88454755121422
0.2,7371,16,220295,29.88266413456321
0.2,7372,91,220386,29.890953478909534
0.2,7373,14,220400,29.888798481149987
0.2,7374,-126,220274,29.867661016949153
0.2,7375,83,220357,29.87486442516269
0.2,7376,92,220449,29.88328588857259
0.2,7377,25,220474,29.882624017348874
0.2,7378,45,220519,29.884672719880744
0.2,7379,-27,220492,29.876964769647696
0.2,7380,-20,220472,29.87020728898523
0.2,7381,-315,220157,29.82348956922243
0.2,7382,-44,220113,29.813490451036163
0.2,7383,69,220182,29.818797399783314
0.2,7384,76,220258,29.82505077860528
0.2,7385,-113,220145,29.805713512049824
0.2,7386,-96,220049,29.78868282117233
0.2,7387,66,220115,29.793584190579317
0.2,7388,88,220203,29.801461632155906
0.2,7389,14,220217,29.799323410013532
0.2,7390,67,220284,29.804356649979706
0.2,7391,49,220333,29.806953463203463
0.2,7392,41,220374,29.808467469227647
0.2,7393,94,220468,29.81714903976197
0.2,7394,74,220542,29.82312373225152
0.2,7395,87,220629,29.83085451595457
0.2,7396,10,220639,29.82817358388536
0.2,7397,6,220645,29.824952689916195
0.2,7398,-57,220588,29.813218002432762
0.2,7399,53,220641,29.81635135135135
0.2,7400,91,220732,29.824618294825022
0.2,7401,88,220820,29.83247770872737
0.2,7402,42,220862,29.834121302174793
0.2,7403,64,220926,29.8387358184765
0.2,7404,-4,220922,29.834166103983794
0.2,7405,89,221011,29.842155009451798
0.2,7406,84,221095,29.849466720669636
0.2,7407,-185,220910,29.820464362850974
0.2,7408,20,220930,29.819138885139694
0.2,7409,42,220972,29.820782726045884
0.2,7410,75,221047,29.826878963702605
0.2,7411,-10,221037,29.82150566648678
0.2,7412,-163,220874,29.795494401726696
0.2,7413,94,220968,29.80415430267062
0.2,7414,93,221061,29.81267700606878
0.2,7415,35,221096,29.813376483279395
0.2,7416,-22,221074,29.806390724012402
0.2,7417,75,221149,29.812483149096792
0.2,7418,65,221214,29.81722604124545
0.2,7419,56,221270,29.82075471698113
0.2,7420,85,221355,29.828190270852986
0.2,7421,-57,221298,29.816491511721907
0.2,7422,-83,221215,29.801293277650547
0.2,7423,50,221265,29.80401400862069
0.2,7424,93,221358,29.81252525252525
0.2,7425,7,221365,29.80945327228656
0.2,7426,-64,221301,29.796822404739466
0.2,7427,-259,221042,29.75794291868605
0.2,7428,-123,220919,29.73738053573832
0.2,7429,69,220988,29.742664872139972
0.2,7430,74,221062,29.748620643251243
0.2,7431,39,221101,29.7498654467169
0.2,7432,94,221195,29.758509350195077
0.2,7433,-24,221171,29.75127791229486
0.2,7434,87,221258,29.758977807666444
0.2,7435,-23,221235,29.751882732651964
0.2,7436,94,221329,29.760521715745597
0.2,7437,80,221409,29.767276149502553
0.2,7438,-25,221384,29.759913966931038
0.2,7439,-1,221383,29.75577956989247
0.2,7440,45,221428,29.75782824889128
0.2,7441,45,221473,29.759876377317926
0.2,7442,91,221564,29.768104259035336
0.2,7443,-38,221526,29.759000537345514
0.2,7444,71,221597,29.7645399597045
0.2,7445,93,221690,29.7730325006715
0.2,7446,-100,221590,29.75560628440983
0.2,7447,92,221682,29.763963480128893
0.2,7448,69,221751,29.76923076923077
0.2,7449,65,221816,29.773959731543624
0.2,7450,24,221840,29.773184807408402
0.2,7451,-106,221734,29.754965110037574
0.2,7452,56,221790,29.758486515497115
0.2,7453,-120,221670,29.7383954923531
0.2,7454,77,221747,29.744735077129445
0.2,7455,78,221825,29.751207081545065
0.2,7456,7,221832,29.74815609494435
0.2,7457,89,221921,29.75610083132207
0.2,7458,71,221992,29.7616302453412
0.2,7459,45,222037,29.76367292225201
0.2,7460,15,222052,29.76169414287629
0.2,7461,57,222109,29.765344411685874
0.2,7462,68,222177,29.770467640359104
0.2,7463,87,222264,29.778135048231512
0.2,7464,-205,222059,29.746684527796383
0.2,7465,-48,222011,29.736271095633537
0.2,7466,88,222099,29.744073925271195
0.2,7467,-53,222046,29.732994108194966
0.2,7468,93,222139,29.741464720846164
0.2,7469,-59,222080,29.72958500669344
0.2,7470,93,222173,29.738053808057824
0.2,7471,13,222186,29.73581370449679
0.2,7472,93,222279,29.7442794058611
0.2,7473,85,222364,29.751672464543752
0.2,7474,83,222447,29.758795986622072
0.2,7475,15,222462,29.75682182985554
0.2,7476,65,222527,29.761535375150462
0.2,7477,91,222618,29.76972452527414
0.2,7478,-13,222605,29.764005883139458
0.2,7479,-17,222588,29.757754010695187
0.2,7480,26,222614,29.757251704317603
0.2,7481,14,222628,29.75514568297247
0.2,7482,57,222685,29.75878658292129
0.2,7483,86,222771,29.766301443078568
0.2,7484,-54,222717,29.755110220440883
0.2,7485,-133,222584,29.733368955383384
0.2,7486,-1,222583,29.729264057700014
0.2,7487,56,222639,29.732772435897434
0.2,7488,-112,222527,29.71384697556416
0.2,7489,32,222559,29.71415220293725
0.2,7490,55,222614,29.717527699906555
0.2,7491,89,222703,29.72544046983449
0.2,7492,63,222766,29.729881222474308
0.2,7493,-189,222577,29.70069388844409
0.2,7494,80,222657,29.707404936624418
0.2,7495,54,222711,29.71064567769477
0.2,7496,49,222760,29.713218620781646
0.2,7497,71,222831,29.718724993331556
0.2,7498,-5,222826,29.714095212695025
0.2,7499,69,222895,29.719333333333335
0.2,7500,-11,222884,29.71390481269164
0.2,7501,27,222911,29.713543055185283
0.2,7502,86,222997,29.721044915367187
0.2,7503,9,223006,29.71828358208955
0.2,7504,-42,222964,29.708727514990006
0.2,7505,-123,222841,29.688382627231547
0.2,7506,86,222927,29.6958838417477
0.2,7507,93,223020,29.704315396909962
0.2,7508,-519,222501,29.631242508989214
0.2,7509,49,222550,29.63382157123835
0.2,7510,88,222638,29.641592331247505
0.2,7511,42,222680,29.643237486687966
0.2,7512,-34,222646,29.634766404898176
0.2,7513,79,222725,29.64133617247804
0.2,7514,30,222755,29.641383898868927
0.2,7515,73,222828,29.647152740819585
0.2,7516,44,222872,29.64906212584808
0.2,7517,73,222945,29.654828411811653
0.2,7518,50,222995,29.65753424657534
0.2,7519,85,223080,29.664893617021278
0.2,7520,83,223163,29.67198510836325
0.2,7521,-148,223015,29.64836479659665
0.2,7522,33,223048,29.648810315033895
0.2,7523,51,223099,29.651648059542797
0.2,7524,25,223124,29.651029900332226
0.2,7525,-8,223116,29.64602710603242
0.2,7526,43,223159,29.647801248837517
0.2,7527,-46,223113,29.637752391073327
0.2,7528,33,223146,29.638198964005845
0.2,7529,-2,223144,29.633997343957503
0.2,7530,-31,223113,29.625946089496747
0.2,7531,75,223188,29.63197026022305
0.2,7532,-45,223143,29.62206292313819
0.2,7533,6,223149,29.6189275285373
0.2,7534,71,223220,29.624419376244195
0.2,7535,23,223243,29.62354033970276
0.2,7536,37,223280,29.624519039405598
0.2,7537,-43,223237,29.614884584770497
0.2,7538,-14,223223,29.609099350046424
0.2,7539,6,223229,29.605968169761272
0.2,7540,72,223301,29.611589974804403
0.2,7541,49,223350,29.614160700079555
0.2,7542,89,223439,29.622033673604665
0.2,7543,-43,223396,29.612407211028632
0.2,7544,69,223465,29.61762756792578
0.2,7545,43,223508,29.61940100715611
0.2,7546,-58,223450,29.607791175301443
0.2,7547,83,223533,29.614864864864863
0.2,7548,59,223592,29.618757451318054
0.2,7549,51,223643,29.62158940397351
0.2,7550,93,223736,29.629982783737255
0.2,7551,-21,223715,29.623278601694917
0.2,7552,83,223798,29.6303455580564
0.2,7553,-309,223489,29.585517606566057
0.2,7554,25,223514,29.584910655195234
0.2,7555,69,223583,29.59012705134992
0.2,7556,91,223674,29.59825327510917
0.2,7557,86,223760,29.605715797830115
0.2,7558,93,223853,29.614102394496626
0.2,7559,49,223902,29.616666666666667
0.2,7560,51,223953,29.619494775823302
0.2,7561,80,224033,29.626157101295952
0.2,7562,92,224125,29.634404336903344
0.2,7563,90,224215,29.642384981491276
0.2,7564,53,224268,29.64547257105089
0.2,7565,89,224357,29.6533174729051
0.2,7566,-3,224354,29.649002246597068
0.2,7567,-21,224333,29.64230972515856
0.2,7568,23,224356,29.641432157484477
0.2,7569,-8,224348,29.636459709379128
0.2,7570,41,224389,29.63796063928147
0.2,7571,67,224456,29.642894875858424
0.2,7572,-50,224406,29.63237818565958
0.2,7573,21,224427,29.631238447319777
0.2,7574,4,224431,29.627854785478547
0.2,7575,80,224511,29.634503695881733
0.2,7576,-178,224333,29.607100435528572
0.2,7577,91,224424,29.61520190023753
0.2,7578,-2,224422,29.61103047895501
0.2,7579,86,224508,29.618469656992083
0.2,7580,94,224602,29.6269621421976
0.2,7581,-24,224578,29.619889211289898
0.2,7582,60,224638,29.62389555584861
0.2,7583,73,224711,29.629614978902953
0.2,7584,92,224803,29.63783783783784
0.2,7585,43,224846,29.63959926179805
0.2,7586,20,224866,29.638328720179253
0.2,7587,-58,224808,29.626779124934107
0.2,7588,73,224881,29.63249439978917
0.2,7589,24,224905,29.631752305665348
0.2,7590,94,224999,29.640231853510738
0.2,7591,31,225030,29.64041095890411
0.2,7592,30,225060,29.640458316870802
0.2,7593,93,225153,29.648801685541216
0.2,7594,67,225220,29.653719552337066
0.2,7595,72,225292,29.6592943654555
0.2,7596,92,225384,29.667500329077267
0.2,7597,48,225432,29.669913135035536
0.2,7598,92,225524,29.678115541518622
0.2,7599,-62,225462,29.666052631578946
0.2,7600,76,225538,29.672148401526115
0.2,7601,-24,225514,29.665088134701396
0.2,7602,-6,225508,29.66039721162699
0.2,7603,-56,225452,29.64913203577065
0.2,7604,-3,225449,29.644838921762
0.2,7605,87,225536,29.652379700236654
0.2,7606,-178,225358,29.625082161167345
0.2,7607,-15,225343,29.61921661409043
0.2,7608,88,225431,29.62688921014588
0.2,7609,78,225509,29.63324572930355
0.2,7610,94,225603,29.641702798581
0.2,7611,-49,225554,29.631371518654756
0.2,7612,73,225627,29.63706817286221
0.2,7613,84,225711,29.64420803782506
0.2,7614,93,225804,29.65252790544977
0.2,7615,-13,225791,29.646927521008404
0.2,7616,-77,225714,29.632926348956282
0.2,7617,-32,225682,29.624835914938306
0.2,7618,89,225771,29.63262895393096
0.2,7619,-61,225710,29.620734908136484
0.2,7620,68,225778,29.625770896207847
0.2,7621,-15,225763,29.619916032537393
0.2,7622,66,225829,29.624688442870262
0.2,7623,31,225860,29.624868835257082
0.2,7624,-23,225837,29.617967213114753
0.2,7625,75,225912,29.62391817466562
0.2,7626,-7,225905,29.619116297364627
0.2,7627,-135,225770,29.597535395909805
0.2,7628,82,225852,29.60440424695242
0.2,7629,-151,225701,29.58073394495413
0.2,7630,-90,225611,29.56506355654567
0.2,7631,91,225702,29.57311320754717
0.2,7632,-81,225621,29.5586270142801
0.2,7633,81,225702,29.565365470264606
0.2,7634,19,225721,29.563981663392273
0.2,7635,86,225807,29.571372446306967
0.2,7636,81,225888,29.578106586355897
0.2,7637,69,225957,29.583267871170463
0.2,7638,-344,225613,29.534363136536196
0.2,7639,52,225665,29.537303664921467
0.2,7640,41,225706,29.538803821489335
0.2,7641,88,225794,29.54645380790369
0.2,7642,-1,225793,29.54245715033364
0.2,7643,41,225834,29.543956043956044
0.2,7644,74,225908,29.549771092217135
0.2,7645,93,226001,29.558069578864767
0.2,7646,-19,225982,29.551719628612528
0.2,7647,58,226040,29.555439330543933
0.2,7648,25,226065,29.554843770427507
0.2,7649,83,226148,29.561830065359477
0.2,7650,2,226150,29.55822768265586
0.2,7651,92,226242,29.566387872451646
0.2,7652,-76,226166,29.552593754083365
0.2,7653,-87,226079,29.537366083093808
0.2,7654,86,226165,29.544741998693663
0.2,7655,77,226242,29.550940438871475
0.2,7656,87,226329,29.558443254538332
0.2,7657,76,226405,29.564507704361453
0.2,7658,83,226488,29.571484528006266
0.2,7659,-256,226232,29.53420365535248
0.2,7660,41,226273,29.535700300221905
0.2,7661,91,226364,29.543722265726963
0.2,7662,87,226451,29.551220148766802
0.2,7663,-65,226386,29.538883089770355
0.2,7664,59,226445,29.54272667971298
0.2,7665,-14,226431,29.53704669971302
0.2,7666,56,226487,29.54049823920699
0.2,7667,74,226561,29.546296296296298
0.2,7668,84,226645,29.553396792280612
0.2,7669,7,226652,29.55045632333768
0.2,7670,36,226688,29.551297092947465
0.2,7671,-29,226659,29.54366527632951
0.2,7672,8,226667,29.540857552456668
0.2,7673,-32,226635,29.532838154808445
0.2,7674,61,226696,29.536938110749187
0.2,7675,-68,226628,29.524231370505472
0.2,7676,58,226686,29.527940601797578
0.2,7677,-35,226651,29.519536337587912
0.2,7678,88,226739,29.52715197291314
0.2,7679,76,226815,29.533203125
0.2,7680,-85,226730,29.51829188907694
0.2,7681,25,226755,29.517703722988806
0.2,7682,36,226791,29.51854744240531
0.2,7683,77,226868,29.52472670484123
0.2,7684,74,226942,29.530513988288874
0.2,7685,-52,226890,29.519906323185012
0.2,7686,81,226971,29.526603356315857
0.2,7687,46,227017,29.528746097814775
0.2,7688,63,227080,29.533099232670047
0.2,7689,68,227148,29.53810143042913
0.2,7690,-11,227137,29.532830581198805
0.2,7691,-362,226775,29.481929277171087
0.2,7692,-69,226706,29.469127778499935
0.2,7693,94,226800,29.47751494671172
0.2,7694,49,226849,29.48005198180637
0.2,7695,72,226921,29.485576923076923
0.2,7696,-51,226870,29.47512017669222
0.2,7697,82,226952,29.481943361912187
0.2,7698,4,226956,29.478633588777765
0.2,7699,56,227012,29.482077922077924
0.2,7700,-26,226986,29.474873393065835
0.2,7701,28,227014,29.474681900804985
0.2,7702,92,227106,29.482798909515772
0.2,7703,1,227107,29.47910176531672
0.2,7704,92,227199,29.487216093445813
0.2,7705,94,227293,29.495587853620556
0.2,7706,-28,227265,29.488127676138575
0.2,7707,43,227308,29.489880643487286
0.2,7708,81,227389,29.496562459462965
0.2,7709,-164,227225,29.471465629053178
0.2,7710,82,227307,29.47827778498249
0.2,7711,-332,226975,29.43140560165975
0.2,7712,68,227043,29.436406067677947
0.2,7713,53,227096,29.439460720767435
0.2,7714,-161,226935,29.414776409591706
0.2,7715,89,227024,29.422498703991707
0.2,7716,55,227079,29.425813139821173
0.2,7717,4,227083,29.42251878725058
0.2,7718,6,227089,29.419484389169583
0.2,7719,81,227170,29.42616580310881
0.2,7720,35,227205,29.426887708846003
0.2,7721,-48,227157,29.416860916860916
0.2,7722,-210,226947,29.385860416936424
0.2,7723,73,227020,29.39150699119627
0.2,7724,-63,226957,29.37954692556634
0.2,7725,90,227047,29.387393217706446
0.2,7726,49,227096,29.38993140934386
0.2,7727,73,227169,29.39557453416149
0.2,7728,61,227230,29.39966360460603
0.2,7729,68,227298,29.404657179818887
0.2,7730,94,227392,29.41301254688915
0.2,7731,64,227456,29.417485773409208
0.2,7732,41,227497,29.418983576878315
0.2,7733,1,227498,29.415309025084046
0.2,7734,68,227566,29.420297349709113
0.2,7735,-17,227549,29.414296794208894
0.2,7736,93,227642,29.422515186764898
0.2,7737,93,227735,29.430731455156373
0.2,7738,59,227794,29.43455226773485
0.2,7739,84,227878,29.441602067183464
0.2,7740,50,227928,29.44425784782328
0.2,7741,32,227960,29.444587961766985
0.2,7742,31,227991,29.44478884153429
0.2,7743,52,228043,29.44770144628099
0.2,7744,85,228128,29.454874112330536
0.2,7745,85,228213,29.462044926413633
0.2,7746,-101,228112,29.445204595327223
0.2,7747,93,228205,29.453407330924108
0.2,7748,88,228293,29.460962704865143
0.2,7749,85,228378,29.468129032258066
0.2,7750,82,228460,29.474906463682107
0.2,7751,85,228545,29.482069143446854
0.2,7752,25,228570,29.481491035728105
0.2,7753,8,228578,29.478720660304358
0.2,7754,82,228660,29.485493230174082
0.2,7755,-11,228649,29.480273336771532
0.2,7756,69,228718,29.485368054660306
0.2,7757,91,228809,29.4932972415571
0.2,7758,88,228897,29.500837736821754
0.2,7759,-4,228893,29.4965206185567
0.2,7760,16,228909,29.49478160030924
0.2,7761,23,228932,29.493944859572274
0.2,7762,-61,228871,29.482287775344584
0.2,7763,-372,228499,29.43057702215353
0.2,7764,59,228558,29.434385061171927
0.2,7765,64,228622,29.438835951583826
0.2,7766,-31,228591,29.431054461181922
0.2,7767,15,228606,29.429196704428424
0.2,7768,28,228634,29.42901274295276
0.2,7769,-125,228509,29.40913770913771
0.2,7770,86,228595,29.41642002316304
0.2,7771,92,228687,29.424472465259907
0.2,7772,-28,228659,29.41708478065097
0.2,7773,75,228734,29.422948289169025
0.2,7774,3,228737,29.419549839228296
0.2,7775,46,228783,29.421682098765434
0.2,7776,-86,228697,29.406840684068406
0.2,7777,75,228772,29.41270249421445
0.2,7778,-37,228735,29.40416505977632
0.2,7779,-204,228531,29.374164524421595
0.2,7780,78,228609,29.38041382855674
0.2,7781,27,228636,29.38010794140324
0.2,7782,91,228727,29.388025183091354
0.2,7783,70,228797,29.393242548818087
0.2,7784,79,228876,29.39961464354528
0.2,7785,55,228931,29.402902645774468
0.2,7786,92,229023,29.410941312443818
0.2,7787,73,229096,29.416538263995893
0.2,7788,29,229125,29.416484786237
0.2,7789,82,229207,29.423234916559693
0.2,7790,-38,229169,29.414580926710308
0.2,7791,62,229231,29.418762833675565
0.2,7792,6,229237,29.41575773129732
0.2,7793,-49,229188,29.405696689761356
0.2,7794,89,229277,29.413341885824245
0.2,7795,-247,229030,29.377886095433556
0.2,7796,-102,228928,29.361036296011285
0.2,7797,94,229022,29.369325468068734
0.2,7798,52,229074,29.37222720861649
0.2,7799,74,229148,29.37794871794872
0.2,7800,-12,229136,29.37264453275221
0.2,7801,94,229230,29.3809279671879
0.2,7802,89,229319,29.388568499295143
0.2,7803,-62,229257,29.376858021527422
0.2,7804,-6,229251,29.372325432415117
0.2,7805,25,229276,29.37176530873687
0.2,7806,73,229349,29.37735365697451
0.2,7807,39,229388,29.37858606557377
0.2,7808,-107,229281,29.361121782558588
0.2,7809,84,229365,29.368117797695263
0.2,7810,-58,229307,29.35693253104596
0.2,7811,63,229370,29.361239119303637
0.2,7812,49,229419,29.363752719825932
0.2,7813,65,229484,29.3683132838495
0.2,7814,-51,229433,29.358029430582214
0.2,7815,82,229515,29.36476458546571
0.2,7816,-44,229471,29.355379301522323
0.2,7817,84,229555,29.36236889229982
0.2,7818,80,229635,29.368845120859444
0.2,7819,46,229681,29.370971867007672
0.2,7820,-86,229595,29.3562204321698
0.2,7821,-45,229550,29.346714395295322
0.2,7822,-58,229492,29.33554902211428
0.2,7823,15,229507,29.333716768916155
0.2,7824,89,229596,29.341341853035143
0.2,7825,34,229630,29.341937132634808
0.2,7826,79,229709,29.348281589370128
0.2,7827,82,229791,29.35500766479305
0.2,7828,26,229817,29.354579128879806
0.2,7829,89,229906,29.36219667943806
0.2,7830,53,229959,29.36521517047631
0.2,7831,44,230003,29.367083758937692
0.2,7832,-47,229956,29.35733435465339
0.2,7833,19,229975,29.35601225427623
0.2,7834,37,230012,29.35698787492023
0.2,7835,76,230088,29.362940275650843
0.2,7836,29,230117,29.36289396452724
0.2,7837,86,230203,29.3701199285532
0.2,7838,49,230252,29.372624059191224
0.2,7839,88,230340,29.380102040816325
0.2,7840,-13,230327,29.3746971049611
0.2,7841,25,230352,29.374139250191277
0.2,7842,38,230390,29.375239066683665
0.2,7843,-140,230250,29.35364609892912
0.2,7844,85,230335,29.360739324410453
0.2,7845,68,230403,29.36566403262809
0.2,7846,5,230408,29.362558939722188
0.2,7847,94,230502,29.37079510703364
0.2,7848,65,230567,29.375334437507963
0.2,7849,46,230613,29.37745222929936
0.2,7850,42,230655,29.37905999235766
0.2,7851,71,230726,29.384360672440142
0.2,7852,92,230818,29.392334139819177
0.2,7853,88,230906,29.39979628214922
0.2,7854,70,230976,29.40496499045194
0.2,7855,57,231033,29.408477596741346
0.2,7856,88,231121,29.41593483517882
0.2,7857,89,231210,29.423517434461694
0.2,7858,91,231301,29.431352589387963
0.2,7859,91,231392,29.43918575063613
0.2,7860,36,231428,29.440020353644574
0.2,7861,30,231458,29.4400915797507
0.2,7862,69,231527,29.445122726694645
0.2,7863,92,231619,29.453077314343844
0.2,7864,33,231652,29.453528289891928
0.2,7865,87,231739,29.46084413933384
0.2,7866,19,231758,29.459514427354772
0.2,7867,-35,231723,29.451321809862733
0.2,7868,76,231799,29.457237260134704
0.2,7869,37,231836,29.458195679796695
0.2,7870,66,231902,29.462838267056284
0.2,7871,27,231929,29.462525406504064
0.2,7872,-102,231827,29.445827511749016
0.2,7873,-80,231747,29.431927863855726
0.2,7874,44,231791,29.433777777777777
0.2,7875,80,231871,29.44019807008634
0.2,7876,69,231940,29.445220261520884
0.2,7877,29,231969,29.445163747143944
0.2,7878,31,232000,29.44536108643229
0.2,7879,91,232091,29.453172588832487
0.2,7880,56,232147,29.456541048090344
0.2,7881,78,232225,29.462699822380106
0.2,7882,-19,232206,29.456552074083472
0.2,7883,34,232240,29.45712836123795
0.2,7884,83,232323,29.46391883322765
0.2,7885,86,232409,29.471088004057822
0.2,7886,88,232497,29.478508938759983
0.2,7887,8,232505,29.475786004056793
0.2,7888,16,232521,29.47407782988972
0.2,7889,82,232603,29.480735107731306
0.2,7890,12,232615,29.47851983272082
0.2,7891,51,232666,29.481246832235176
0.2,7892,93,232759,29.48929431141518
0.2,7893,94,232853,29.497466430200152
0.2,7894,9,232862,29.4948701709943
0.2,7895,62,232924,29.49898682877406
0.2,7896,75,232999,29.504748638723566
0.2,7897,-1,232998,29.500886300329196
0.2,7898,88,233086,29.50829218888467
0.2,7899,55,233141,29.511518987341773
0.2,7900,25,233166,29.510947981268195
0.2,7901,94,233260,29.519109086307264
0.2,7902,-22,233238,29.5125901556371
0.2,7903,0,233238,29.508856275303643
0.2,7904,-51,233187,29.49867172675522
0.2,7905,43,233230,29.50037945863901
0.2,7906,92,233322,29.508283799165298
0.2,7907,84,233406,29.51517450682853
0.2,7908,61,233467,29.51915539259072
0.2,7909,91,233558,29.52692793931732
0.2,7910,91,233649,29.534698521046643
0.2,7911,72,233721,29.540065722952477
0.2,7912,-73,233648,29.527107291798306
0.2,7913,67,233715,29.531842304776347
0.2,7914,63,233778,29.536070751737206
0.2,7915,93,233871,29.544087923193533
0.2,7916,-1,233870,29.54022988505747
0.2,7917,-56,233814,29.529426622884568
0.2,7918,94,233908,29.537567874731657
0.2,7919,40,233948,29.538888888888888
0.2,7920,88,234036,29.546269410427975
0.2,7921,79,234115,29.552511991921232
0.2,7922,67,234182,29.557238419790483
0.2,7923,90,234272,29.564866229177184
0.2,7924,-42,234230,29.55583596214511
0.2,7925,21,234251,29.554756497602828
0.2,7926,71,234322,29.559984861864514
0.2,7927,-27,234295,29.55285065590313
0.2,7928,-108,234187,29.535502585445833
0.2,7929,82,234269,29.542118537200505
0.2,7930,42,234311,29.54368932038835
0.2,7931,22,234333,29.542738275340394
0.2,7932,-37,234296,29.534350182780788
0.2,7933,-40,234256,29.525586085202924
0.2,7934,86,234342,29.532703213610585
0.2,7935,72,234414,29.538054435483872
0.2,7936,94,234508,29.546176137079502
0.2,7937,63,234571,29.550390526581
0.2,7938,73,234644,29.555863458873915
0.2,7939,-133,234511,29.53539042821159
0.2,7940,20,234531,29.53418964865886
0.2,7941,70,234601,29.539284814908083
0.2,7942,14,234615,29.537328465315372
0.2,7943,86,234701,29.544436052366567
0.2,7944,93,234794,29.552422907488985
0.2,7945,65,234859,29.556883966775736
0.2,7946,9,234868,29.554297219076382
0.2,7947,-6,234862,29.549823855057877
0.2,7948,16,234878,29.548119260284313
0.2,7949,92,234970,29.555974842767295
0.2,7950,-28,234942,29.548736008049303
0.2,7951,66,235008,29.553319919517104
0.2,7952,84,235092,29.560165975103736
0.2,7953,23,235115,29.55934121196882
0.2,7954,76,235191,29.565179132620994
0.2,7955,0,235191,29.561463046757165
0.2,7956,36,235227,29.562272213145658
0.2,7957,94,235321,29.570369439557677
0.2,7958,18,235339,29.568915692926247
0.2,7959,28,235367,29.568718592964824
0.2,7960,59,235426,29.572415525687727
0.2,7961,89,235515,29.57987942727958
0.2,7962,78,235593,29.58596006530202
0.2,7963,93,235686,29.593922651933703
0.2,7964,72,235758,29.59924670433145
0.2,7965,14,235772,29.5972884760231
0.2,7966,-63,235709,29.58566587172085
0.2,7967,63,235772,29.589859437751002
0.2,7968,-10,235762,29.584891454385744
0.2,7969,94,235856,29.59297365119197
0.2,7970,-117,235739,29.574582862877932
0.2,7971,2,235741,29.571123933768188
0.2,7972,-101,235640,29.554747272043144
0.2,7973,-57,235583,29.543892651116128
0.2,7974,-112,235471,29.52614420062696
0.2,7975,81,235552,29.53259779338014
0.2,7976,49,235601,29.53503823492541
0.2,7977,-26,235575,29.52807721233392
0.2,7978,54,235629,29.53114425366587
0.2,7979,90,235719,29.53872180451128
0.2,7980,-8,235711,29.534018293446938
0.2,7981,38,235749,29.535078927587072
0.2,7982,86,235835,29.542152073155457
0.2,7983,35,235870,29.542835671342687
0.2,7984,51,235921,29.545522855353788
0.2,7985,-32,235889,29.537816178312045
0.2,7986,-10,235879,29.532865907099037
0.2,7987,59,235938,29.536554832248374
0.2,7988,-134,235804,29.516084616347477
0.2,7989,44,235848,29.517897371714643
0.2,7990,89,235937,29.525341008634715
0.2,7991,20,235957,29.52414914914915
0.2,7992,72,236029,29.529463280370322
0.2,7993,40,236069,29.530773079809858
0.2,7994,-26,236043,29.523827392120076
0.2,7995,74,236117,29.529389694847424
0.2,7996,73,236190,29.534825559584846
0.2,7997,79,236269,29.54101025256314
0.2,7998,94,236363,29.549068633579196
0.2,7999,93,236456,29.557
0.2,8000,93,236549,29.56492938382702
0.2,8001,88,236637,29.572231942014497
0.2,8002,7,236644,29.569411470698487
0.2,8003,-18,236626,29.563468265867066
0.2,8004,65,236691,29.56789506558401
0.2,8005,85,236776,29.574818885835622
0.2,8006,48,236824,29.577120019982516
0.2,8007,88,236912,29.584415584415584
0.2,8008,62,236974,29.588462979148456
0.2,8009,-50,236924,29.57852684144819
0.2,8010,80,237004,29.58482087130196
0.2,8011,9,237013,29.58225162256615
0.2,8012,86,237099,29.589292399850244
0.2,8013,20,237119,29.588095832293487
0.2,8014,90,237209,29.595633187772926
0.2,8015,46,237255,29.597679640718564
0.2,8016,-49,237206,29.587875764001495
0.2,8017,73,237279,29.593290097281116
0.2,8018,-5,237274,29.588976181568775
0.2,8019,-180,237094,29.56284289276808
0.2,8020,87,237181,29.570003740182024
0.2,8021,59,237240,29.573672400897532
0.2,8022,61,237301,29.577589430387636
0.2,8023,28,237329,29.577392821535394
0.2,8024,88,237417,29.584672897196263
0.2,8025,92,237509,29.592449538998256
0.2,8026,2,237511,29.58901208421577
0.2,8027,93,237604,29.59691081215745
0.2,8028,92,237696,29.60468302403786
0.2,8029,87,237783,29.611830635118306
0.2,8030,69,237852,29.616735151288758
0.2,8031,80,237932,29.62300796812749
0.2,8032,56,237988,29.62629154736711
0.2,8033,91,238079,29.633930794124968
0.2,8034,-75,238004,29.62090852520224
0.2,8035,15,238019,29.619089099054257
0.2,8036,-122,237897,29.600223964165732
0.2,8037,84,237981,29.60699178900224
0.2,8038,68,238049,29.611767632790148
0.2,8039,59,238108,29.61542288557214
0.2,8040,9,238117,29.612859097127224
0.2,8041,6,238123,29.60992290475006
0.2,8042,63,238186,29.614074350366778
0.2,8043,17,238203,29.612506215813028
0.2,8044,6,238209,29.609571162212553
0.2,8045,-51,238158,29.599552572706934
0.2,8046,29,238187,29.599478066360135
0.2,8047,68,238255,29.604249502982107
0.2,8048,34,238289,29.604795626785936
0.2,8049,39,238328,29.605962732919256
0.2,8050,7,238335,29.603154887591604
0.2,8051,-122,238213,29.58432687531048
0.2,8052,92,238305,29.592077486650936
0.2,8053,77,238382,29.59796374472312
0.2,8054,54,238436,29.600993171942893
0.2,8055,92,238528,29.608738828202583
0.2,8056,-54,238474,29.59836167307931
0.2,8057,87,238561,29.60548523206751
0.2,8058,-35,238526,29.597468668569302
0.2,8059,-59,238467,29.586476426799006
0.2,8060,-50,238417,29.576603399082
0.2,8061,92,238509,29.584346316050606
0.2,8062,-41,238468,29.57559221133573
0.2,8063,89,238557,29.58296130952381
0.2,8064,39,238596,29.584128952262866
0.2,8065,77,238673,29.590007438631293
0.2,8066,20,238693,29.588818643857692
0.2,8067,67,238760,29.593455627169064
0.2,8068,91,238851,29.60106580741108
0.2,8069,-98,238753,29.585254027261463
0.2,8070,94,238847,29.59323503902862
0.2,8071,35,238882,29.59390485629336
0.2,8072,71,238953,29.59903381642512
0.2,8073,83,239036,29.605647758236316
0.2,8074,-7,239029,29.60111455108359
0.2,8075,89,239118,29.60846953937593
0.2,8076,-60,239058,29.597375263092733
0.2,8077,-149,238909,29.57526615498886
0.2,8078,19,238928,29.57395717291744
0.2,8079,94,239022,29.581930693069307
0.2,8080,83,239105,29.588541022150725
0.2,8081,-29,239076,29.58129175946548
0.2,8082,87,239163,29.58839539774836
0.2,8083,93,239256,29.596239485403267
0.2,8084,61,239317,29.60012368583797
0.2,8085,-125,239192,29.58100420479842
0.2,8086,-321,238871,29.537653023370844
0.2,8087,31,238902,29.537833827893174
0.2,8088,-162,238740,29.514155025343058
0.2,8089,66,238806,29.51866501854141
0.2,8090,56,238862,29.521937955753305
0.2,8091,-17,238845,29.516188828472565
0.2,8092,-140,238705,29.495242802421846
0.2,8093,-193,238512,29.467753891771682
0.2,8094,51,238563,29.47041383570105
0.2,8095,3,238566,29.467144268774703
0.2,8096,90,238656,29.47462022971471
0.2,8097,3,238659,29.471350950852063
0.2,8098,80,238739,29.47758982590443
0.2,8099,69,238808,29.482469135802468
0.2,8100,42,238850,29.48401431921985
0.2,8101,66,238916,29.488521352752407
0.2,8102,35,238951,29.48920153029742
0.2,8103,-18,238933,29.483341559723595
0.2,8104,93,239026,29.491178285009255
0.2,8105,63,239089,29.4953121144831
0.2,8106,85,239174,29.502158628345875
0.2,8107,42,239216,29.50370004933399
0.2,8108,-235,238981,29.47108151436675
0.2,8109,88,239069,29.47829839704069
0.2,8110,-6,239063,29.473924300332882
0.2,8111,48,239111,29.47620808678501
0.2,8112,67,239178,29.480833230617527
0.2,8113,80,239258,29.487059403500123
0.2,8114,-174,239084,29.461983980283424
0.2,8115,85,239169,29.46882700837851
0.2,8116,74,239243,29.474313169890355
0.2,8117,87,239330,29.48139935944814
0.2,8118,-23,239307,29.474935336864146
0.2,8119,91,239398,29.482512315270935
0.2,8120,39,239437,29.48368427533555
0.2,8121,-211,239226,29.454075350898794
0.2,8122,-162,239064,29.43050597070048
0.2,8123,-6,239058,29.426144756277697
0.2,8124,27,239085,29.425846153846155
0.2,8125,-56,239029,29.415333497415702
0.2,8126,44,239073,29.417128091546697
0.2,8127,4,239077,29.414000984251967
0.2,8128,-47,239030,29.404600811907983
0.2,8129,81,239111,29.410947109471095
0.2,8130,65,239176,29.415324068380272
0.2,8131,-140,239036,29.394490900147566
0.2,8132,-107,238929,29.377720398376983
0.2,8133,68,238997,29.382468650110646
0.2,8134,46,239043,29.384511370620775
0.2,8135,90,239133,29.391961651917406
0.2,8136,26,239159,29.391544795379133
0.2,8137,91,239250,29.39911526173507
0.2,8138,-34,239216,29.391325715689888
0.2,8139,-90,239126,29.376658476658477
0.2,8140,90,239216,29.384105146787864
0.2,8141,-142,239074,29.363055760255467
0.2,8142,89,239163,29.370379467026893
0.2,8143,88,239251,29.37757858546169
0.2,8144,-71,239180,29.36525475751995
0.2,8145,71,239251,29.37036582371716
0.2,8146,17,239268,29.36884742850129
0.2,8147,94,239362,29.376779577810506
0.2,8148,90,239452,29.384218922567186
0.2,8149,34,239486,29.384785276073618
0.2,8150,87,239573,29.391853760274813
0.2,8151,38,239611,29.392909715407264
0.2,8152,81,239692,29.399239543726235
0.2,8153,-38,239654,29.390973755212165
0.2,8154,7,239661,29.388228080931942
0.2,8155,65,239726,29.39259440902403
0.2,8156,-220,239506,29.3620203506191
0.2,8157,-69,239437,29.349963226280952
0.2,8158,92,239529,29.357641867875966
0.2,8159,84,239613,29.364338235294117
0.2,8160,82,239695,29.370787893640486
0.2,8161,75,239770,29.37637833864249
0.2,8162,65,239835,29.38074237412716
0.2,8163,67,239902,29.38535031847134
0.2,8164,94,239996,29.393263931414573
0.2,8165,-38,239958,29.38501102130786
0.2,8166,-236,239722,29.3525162238276
0.2,8167,-79,239643,29.339250734573948
0.2,8168,-51,239592,29.329416085200148
0.2,8169,28,239620,29.329253365973074
0.2,8170,65,239685,29.33361889609595
0.2,8171,93,239778,29.341409691629956
0.2,8172,87,239865,29.348464456136057
0.2,8173,-177,239688,29.323219965745047
0.2,8174,88,239776,29.33039755351682
0.2,8175,5,239781,29.327421722113503
0.2,8176,87,239868,29.33447474623945
0.2,8177,27,239895,29.334189288334557
0.2,8178,-22,239873,29.327912947793127
0.2,8179,93,239966,29.335696821515892
0.2,8180,61,240027,29.33956729006234
0.2,8181,78,240105,29.34551454412124
0.2,8182,71,240176,29.350604912623734
0.2,8183,35,240211,29.351295210166178
0.2,8184,67,240278,29.355894929749542
0.2,8185,23,240301,29.355118494991448
0.2,8186,-155,240146,29.33260046415048
0.2,8187,-98,240048,29.31704934049829
0.2,8188,89,240137,29.324337525949446
0.2,8189,64,240201,29.32857142857143
0.2,8190,64,240265,29.332804297399584
0.2,8191,-112,240153,29.3155517578125
0.2,8192,14,240167,29.313682411814963
0.2,8193,80,240247,29.319868196241153
0.2,8194,93,240340,29.327638804148872
0.2,8195,92,240432,29.33528550512445
0.2,8196,-93,240339,29.320361107722338
0.2,8197,49,240388,29.322761649182727
0.2,8198,-5,240383,29.318575436028784
0.2,8199,14,240397,29.31670731707317
0.2,8200,-7,240390,29.312278990367027
0.2,8201,-24,240366,29.30577907827359
0.2,8202,25,240391,29.30525417530172
0.2,8203,-69,240322,29.29327157484154
0.2,8204,75,240397,29.298842169408896
0.2,8205,5,240402,29.295881062637093
0.2,8206,90,240492,29.30327768977702
0.2,8207,-17,240475,29.297636452241715
0.2,8208,53,240528,29.300523815324645
0.2,8209,84,240612,29.307186358099877
0.2,8210,-43,240569,29.29838022165388
0.2,8211,90,240659,29.305772040915734
0.2,8212,80,240739,29.311944478266163
0.2,8213,93,240832,29.319698076454834
0.2,8214,-141,240691,29.298965307364575
0.2,8215,73,240764,29.304284323271666
0.2,8216,78,240842,29.310210539126203
0.2,8217,84,240926,29.31686541737649
0.2,8218,89,241015,29.324127022752158
0.2,8219,46,241061,29.32615571776156
0.2,8220,62,241123,29.330130154482422
0.2,8221,-88,241035,29.315859888105084
0.2,8222,87,241122,29.322874863188616
0.2,8223,59,241181,29.326483463035018
0.2,8224,20,241201,29.32534954407295
0.2,8225,-22,241179,29.319110138584975
0.2,8226,62,241241,29.323082533122644
0.2,8227,-42,241199,29.31441419543024
0.2,8228,74,241273,29.319844452545873
0.2,8229,28,241301,29.319684082624544
0.2,8230,75,241376,29.325233871947514
0.2,8231,-211,241165,29.29603984450923
0.2,8232,-9,241156,29.29138831531641
0.2,8233,95,241251,29.299368472188487
0.2,8234,94,241345,29.30722525804493
0.2,8235,81,241426,29.3135016998543
0.2,8236,86,241512,29.3203836348185
0.2,8237,-97,241415,29.305049769361496
0.2,8238,-134,241281,29.285228789901687
0.2,8239,12,241293,29.283131067961165
0.2,8240,-59,241234,29.27241839582575
0.2,8241,-124,241110,29.253821887891288
0.2,8242,-125,240985,29.2351085769744
0.2,8243,16,241001,29.23350315380883
0.2,8244,75,241076,29.239053972104305
0.2,8245,-41,241035,29.230536017463013
0.2,8246,93,241128,29.238268461258638
0.2,8247,94,241222,29.24612027158099
0.2,8248,-19,241203,29.24027154806643
0.2,8249,68,241271,29.244969696969697
0.2,8250,60,241331,29.248697127620893
0.2,8251,-19,241312,29.24285021812894
0.2,8252,-28,241284,29.235914213013448
0.2,8253,17,241301,29.23443179064696
0.2,8254,-245,241056,29.20121138703816
0.2,8255,16,241072,29.199612403100776
0.2,8256,-10,241062,29.194864963061644
0.2,8257,82,241144,29.201259384838945
0.2,8258,93,241237,29.208984138515557
0.2,8259,-72,241165,29.196731234866828
0.2,8260,20,241185,29.195617963926885
0.2,8261,73,241258,29.200919874122487
0.2,8262,78,241336,29.20682560813264
0.2,8263,93,241429,29.214545014520812
0.2,8264,69,241498,29.21935874168179
0.2,8265,83,241581,29.225864989112026
0.2,8266,-63,241518,29.214709084311117
0.2,8267,48,241566,29.21698113207547
0.2,8268,75,241641,29.222517837707098
0.2,8269,-37,241604,29.214510278113664
0.2,8270,89,241693,29.221738604763633
0.2,8271,90,241783,29.229086073500966
0.2,8272,-121,241662,29.210927112293
0.2,8273,61,241723,29.214769156393523
0.2,8274,88,241811,29.22187311178248
0.2,8275,18,241829,29.220517158047365
0.2,8276,-107,241722,29.20405944182675
0.2,8277,-75,241647,29.19147136989611
0.2,8278,79,241726,29.19748761927769
0.2,8279,-53,241673,29.18756038647343
0.2,8280,17,241690,29.186088636638086
0.2,8281,45,241735,29.187998068099493
0.2,8282,72,241807,29.19316672703127
0.2,8283,-156,241651,29.170811202317722
0.2,8284,75,241726,29.176342788171393
0.2,8285,6,241732,29.173545739802076
0.2,8286,81,241813,29.17979968625558
0.2,8287,-154,241659,29.157697876447877
0.2,8288,54,241713,29.160694896851247
0.2,8289,54,241767,29.163691194209893
0.2,8290,72,241839,29.168857797611867
0.2,8291,72,241911,29.174023154848047
0.2,8292,66,241977,29.178463764620766
0.2,8293,78,242055,29.184350132625994
0.2,8294,-14,242041,29.179144062688366
0.2,8295,7,242048,29.176470588235293
0.2,8296,59,242107,29.180065083765218
0.2,8297,43,242150,29.18173053747891
0.2,8298,22,242172,29.180865164477648
0.2,8299,50,242222,29.183373493975903
0.2,8300,93,242315,29.191061317913505
0.2,8301,87,242402,29.198024572392196
0.2,8302,93,242495,29.20570877995905
0.2,8303,92,242587,29.21327071290944
0.2,8304,-71,242516,29.201204093919326
0.2,8305,76,242592,29.206838430050567
0.2,8306,44,242636,29.208619236788252
0.2,8307,11,242647,29.20642753972075
0.2,8308,93,242740,29.21410518714647
0.2,8309,89,242829,29.22129963898917
0.2,8310,93,242922,29.22897364938034
0.2,8311,74,242996,29.234359961501443
0.2,8312,46,243042,29.236376759292675
0.2,8313,93,243135,29.244046187154197
0.2,8314,85,243220,29.250751653638005
0.2,8315,-66,243154,29.23929773929774
0.2,8316,90,243244,29.2466033425514
0.2,8317,94,243338,29.254388074056262
0.2,8318,91,243429,29.261810313739634
0.2,8319,20,243449,29.260697115384616
0.2,8320,69,243518,29.26547289989184
0.2,8321,16,243534,29.26387887527037
0.2,8322,90,243624,29.271176258560615
0.2,8323,93,243717,29.278832292167227
0.2,8324,22,243739,29.27795795795796
0.2,8325,-7,243732,29.273600768676435
0.2,8326,63,243795,29.277651014771227
0.2,8327,36,243831,29.278458213256485
0.2,8328,15,243846,29.276743906831552
0.2,8329,1,243847,29.273349339735894
0.2,8330,-3,243844,29.269475453126876
0.2,8331,70,243914,29.274363898223715
0.2,8332,78,243992,29.28021120844834
0.2,8333,-8,243984,29.275737940964724
0.2,8334,-208,243776,29.24727054589082
0.2,8335,94,243870,29.25503838771593
0.2,8336,91,243961,29.26244452440926
0.2,8337,78,244039,29.26828975773567
0.2,8338,27,244066,29.268017747931406
0.2,8339,57,244123,29.27134292565947
0.2,8340,-61,244062,29.2605203213044
0.2,8341,-47,244015,29.251378566291056
0.2,8342,66,244081,29.255783291382
0.2,8343,21,244102,29.254793863854267
0.2,8344,-214,243888,29.225644098262432
0.2,8345,60,243948,29.229331416247305
0.2,8346,-23,243925,29.223074158380257
0.2,8347,92,244017,29.230594154288454
0.2,8348,-25,243992,29.224098694454426
0.2,8349,38,244030,29.225149700598802
0.2,8350,-119,243911,29.20740031133996
0.2,8351,79,243990,29.213362068965516
0.2,8352,21,244011,29.212378786064885
0.2,8353,63,244074,29.21642327028968
0.2,8354,-5,244069,29.212327947336924
0.2,8355,83,244152,29.218764959310676
0.2,8356,6,244158,29.215986598061505
0.2,8357,-80,244078,29.202919358698253
0.2,8358,-56,244022,29.192726402679746
0.2,8359,92,244114,29.20023923444976
0.2,8360,18,244132,29.198899653151535
0.2,8361,-319,243813,29.157259028940445
0.2,8362,-108,243705,29.140858543584837
0.2,8363,66,243771,29.145265423242467
0.2,8364,45,243816,29.14716078900179
0.2,8365,51,243867,29.149772890270143
0.2,8366,75,243942,29.155252778773754
0.2,8367,4,243946,29.152246653919693
0.2,8368,54,244000,29.155215676902856
0.2,8369,-74,243926,29.14289127837515
0.2,8370,87,244013,29.149802890932982
0.2,8371,66,244079,29.154204491161014
0.2,8372,77,244156,29.159918786575897
0.2,8373,85,244241,29.166587055170766
0.2,8374,93,244334,29.174208955223882
0.2,8375,93,244427,29.181829035339064
0.2,8376,19,244446,29.180613584815568
0.2,8377,95,244541,29.18846980186202
0.2,8378,-21,244520,29.182480009547678
0.2,8379,-23,244497,29.176252983293555
0.2,8380,5,244502,29.17336833313447
0.2,8381,-19,244483,29.167621092817942
0.2,8382,59,244542,29.171179768579268
0.2,8383,-7,244535,29.166865458015266
0.2,8384,65,244600,29.1711389385808
0.2,8385,89,244689,29.178273312663965
0.2,8386,82,244771,29.184571360438774
0.2,8387,-38,244733,29.176561754887935
0.2,8388,-31,244702,29.16938848492073
0.2,8389,33,244735,29.16984505363528
0.2,8390,90,244825,29.177094506018353
0.2,8391,52,244877,29.17981410867493
0.2,8392,19,244896,29.178601215298464
0.2,8393,85,244981,29.185251370026208
0.2,8394,62,245043,29.18916021441334
0.2,8395,59,245102,29.192710814673653
0.2,8396,-101,245001,29.177206145051805
0.2,8397,35,245036,29.177899499880922
0.2,8398,78,245114,29.183712346707942
0.2,8399,84,245198,29.190238095238094
0.2,8400,-29,245169,29.18331151053446
0.2,8401,-42,245127,29.174839323970485
0.2,8402,87,245214,29.181720813995003
0.2,8403,-38,245176,29.173726796763447
0.2,8404,-9,245167,29.16918500892326
0.2,8405,35,245202,29.169878658101357
0.2,8406,78,245280,29.175686927560367
0.2,8407,91,245371,29.18303996194101
0.2,8408,86,245457,29.189796646450233
0.2,8409,60,245517,29.19346016646849
0.2,8410,71,245588,29.198430626560455
0.2,8411,37,245625,29.19935805991441
0.2,8412,87,245712,29.206228455961014
0.2,8413,-87,245625,29.192417399572143
0.2,8414,86,245711,29.19916815210933
0.2,8415,72,245783,29.204253802281368
0.2,8416,70,245853,29.209100629678034
0.2,8417,-32,245821,29.201829413162272
0.2,8418,89,245910,29.2089321772182
0.2,8419,-60,245850,29.19833729216152
0.2,8420,-118,245732,29.180857380358628
0.2,8421,15,245747,29.17917359297079
0.2,8422,92,245839,29.186631841386678
0.2,8423,61,245900,29.190408357075025
0.2,8424,-45,245855,29.18160237388724
0.2,8425,48,245903,29.183835746498932
0.2,8426,79,245982,29.189747241011037
0.2,8427,81,246063,29.19589463692454
0.2,8428,-119,245944,29.178312967137263
0.2,8429,42,245986,29.179833926453142
0.2,8430,-28,245958,29.173051832522834
0.2,8431,91,246049,29.180384250474383
0.2,8432,-150,245899,29.15913672477173
0.2,8433,9,245908,29.156746502252787
0.2,8434,53,245961,29.15957320687611
0.2,8435,93,246054,29.167140825035563
0.2,8436,43,246097,29.168780372170204
0.2,8437,-170,245927,29.145176582128467
0.2,8438,-22,245905,29.139116009005807
0.2,8439,62,245967,29.143009478672987
0.2,8440,-56,245911,29.13292263949769
0.2,8441,13,245924,29.13101160862355
0.2,8442,78,246002,29.13679971574085
0.2,8443,86,246088,29.143533870203694
0.2,8444,71,246159,29.14849023090586
0.2,8445,21,246180,29.147525455837084
0.2,8446,90,246270,29.154729489759678
0.2,8447,75,246345,29.16015625
0.2,8448,59,246404,29.163688010415434
0.2,8449,92,246496,29.17112426035503
0.2,8450,-217,246279,29.141995030173945
0.2,8451,46,246325,29.143989588263132
0.2,8452,-71,246254,29.132142434638588
0.2,8453,-405,245849,29.08079015850485
0.2,8454,75,245924,29.08622117090479
0.2,8455,-6,245918,29.082071901608327
0.2,8456,85,246003,29.0886839304718
0.2,8457,-161,245842,29.06620950579333
0.2,8458,36,245878,29.06702919966899
0.2,8459,58,245936,29.070449172576833
0.2,8460,89,246025,29.077532206594967
0.2,8461,58,246083,29.08095012999291
0.2,8462,62,246145,29.084839891291505
0.2,8463,64,246209,29.08896502835539
0.2,8464,-193,246016,29.06272888363851
0.2,8465,73,246089,29.067918733758564
0.2,8466,86,246175,29.07464273060116
0.2,8467,76,246251,29.080184222957016
0.2,8468,-246,246005,29.04770338882985
0.2,8469,36,246041,29.048524203069658
0.2,8470,89,246130,29.05560146381773
0.2,8471,5,246135,29.052762039660056
0.2,8472,-133,246002,29.03363625634368
0.2,8473,-192,245810,29.00755251357092
0.2,8474,5,245815,29.0047197640118
0.2,8475,73,245888,29.009910335063708
0.2,8476,-34,245854,29.002477291494632
0.2,8477,78,245932,29.00825666430762
0.2,8478,-72,245860,28.996343908479773
0.2,8479,-24,245836,28.99009433962264
0.2,8480,-121,245715,28.972408914043154
0.2,8481,-17,245698,28.966988917708086
0.2,8482,90,245788,28.974183661440527
0.2,8483,57,245845,28.977487034417727
0.2,8484,-114,245731,28.960636417206835
0.2,8485,73,245804,28.96582606646241
0.2,8486,84,245888,28.972310592671143
0.2,8487,-17,245871,28.966894439208293
0.2,8488,78,245949,28.97267051478384
0.2,8489,-9,245940,28.968197879858657
0.2,8490,69,246009,28.972912495583557
0.2,8491,-1,246008,28.96938294865756
0.2,8492,75,246083,28.974802778758978
0.2,8493,62,246145,28.97869084059336
0.2,8494,6,246151,28.975985874043555
0.2,8495,94,246245,28.98363935969868
0.2,8496,92,246337,28.991055666705897
0.2,8497,40,246377,28.992351141445045
0.2,8498,-46,246331,28.98352747382045
0.2,8499,-25,246306,28.977176470588237
0.2,8500,94,246400,28.984825314668864
0.2,8501,-45,246355,28.97612326511409
0.2,8502,64,246419,28.980242267435024
0.2,8503,88,246507,28.987182502351835
0.2,8504,72,246579,28.992239858906526
0.2,8505,46,246625,28.994239360451445
0.2,8506,22,246647,28.99341718584695
0.2,8507,-205,246442,28.965914433474378
0.2,8508,86,246528,28.972617228816546
0.2,8509,60,246588,28.97626321974148
0.2,8510,94,246682,28.983903184114673
0.2,8511,86,246768,28.9906015037594
0.2,8512,-170,246598,28.967226594619994
0.2,8513,72,246670,28.972280949025134
0.2,8514,82,246752,28.978508514386377
0.2,8515,92,246844,28.985908877407233
0.2,8516,84,246928,28.992368204766937
0.2,8517,84,247012,28.998826015496597
0.2,8518,78,247090,29.004578002112925
0.2,8519,11,247101,29.002464788732393
0.2,8520,28,247129,29.002347142354182
0.2,8521,-150,246979,28.981342407885474
0.2,8522,91,247070,28.98861903085768
0.2,8523,20,247090,28.987564523697795
0.2,8524,69,247159,28.99225806451613
0.2,8525,75,247234,28.997654234107436
0.2,8526,89,247323,29.004690981587895
0.2,8527,94,247417,29.01231238273921
0.2,8528,1,247418,29.009028022042443
0.2,8529,91,247509,29.016295427901525
0.2,8530,48,247557,29.018520689250966
0.2,8531,14,247571,29.016760431317394
0.2,8532,39,247610,29.01793038790578
0.2,8533,-17,247593,29.01253808296227
0.2,8534,92,247685,29.0199179847686
0.2,8535,29,247714,29.01991565135895
0.2,8536,27,247741,29.01967904416071
0.2,8537,79,247820,29.02553291168892
0.2,8538,92,247912,29.03290783464106
0.2,8539,62,247974,29.036768149882903
0.2,8540,67,248041,29.041212972719823
0.2,8541,-79,247962,29.028564738937018
0.2,8542,85,248047,29.035116469624253
0.2,8543,16,248063,29.033590823970037
0.2,8544,-17,248046,29.028203627852545
0.2,8545,-22,248024,29.022232623449568
0.2,8546,85,248109,29.02878202878203
0.2,8547,33,248142,29.029246607393542
0.2,8548,75,248217,29.0346239326237
0.2,8549,-42,248175,29.026315789473685
0.2,8550,25,248200,29.025844930417495
0.2,8551,79,248279,29.03168849391955
0.2,8552,80,248359,29.037647609026074
0.2,8553,86,248445,29.044306757072714
0.2,8554,67,248512,29.048743424897722
0.2,8555,90,248602,29.055867227676483
0.2,8556,34,248636,29.056445015776557
0.2,8557,25,248661,29.05597102126665
0.2,8558,62,248723,29.05982007243837
0.2,8559,-87,248636,29.046261682242992
0.2,8560,59,248695,29.049760541992757
0.2,8561,75,248770,29.05512730670404
0.2,8562,94,248864,29.06271166647203
0.2,8563,93,248957,29.070177487155537
0.2,8564,91,249048,29.07740805604203
0.2,8565,65,249113,29.081601681064676
0.2,8566,69,249182,29.086261234971403
0.2,8567,93,249275,29.093720821661996
0.2,8568,-113,249162,29.077138522581397
0.2,8569,90,249252,29.084247374562427
0.2,8570,62,249314,29.08808773772022
0.2,8571,76,249390,29.093560429304713
0.2,8572,91,249481,29.10078152338738
0.2,8573,-40,249441,29.092722183344996
0.2,8574,78,249519,29.098425655976676
0.2,8575,84,249603,29.104827425373134
0.2,8576,76,249679,29.11029497493296
0.2,8577,39,249718,29.111447889951037
0.2,8578,71,249789,29.116330574659052
0.2,8579,65,249854,29.120512820512822
0.2,8580,-166,249688,29.097774152196713
0.2,8581,93,249781,29.10522022838499
0.2,8582,94,249875,29.11278107887685
0.2,8583,83,249958,29.1190587138863
0.2,8584,-51,249907,29.10972626674432
0.2,8585,-112,249795,29.09329140461216
0.2,8586,2,249797,29.09013625247467
0.2,8587,67,249864,29.094550535631114
0.2,8588,88,249952,29.101408778670393
0.2,8589,90,250042,29.10849825378347
0.2,8590,78,250120,29.114189267838437
0.2,8591,59,250179,29.11766759776536
0.2,8592,88,250267,29.124519958105434
0.2,8593,94,250361,29.132068885268794
0.2,8594,88,250449,29.13891797556719
0.2,8595,93,250542,29.146347138203815
0.2,8596,9,250551,29.144003722228685
0.2,8597,-40,250511,29.135961851593393
0.2,8598,62,250573,29.13978369577858
0.2,8599,88,250661,29.146627906976743
0.2,8600,51,250712,29.1491687013138
0.2,8601,67,250779,29.153568937456406
0.2,8602,94,250873,29.161106590724167
0.2,8603,26,250899,29.16073919107392
0.2,8604,73,250972,29.165833817547938
0.2,8605,-40,250932,29.157796885893564
0.2,8606,91,251023,29.164981991402346
0.2,8607,-75,250948,29.152881040892193
0.2,8608,11,250959,29.150772447438726
0.2,8609,71,251030,29.155632984901278
0.2,8610,80,251110,29.161537568226688
0.2,8611,-8,251102,29.157222480260103
0.2,8612,-99,251003,29.142342969929178
0.2,8613,83,251086,29.14859530996053
0.2,8614,-19,251067,29.14300638421358
0.2,8615,33,251100,29.143454038997213
0.2,8616,-205,250895,29.11628176859696
0.2,8617,92,250987,29.12357855650963
0.2,8618,30,251017,29.1236802413273
0.2,8619,-7,251010,29.119489559164734
0.2,8620,90,251100,29.12655144414801
0.2,8621,-29,251071,29.119809788912086
0.2,8622,42,251113,29.121303490664502
0.2,8623,-142,250971,29.101461038961038
0.2,8624,78,251049,29.107130434782608
0.2,8625,-306,250743,29.068281938325992
0.2,8626,-406,250337,29.017850933116957
0.2,8627,94,250431,29.02538247566064
0.2,8628,-61,250370,29.014949588596593
0.2,8629,88,250458,29.021784472769408
0.2,8630,89,250547,29.02873363457305
0.2,8631,36,250583,29.02954124189064
0.2,8632,60,250643,29.0331286922275
0.2,8633,-52,250591,29.023743340282603
0.2,8634,17,250608,29.022350897510133
0.2,8635,-9,250599,29.017948124131543
0.2,8636,-210,250389,28.990274400833624
0.2,8637,75,250464,28.99560083352628
0.2,8638,58,250522,28.998958212756104
0.2,8639,87,250609,29.005671296296295
0.2,8640,82,250691,29.01180418932994
0.2,8641,94,250785,29.0193242305022
0.2,8642,77,250862,29.024875621890548
0.2,8643,-121,250741,29.007519666820915
0.2,8644,75,250816,29.01283979178716
0.2,8645,89,250905,29.019777931991673
0.2,8646,79,250984,29.025557996993175
0.2,8647,33,251017,29.026017576318225
0.2,8648,-55,250962,29.016302462712453
0.2,8649,91,251053,29.023468208092485
0.2,8650,46,251099,29.025430586059414
0.2,8651,21,251120,29.024503005085528
0.2,8652,-91,251029,29.01063215069918
0.2,8653,87,251116,29.017333025190663
0.2,8654,71,251187,29.02218370883882
0.2,8655,63,251250,29.026109057301294
0.2,8656,-29,251221,29.01940626082939
0.2,8657,86,251307,29.025987525987524
0.2,8658,13,251320,29.02413673634369
0.2,8659,19,251339,29.0229792147806
0.2,8660,-206,251133,28.99584343609283
0.2,8661,5,251138,28.993073193257906
0.2,8662,34,251172,28.9936511601062
0.2,8663,42,251214,28.99515235457064
0.2,8664,82,251296,29.00126947489902
0.2,8665,90,251386,29.00830833141011
0.2,8666,36,251422,29.00911503403715
0.2,8667,88,251510,29.015920627595754
0.2,8668,-254,251256,28.983273733994693
0.2,8669,82,251338,28.989388696655134
0.2,8670,83,251421,28.99561757582747
0.2,8671,92,251513,29.002882841328415
0.2,8672,82,251595,29.008993427879627
0.2,8673,75,251670,29.014295596034124
0.2,8674,-63,251607,29.003688760806916
0.2,8675,92,251699,29.010949746426924
0.2,8676,76,251775,29.01636510314625
0.2,8677,89,251864,29.02327725282323
0.2,8678,92,251956,29.030533471598112
0.2,8679,69,252025,29.035138248847925
0.2,8680,63,252088,29.03905080059901
0.2,8681,81,252169,29.045035706058513
0.2,8682,38,252207,29.046067027525048
0.2,8683,12,252219,29.04410409949332
0.2,8684,63,252282,29.048013816925735
0.2,8685,29,252311,29.048008289201015
0.2,8686,16,252327,29.046506273742374
0.2,8687,76,252403,29.051910681399633
0.2,8688,25,252428,29.051444354931522
0.2,8689,-275,252153,29.01645569620253
0.2,8690,60,252213,29.020020711080427
0.2,8691,-73,252140,29.008283479061205
0.2,8692,89,252229,29.01518463131255
0.2,8693,83,252312,29.021394064872325
0.2,8694,83,252395,29.02760207015526
0.2,8695,56,252451,29.030703771849126
0.2,8696,91,252542,29.037829136483843
0.2,8697,63,252605,29.04173373189239
0.2,8698,67,252672,29.046097252557765
0.2,8699,-299,252373,29.008390804597703
0.2,8700,-84,252289,28.995402827261234
0.2,8701,43,252332,28.99701218110779
0.2,8702,-79,252253,28.984603010456166
0.2,8703,49,252302,28.986902573529413
0.2,8704,70,252372,28.991614014933948
0.2,8705,25,252397,28.99115552492534
0.2,8706,31,252428,28.991386240955553
0.2,8707,-85,252343,28.978295819935692
0.2,8708,19,252362,28.977150074635436
0.2,8709,88,252450,28.983926521239955
0.2,8710,67,252517,28.988290666972794
0.2,8711,-56,252461,28.978535353535353
0.2,8712,92,252553,28.985768392057846
0.2,8713,94,252647,28.993229286206105
0.2,8714,-247,252400,28.961560527825586
0.2,8715,-37,252363,28.953992657182194
0.2,8716,70,252433,28.958701388092233
0.2,8717,-96,252337,28.944367974306033
0.2,8718,48,252385,28.946553503842186
0.2,8719,89,252474,28.953440366972476
0.2,8720,-49,252425,28.944501777319115
0.2,8721,-124,252301,28.926966292134832
0.2,8722,94,252395,28.934426229508198
0.2,8723,91,252486,28.941540577716644
0.2,8724,42,252528,28.943037249283666
0.2,8725,1,252529,28.93983497593399
0.2,8726,88,252617,28.94660249799473
0.2,8727,81,252698,28.9525664527956
0.2,8728,-76,252622,28.94054301752778
0.2,8729,79,252701,28.94627720504009
0.2,8730,82,252783,28.952353682281526
0.2,8731,80,252863,28.958199725148877
0.2,8732,-15,252848,28.953166151379822
0.2,8733,64,252912,28.957178841309823
0.2,8734,92,253004,28.96439610761305
0.2,8735,-122,252882,28.947115384615383
0.2,8736,-27,252855,28.94071191484491
0.2,8737,-28,252827,28.934195468070495
0.2,8738,90,252917,28.941183201739328
0.2,8739,64,252981,28.945194508009152
0.2,8740,-114,252867,28.928841093696374
0.2,8741,-68,252799,28.91775337451384
0.2,8742,83,252882,28.923939151321058
0.2,8743,80,252962,28.92978042086002
0.2,8744,83,253045,28.93596340766152
0.2,8745,66,253111,28.940201234850218
0.2,8746,90,253201,28.947181890934033
0.2,8747,-24,253177,28.941129401005945
0.2,8748,-30,253147,28.93439250200023
0.2,8749,49,253196,28.936685714285716
0.2,8750,95,253291,28.94423494457776
0.2,8751,79,253370,28.94995429616088
0.2,8752,88,253458,28.956700559808066
0.2,8753,26,253484,28.956362805574596
0.2,8754,72,253556,28.96127926898915
0.2,8755,46,253602,28.96322521699406
0.2,8756,0,253602,28.959917780061666
0.2,8757,22,253624,28.959123087462892
0.2,8758,66,253690,28.963351980819727
0.2,8759,-24,253666,28.95730593607306
0.2,8760,90,253756,28.964273484762014
0.2,8761,-138,253618,28.945217986761012
0.2,8762,-55,253563,28.935638479972614
0.2,8763,47,253610,28.937699680511184
0.2,8764,-15,253595,28.932686822589847
0.2,8765,88,253683,28.939425051334702
0.2,8766,36,253719,28.940230409490134
0.2,8767,94,253813,28.947650547445257
0.2,8768,73,253886,28.952674193180524
0.2,8769,62,253948,28.956442417331814
0.2,8770,24,253972,28.955877322996237
0.2,8771,-69,253903,28.944710442316463
0.2,8772,-54,253849,28.935255898780348
0.2,8773,-216,253633,28.9073398677912
0.2,8774,83,253716,28.913504273504273
0.2,8775,6,253722,28.910893345487693
0.2,8776,-83,253639,28.898142873419165
0.2,8777,81,253720,28.904078377762588
0.2,8778,47,253767,28.906139651440938
0.2,8779,-70,253697,28.89487471526196
0.2,8780,53,253750,28.89761986106366
0.2,8781,92,253842,28.904805283534504
0.2,8782,92,253934,28.91198906979392
0.2,8783,-33,253901,28.904940801457194
0.2,8784,75,253976,28.91018782014798
0.2,8785,26,254002,28.90985659002959
0.2,8786,47,254049,28.91191532946398
0.2,8787,61,254110,28.91556668183887
0.2,8788,48,254158,28.917738081693024
0.2,8789,-6,254152,28.913765642775882
0.2,8790,60,254212,28.917301785917417
0.2,8791,-171,254041,28.89456323930846
0.2,8792,-163,253878,28.872739679290344
0.2,8793,18,253896,28.87150329770298
0.2,8794,92,253988,28.878681068789085
0.2,8795,92,254080,28.885857207821736
0.2,8796,-116,253964,28.869387291121974
0.2,8797,74,254038,28.8745169356672
0.2,8798,74,254112,28.87964541425162
0.2,8799,2,254114,28.876590909090908
0.2,8800,84,254198,28.882854221111238
0.2,8801,36,254234,28.8836628039082
0.2,8802,-68,254166,28.872657048733387
0.2,8803,33,254199,28.873125851885508
0.2,8804,47,254246,28.87518455423055
0.2,8805,61,254307,28.878832614126733
0.2,8806,1,254308,28.875667083002156
0.2,8807,83,254391,28.881811989100818
0.2,8808,88,254479,28.888523101373597
0.2,8809,26,254505,28.888195232690126
0.2,8810,92,254597,28.895358075133355
0.2,8811,53,254650,28.898093508851566
0.2,8812,50,254700,28.90048791557926
0.2,8813,92,254792,28.90764692534604
0.2,8814,86,254878,28.914123652864436
0.2,8815,57,254935,28.91730943738657
0.2,8816,84,255019,28.923556765339686
0.2,8817,78,255097,28.929122249943298
0.2,8818,93,255190,28.936387345504027
0.2,8819,61,255251,28.940022675736962
0.2,8820,-61,255190,28.929826550277745
0.2,8821,89,255279,28.936635683518478
0.2,8822,56,255335,28.939703048849598
0.2,8823,-30,255305,28.933023572076156
0.2,8824,80,255385,28.938810198300285
0.2,8825,93,255478,28.946068434171764
0.2,8826,27,255505,28.945847966466523
0.2,8827,45,255550,28.94766651563208
0.2,8828,71,255621,28.952429493713897
0.2,8829,60,255681,28.9559456398641
0.2,8830,45,255726,28.95776242781112
0.2,8831,36,255762,28.958559782608695
0.2,8832,43,255805,28.960149439601494
0.2,8833,-88,255717,28.94690966719493
0.2,8834,25,255742,28.946462931522355
0.2,8835,-73,255669,28.93492530556813
0.2,8836,-17,255652,28.929727283014596
0.2,8837,41,255693,28.93109300746775
0.2,8838,49,255742,28.933363502658672
0.2,8839,-15,255727,28.92839366515837
0.2,8840,-13,255714,28.92365117068205
0.2,8841,-154,255560,28.90296313051346
0.2,8842,69,255629,28.90749745561461
0.2,8843,-206,255423,28.880936227951153
0.2,8844,-180,255243,28.857320520067834
0.2,8845,90,255333,28.864232421433417
0.2,8846,56,255389,28.867299649598735
0.2,8847,86,255475,28.87375678119349
0.2,8848,93,255568,28.881003503220704
0.2,8849,73,255641,28.885988700564972
0.2,8850,43,255684,28.8875833239182
0.2,8851,86,255770,28.89403524627203
0.2,8852,70,255840,28.898678414096917
0.2,8853,91,255931,28.905692342444095
0.2,8854,-252,255679,28.87396950875212
0.2,8855,87,255766,28.880532971996388
0.2,8856,89,255855,28.887320763238115
0.2,8857,53,255908,28.890042899074285
0.2,8858,-147,255761,28.870188508861045
0.2,8859,61,255822,28.873814898419866
0.2,8860,-6,255816,28.869879246134747
0.2,8861,17,255833,28.86853983299481
0.2,8862,-40,255793,28.860769491142953
0.2,8863,54,255847,28.86360559566787
0.2,8864,78,255925,28.869148336153412
0.2,8865,92,256017,28.876268892397924
0.2,8866,93,256110,28.883500620277434
0.2,8867,92,256202,28.89061795218764
0.2,8868,8,256210,28.88826248731537
0.2,8869,17,256227,28.8869222096956
0.2,8870,74,256301,28.89200766542667
0.2,8871,-20,256281,28.886496844003606
0.2,8872,87,256368,28.893046320297533
0.2,8873,88,256456,28.899707009240476
0.2,8874,56,256512,28.90276056338028
0.2,8875,-63,256449,28.892406489409645
0.2,8876,1,256450,28.889264391123127
0.2,8877,4,256454,28.88646091462041
0.2,8878,53,256507,28.88917670908886
0.2,8879,37,256544,28.89009009009009
0.2,8880,-305,256239,28.852494088503548
0.2,8881,68,256307,28.85690159873902
0.2,8882,-117,256190,28.840481819205223
0.2,8883,-23,256167,28.834646555605584
0.2,8884,87,256254,28.841193021947102
0.2,8885,-14,256240,28.836371820841773
0.2,8886,21,256261,28.835490041633847
0.2,8887,68,256329,28.839896489648964
0.2,8888,79,256408,28.845539430757114
0.2,8889,82,256490,28.851518560179976
0.2,8890,62,256552,28.855246878866268
0.2,8891,93,256645,28.86246063877643
0.2,8892,-14,256631,28.857640841110985
0.2,8893,86,256717,28.864065662244208
0.2,8894,35,256752,28.864755480607084
0.2,8895,81,256833,28.870616007194243
0.2,8896,36,256869,28.87141733168484
0.2,8897,65,256934,28.875477635423692
0.2,8898,-31,256903,28.868749297673897
0.2,8899,-319,256584,28.829662921348316
0.2,8900,93,256677,28.836872261543647
0.2,8901,67,256744,28.84115929004718
0.2,8902,56,256800,28.844209816915647
0.2,8903,94,256894,28.851527403414195
0.2,8904,20,256914,28.85053340819764
0.2,8905,67,256981,28.854816977318663
0.2,8906,44,257025,28.85651734590771
0.2,8907,57,257082,28.859676695105524
0.2,8908,88,257170,28.866314962397574
0.2,8909,60,257230,28.869809203142538
0.2,8910,73,257303,28.874761530692403
0.2,8911,93,257396,28.881956912028727
0.2,8912,91,257487,28.888926287445305
0.2,8913,3,257490,28.886021987884227
0.2,8914,19,257509,28.884913067863152
0.2,8915,-105,257404,28.86989681471512
0.2,8916,91,257495,28.876864416283503
0.2,8917,44,257539,28.878560215294907
0.2,8918,54,257593,28.881376835968158
0.2,8919,35,257628,28.88206278026906
0.2,8920,89,257717,28.88880170384486
0.2,8921,89,257806,28.89553911678996
0.2,8922,9,257815,28.893309425081252
0.2,8923,20,257835,28.892312864186465
0.2,8924,-76,257759,28.880560224089635
0.2,8925,91,257850,28.887519605646425
0.2,8926,76,257926,28.892797132295286
0.2,8927,-98,257828,28.878584229390682
0.2,8928,12,257840,28.876693918691902
0.2,8929,16,257856,28.87525195968645
0.2,8930,91,257947,28.88220803941328
0.2,8931,14,257961,28.88054187192118
0.2,8932,7,257968,28.878092466136795
0.2,8933,37,258005,28.879001567047236
0.2,8934,49,258054,28.88125349748181
0.2,8935,93,258147,28.888428827215755
0.2,8936,80,258227,28.894147924359405
0.2,8937,15,258242,28.89259342134706
0.2,8938,25,258267,28.8921579595033
0.2,8939,52,258319,28.894742729306486
0.2,8940,58,258377,28.89799798680237
0.2,8941,21,258398,28.897114739431895
0.2,8942,-8,258390,28.8929889298893
0.2,8943,84,258474,28.899150268336314
0.2,8944,56,258530,28.90217998882057
0.2,8945,31,258561,28.90241448692153
0.2,8946,84,258645,28.90857270593495
0.2,8947,60,258705,28.912047384890478
0.2,8948,86,258791,28.91842663984803
0.2,8949,30,258821,28.91854748603352
0.2,8950,39,258860,28.91967377946598
0.2,8951,86,258946,28.926050044682754
0.2,8952,88,259034,28.932648274321455
0.2,8953,-6,259028,28.92874692874693
0.2,8954,81,259109,28.934561697375766
0.2,8955,-147,258962,28.914917373827603
0.2,8956,34,258996,28.915485095456066
0.2,8957,64,259060,28.919401652154498
0.2,8958,34,259094,28.919968746511888
0.2,8959,93,259187,28.927120535714284
0.2,8960,75,259262,28.932262024327642
0.2,8961,20,259282,28.931265342557467
0.2,8962,76,259358,28.936516791252927
0.2,8963,66,259424,28.940651494868362
0.2,8964,-9,259415,28.936419408812046
0.2,8965,72,259487,28.941222395717155
0.2,8966,51,259538,28.94368239098918
0.2,8967,57,259595,28.946810883140053
0.2,8968,-21,259574,28.941242055970566
0.2,8969,50,259624,28.943589743589744
0.2,8970,67,259691,28.947831902797905
0.2,8971,63,259754,28.951627284886314
0.2,8972,49,259803,28.953861584754264
0.2,8973,-13,259790,28.949186538890128
0.2,8974,11,259801,28.947186629526463
0.2,8975,-228,259573,28.918560606060606
0.2,8976,87,259660,28.92503063384204
0.2,8977,-52,259608,28.916016930274004
0.2,8978,68,259676,28.92036975164272
0.2,8979,72,259748,28.925167037861915
0.2,8980,-112,259636,28.90947555951453
0.2,8981,25,259661,28.90904030282788
0.2,8982,90,259751,28.915841033062453
0.2,8983,-77,259674,28.90405164737311
0.2,8984,74,259748,28.909070673344463
0.2,8985,31,259779,28.90930336078344
0.2,8986,-24,259755,28.90341604539891
0.2,8987,71,259826,28.90809968847352
0.2,8988,82,259908,28.91400600734231
0.2,8989,-101,259807,28.899555061179086
0.2,8990,82,259889,28.90546101657213
0.2,8991,70,259959,28.910031138790035
0.2,8992,93,260052,28.917157789391748
0.2,8993,93,260145,28.924282855236825
0.2,8994,-102,260043,28.909727626459144
0.2,8995,19,260062,28.9086260560249
0.2,8996,61,260123,28.912192953206624
0.2,8997,76,260199,28.91742609468771
0.2,8998,-133,260066,28.899433270363375
0.2,8999,-28,260038,28.89311111111111
0.2,9000,55,260093,28.896011554271748
0.2,9001,92,260185,28.903021550766496
0.2,9002,-19,260166,28.897700766411198
0.2,9003,66,260232,28.901821412705463
0.2,9004,28,260260,28.901721265963353
0.2,9005,60,260320,28.905174328225627
0.2,9006,80,260400,28.910847118907515
0.2,9007,20,260420,28.909857904085257
0.2,9008,50,260470,28.912198912198914
0.2,9009,-78,260392,28.90033296337403
0.2,9010,66,260458,28.90445011652425
0.2,9011,87,260545,28.910896582334665
0.2,9012,-99,260446,28.89670475979141
0.2,9013,37,260483,28.897603727534946
0.2,9014,58,260541,28.900831946755407
0.2,9015,3,260544,28.897959183673468
0.2,9016,-41,260503,28.890207386048576
0.2,9017,92,260595,28.897205588822356
0.2,9018,20,260615,28.896219093025834
0.2,9019,91,260706,28.90310421286031
0.2,9020,-12,260694,28.898570003325574
0.2,9021,83,260777,28.904566614941256
0.2,9022,10,260787,28.902471461819793
0.2,9023,49,260836,28.904698581560282
0.2,9024,86,260922,28.91102493074792
0.2,9025,60,260982,28.91446931087968
0.2,9026,84,261066,28.9205716184779
0.2,9027,-13,261053,28.915928223305272
0.2,9028,15,261068,28.914386975301806
0.2,9029,92,261160,28.921373200442968
0.2,9030,67,261227,28.925589635699257
0.2,9031,12,261239,28.92371567759079
0.2,9032,82,261321,28.929591497841248
0.2,9033,85,261406,28.93579809608147
0.2,9034,-188,261218,28.911787493082457
0.2,9035,81,261299,28.91755201416556
0.2,9036,45,261344,28.91933163660507
0.2,9037,63,261407,28.92310245629564
0.2,9038,85,261492,28.929306339196813
0.2,9039,-17,261475,28.924225663716815
0.2,9040,25,261500,28.923791615971684
0.2,9041,83,261583,28.92977217429772
0.2,9042,25,261608,28.929337609200488
0.2,9043,66,261674,28.93343653250774
0.2,9044,-137,261537,28.9150912106136
0.2,9045,-107,261430,28.900066327658635
0.2,9046,84,261514,28.906156737039904
0.2,9047,89,261603,28.912798408488065
0.2,9048,33,261636,28.913250082882087
0.2,9049,82,261718,28.91911602209945
0.2,9050,76,261794,28.924317754944205
0.2,9051,87,261881,28.93073353954927
0.2,9052,1,261882,28.92764829338341
0.2,9053,-243,261639,28.89761431411531
0.2,9054,6,261645,28.895085588072888
0.2,9055,58,261703,28.898299469964666
0.2,9056,90,261793,28.905045820912
0.2,9057,-58,261735,28.89545153455509
0.2,9058,81,261816,28.901203223313832
0.2,9059,-34,261782,28.894260485651213
0.2,9060,36,261818,28.895044697053304
0.2,9061,24,261842,28.894504524387553
0.2,9062,74,261916,28.899481407922323
0.2,9063,-51,261865,28.89066637246249
0.2,9064,40,261905,28.89189189189189
0.2,9065,92,261997,28.89885285682771
0.2,9066,94,262091,28.906032866438736
0.2,9067,22,262113,28.90527128363476
0.2,9068,30,262143,28.905391994707244
0.2,9069,94,262237,28.912568908489526
0.2,9070,3,262240,28.90971226987102
0.2,9071,94,262334,28.91688712522046
0.2,9072,79,262413,28.92240714206988
0.2,9073,71,262484,28.927044302402468
0.2,9074,35,262519,28.92771349862259
0.2,9075,73,262592,28.932569413838696
0.2,9076,88,262680,28.93907678748485
0.2,9077,26,262706,28.93875302930161
0.2,9078,46,262752,28.940632228218966
0.2,9079,-14,262738,28.935903083700442
0.2,9080,94,262832,28.943067944059024
0.2,9081,0,262832,28.939881083461792
0.2,9082,32,262864,28.940217989650996
0.2,9083,77,262941,28.945508586525758
0.2,9084,-408,262533,28.897413318657126
0.2,9085,89,262622,28.904028175214616
0.2,9086,-82,262540,28.89182348409816
0.2,9087,74,262614,28.896786971830984
0.2,9088,-5,262609,28.893057542083838
0.2,9089,74,262683,28.898019801980197
0.2,9090,61,262744,28.901550984490154
0.2,9091,29,262773,28.90156181258249
0.2,9092,3,262776,28.898713295941935
0.2,9093,66,262842,28.902793050362877
0.2,9094,86,262928,28.90907091808686
0.2,9095,94,263022,28.91622691292876
0.2,9096,49,263071,28.918434648785315
0.2,9097,66,263137,28.92251044185535
0.2,9098,73,263210,28.92735465435762
0.2,9099,91,263301,28.934175824175824
0.2,9100,-98,263203,28.92022854631359
0.2,9101,7,263210,28.917820259283673
0.2,9102,15,263225,28.916291332527738
0.2,9103,-189,263036,28.892355008787348
0.2,9104,90,263126,28.89906644700714
0.2,9105,2,263128,28.896112453327476
0.2,9106,80,263208,28.901723948610957
0.2,9107,90,263298,28.908432147562582
0.2,9108,85,263383,28.914589965967725
0.2,9109,-10,263373,28.91031833150384
0.2,9110,58,263431,28.91351114037976
0.2,9111,81,263512,28.919227392449518
0.2,9112,60,263572,28.922637989685064
0.2,9113,77,263649,28.92791310072416
0.2,9114,43,263692,28.929456939111354
0.2,9115,47,263739,28.93143922773146
0.2,9116,77,263816,28.936711637600087
0.2,9117,5,263821,28.934086422461068
0.2,9118,58,263879,28.937273823884198
0.2,9119,71,263950,28.94188596491228
0.2,9120,84,264034,28.947922376932354
0.2,9121,-67,263967,28.93740407805306
0.2,9122,46,264013,28.93927436150389
0.2,9123,-45,263968,28.931170539237176
0.2,9124,-29,263939,28.92482191780822
0.2,9125,48,263987,28.92691211921981
0.2,9126,65,264052,28.930864468061795
0.2,9127,10,264062,28.928790534618756
0.2,9128,89,264151,28.935370796363237
0.2,9129,90,264241,28.942059145673603
0.2,9130,-21,264220,28.93658963968897
0.2,9131,94,264314,28.9437144108629
0.2,9132,88,264402,28.950180663527867
0.2,9133,66,264468,28.954236917013358
0.2,9134,-76,264392,28.942747673782158
0.2,9135,53,264445,28.945380910683014
0.2,9136,-245,264200,28.91539892743789
0.2,9137,75,264275,28.92044210987087
0.2,9138,93,264368,28.927453769559033
0.2,9139,6,264374,28.924945295404815
0.2,9140,16,264390,28.923531342303907
0.2,9141,49,264439,28.92572741194487
0.2,9142,4,264443,28.923001203106203
0.2,9143,-70,264373,28.91218285214348
0.2,9144,39,264412,28.913285948605797
0.2,9145,92,264504,28.920183686857644
0.2,9146,89,264593,28.926751940526948
0.2,9147,-194,264399,28.90238303454307
0.2,9148,-18,264381,28.89725653076839
0.2,9149,46,264427,28.89912568306011
0.2,9150,29,264456,28.89913670637089
0.2,9151,32,264488,28.899475524475523
0.2,9152,45,264533,28.901234567901234
0.2,9153,76,264609,28.906379724710508
0.2,9154,62,264671,28.90999453850355
0.2,9155,64,264735,28.913826998689384
0.2,9156,78,264813,28.91918750682538
0.2,9157,83,264896,28.925092815025113
0.2,9158,40,264936,28.92630199803472
0.2,9159,85,265021,28.932423580786025
0.2,9160,4,265025,28.929701997598514
0.2,9161,29,265054,28.929709670377648
0.2,9162,82,265136,28.9355014733166
0.2,9163,86,265222,28.94172850283719
0.2,9164,78,265300,28.94708128750682
0.2,9165,49,265349,28.9492690377482
0.2,9166,90,265439,28.955928875313624
0.2,9167,45,265484,28.95767888307155
0.2,9168,82,265566,28.963463845566583
0.2,9169,-285,265281,28.929225736095965
0.2,9170,82,265363,28.93501253952677
0.2,9171,15,265378,28.933493240296556
0.2,9172,9,265387,28.931320178785565
0.2,9173,36,265423,28.9320906910835
0.2,9174,36,265459,28.932861035422345
0.2,9175,93,265552,28.939843068875327
0.2,9176,36,265588,28.940612400566636
0.2,9177,93,265681,28.94759206798867
0.2,9178,93,265774,28.95457021462033
0.2,9179,57,265831,28.957625272331153
0.2,9180,90,265921,28.964274044221764
0.2,9181,93,266014,28.971248094097145
0.2,9182,86,266100,28.977458346945443
0.2,9183,81,266181,28.983122822299652
0.2,9184,92,266273,28.989983669025584
0.2,9185,-46,266227,28.98182016111474
0.2,9186,-63,266164,28.971807989550452
0.2,9187,91,266255,28.97855898998694
0.2,9188,54,266309,28.98128196756992
0.2,9189,-11,266298,28.976931447225244
0.2,9190,92,266390,28.983788488738984
0.2,9191,-165,266225,28.962684943429068
0.2,9192,70,266295,28.967148917654736
0.2,9193,60,266355,28.97052425494888
0.2,9194,-176,266179,28.948232735182163
0.2,9195,14,266193,28.946607220530666
0.2,9196,72,266265,28.951288463629446
0.2,9197,-21,266244,28.945857795172863
0.2,9198,47,266291,28.94782041526253
0.2,9199,94,266385,28.954891304347825
0.2,9200,-132,266253,28.937398108901206
0.2,9201,86,266339,28.9435992175614
0.2,9202,93,266432,28.950559600130394
0.2,9203,87,266519,28.956866579747935
0.2,9204,-99,266420,28.94296577946768
0.2,9205,72,266492,28.947642841625026
0.2,9206,78,266570,28.95297056587379
0.2,9207,5,266575,28.950369244135533
0.2,9208,86,266661,28.956564230643934
0.2,9209,0,266661,28.95342019543974
0.2,9210,91,266752,28.960156334817068
0.2,9211,93,266845,28.967108119843683
0.2,9212,72,266917,28.971779007923587
0.2,9213,84,267001,28.977751248100716
0.2,9214,90,267091,28.984373304395007
0.2,9215,89,267180,28.990885416666668
0.2,9216,90,267270,28.997504611044807
0.2,9217,54,267324,29.00021696680408
0.2,9218,-32,267292,28.993600173554615
0.2,9219,25,267317,28.993167028199565
0.2,9220,-30,267287,28.986769330875177
0.2,9221,64,267351,28.99056603773585
0.2,9222,-142,267209,28.97202645560013
0.2,9223,85,267294,28.97810060711188
0.2,9224,-13,267281,28.973550135501355
0.2,9225,18,267299,28.972360719705183
0.2,9226,87,267386,28.978649615259563
0.2,9227,64,267450,28.982444733420024
0.2,9228,1,267451,28.97941272077148
0.2,9229,24,267475,28.97887323943662
0.2,9230,6,267481,28.97638392373524
0.2,9231,-101,267380,28.962305025996535
0.2,9232,83,267463,28.968157695223653
0.2,9233,51,267514,28.970543643058264
0.2,9234,89,267603,28.977043854899836
0.2,9235,-22,267581,28.9715244694673
0.2,9236,-48,267533,28.9631915123958
0.2,9237,35,267568,28.96384498809266
0.2,9238,50,267618,28.96612187466176
0.2,9239,-98,267520,28.952380952380953
0.2,9240,81,267601,28.95801320203441
0.2,9241,92,267693,28.964834451417442
0.2,9242,56,267749,28.967759385480903
0.2,9243,25,267774,28.967330160103852
0.2,9244,-74,267700,28.95619253650622
0.2,9245,62,267762,28.959766385463986
0.2,9246,-74,267688,28.94863198875311
0.2,9247,21,267709,28.947772491349482
0.2,9248,68,267777,28.951994810249758
0.2,9249,32,267809,28.952324324324323
0.2,9250,3,267812,28.949518970922064
0.2,9251,58,267870,28.952658884565498
0.2,9252,-66,267804,28.94239706041284
0.2,9253,-39,267765,28.93505511130322
0.2,9254,78,267843,28.94035656401945
0.2,9255,-19,267824,28.935177182368193
0.2,9256,72,267896,28.939829318353677
0.2,9257,-16,267880,28.934975156621302
0.2,9258,-99,267781,28.92115779241819
0.2,9259,50,267831,28.923434125269978
0.2,9260,83,267914,28.929273296620234
0.2,9261,85,267999,28.935327143165622
0.2,9262,-34,267965,28.928532872719423
0.2,9263,23,267988,28.92789291882556
0.2,9264,71,268059,28.93243389098759
0.2,9265,93,268152,28.93934815454349
0.2,9266,21,268173,28.9384914211719
0.2,9267,83,268256,28.94432455761761
0.2,9268,29,268285,28.944330564246414
0.2,9269,88,268373,28.950701186623515
0.2,9270,-133,268240,28.93323266098587
0.2,9271,94,268334,28.94025021570319
0.2,9272,-24,268310,28.934541140946834
0.2,9273,82,268392,28.940263101142982
0.2,9274,9,268401,28.93811320754717
0.2,9275,10,268411,28.9360715825787
0.2,9276,87,268498,28.942330494772015
0.2,9277,-84,268414,28.930157361500324
0.2,9278,-52,268362,28.921435499515034
0.2,9279,23,268385,28.920797413793103
0.2,9280,23,268408,28.92015946557483
0.2,9281,69,268477,28.92447748330101
0.2,9282,1,268478,28.921469352579987
0.2,9283,94,268572,28.928479103834555
0.2,9284,90,268662,28.935056542810987
0.2,9285,87,268749,28.941309498169286
0.2,9286,86,268835,28.947453429525144
0.2,9287,-212,268623,28.921511627906977
0.2,9288,15,268638,28.92001291850576
0.2,9289,-59,268579,28.91054897739505
0.2,9290,-13,268566,28.90603810138844
0.2,9291,55,268621,28.90884631941455
0.2,9292,88,268709,28.91520499300549
0.2,9293,89,268798,28.921669894555627
0.2,9294,88,268886,28.928025820333513
0.2,9295,50,268936,28.9302925989673
0.2,9296,-60,268876,28.920727116274065
0.2,9297,-104,268772,28.90643149064315
0.2,9298,-100,268672,28.89256909345091
0.2,9299,71,268743,28.89709677419355
0.2,9300,94,268837,28.904096333727555
0.2,9301,84,268921,28.910019350677274
0.2,9302,66,268987,28.914006234547994
0.2,9303,88,269075,28.92035683576956
0.2,9304,32,269107,28.92068780225685
0.2,9305,1,269108,28.917687513432195
0.2,9306,80,269188,28.923176104007737
0.2,9307,82,269270,28.928878384185648
0.2,9308,93,269363,28.935761091416907
0.2,9309,94,269457,28.942749731471537
0.2,9310,83,269540,28.94855547202234
0.2,9311,-27,269513,28.942547250859107
0.2,9312,86,269599,28.948673896703532
0.2,9313,-80,269519,28.93697659437406
0.2,9314,-2,269517,28.93365539452496
0.2,9315,78,269595,28.938922284242164
0.2,9316,35,269630,28.939572823870346
0.2,9317,86,269716,28.945696501395147
0.2,9318,27,269743,28.945487713273955
0.2,9319,79,269822,28.95085836909871
0.2,9320,86,269908,28.956978864928654
0.2,9321,-47,269861,28.948830723020812
0.2,9322,7,269868,28.946476456076372
0.2,9323,92,269960,28.95323895323895
0.2,9324,-24,269936,28.947560321715816
0.2,9325,-8,269928,28.943598541711346
0.2,9326,26,269954,28.943282941996355
0.2,9327,61,270015,28.946719554030874
0.2,9328,-51,269964,28.938149855289957
0.2,9329,-220,269744,28.911468381564845
0.2,9330,86,269830,28.917586539492017
0.2,9331,13,269843,28.915880840120018
0.2,9332,-57,269786,28.906675238401373
0.2,9333,-27,269759,28.90068566530962
0.2,9334,57,269816,28.90369576861275
0.2,9335,43,269859,28.90520565552699
0.2,9336,-46,269813,28.89718324943772
0.2,9337,-146,269667,28.878453630327694
0.2,9338,33,269700,28.878894956633474
0.2,9339,42,269742,28.880299785867237
0.2,9340,4,269746,28.87763622738465
0.2,9341,84,269830,28.883536715906658
0.2,9342,-180,269650,28.861179492668306
0.2,9343,-99,269551,28.84749571917808
0.2,9344,68,269619,28.85168539325843
0.2,9345,-186,269433,28.82869676867109
0.2,9346,12,269445,28.826896330373383
0.2,9347,2,269447,28.824026529738983
0.2,9348,-74,269373,28.813028131350947
0.2,9349,79,269452,28.818395721925135
0.2,9350,82,269534,28.824082985776922
0.2,9351,54,269588,28.8267750213858
0.2,9352,76,269664,28.83181866780712
0.2,9353,29,269693,28.83183664742356
0.2,9354,73,269766,28.836557990379475
0.2,9355,80,269846,28.842026507054296
0.2,9356,91,269937,28.848669445335045
0.2,9357,62,269999,28.852212011113487
0.2,9358,25,270024,28.851800406026285
0.2,9359,81,270105,28.857371794871796
0.2,9360,27,270132,28.85717337891251
0.2,9361,91,270223,28.863811151463363
0.2,9362,74,270297,28.86863184876642
0.2,9363,-83,270214,28.85668517727467
0.2,9364,54,270268,28.859369994660973
0.2,9365,82,270350,28.865043775357677
0.2,9366,93,270443,28.871890680046974
0.2,9367,94,270537,28.878842869342442
0.2,9368,90,270627,28.885366634646175
0.2,9369,94,270721,28.8923159018143
0.2,9370,91,270812,28.89894354924768
0.2,9371,-33,270779,28.8923388817755
0.2,9372,93,270872,28.8991784914115
0.2,9373,27,270899,28.89897589076168
0.2,9374,91,270990,28.9056
0.2,9375,22,271012,28.90486348122867
0.2,9376,87,271099,28.911058974085527
0.2,9377,89,271188,28.91746641074856
0.2,9378,82,271270,28.923126132849983
0.2,9379,71,271341,28.927611940298508
0.2,9380,88,271429,28.933908964929113
0.2,9381,-85,271344,28.921765082072053
0.2,9382,20,271364,28.920814238516467
0.2,9383,60,271424,28.924126172208013
0.2,9384,82,271506,28.92978156632925
0.2,9385,-7,271499,28.925953547837203
0.2,9386,13,271512,28.92425695110259
0.2,9387,84,271596,28.930123561994034
0.2,9388,66,271662,28.93407178613271
0.2,9389,50,271712,28.936315228966986
0.2,9390,84,271796,28.942178681716538
0.2,9391,69,271865,28.94644378194208
0.2,9392,87,271952,28.952624294687535
0.2,9393,-145,271807,28.934106876729828
0.2,9394,14,271821,28.932517296434273
0.2,9395,-45,271776,28.924648786717754
0.2,9396,65,271841,28.92848781526019
0.2,9397,92,271933,28.935198978506065
0.2,9398,52,271985,28.93765294180232
0.2,9399,3,271988,28.934893617021277
0.2,9400,22,272010,28.934155940857355
0.2,9401,30,272040,28.93426930440332
0.2,9402,65,272105,28.938104860151014
0.2,9403,48,272153,28.940131858783495
0.2,9404,-29,272124,28.93397129186603
0.2,9405,85,272209,28.939931958324475
0.2,9406,94,272303,28.946848091846498
0.2,9407,72,272375,28.95142431972789
0.2,9408,43,272418,28.952917419491975
0.2,9409,77,272495,28.958023379383633
0.2,9410,-83,272412,28.946126872808417
0.2,9411,-5,272407,28.942520186995324
0.2,9412,87,272494,28.94868798470201
0.2,9413,94,272588,28.955598045464203
0.2,9414,20,272608,28.954646840148698
0.2,9415,-190,272418,28.931393372982157
0.2,9416,81,272499,28.936922586811086
0.2,9417,34,272533,28.937460182629007
0.2,9418,73,272606,28.94213823123474
0.2,9419,72,272678,28.946709129511678
0.2,9420,15,272693,28.94522874429466
0.2,9421,67,272760,28.949267671407345
0.2,9422,65,272825,28.953093494640772
0.2,9423,90,272915,28.95957130730051
0.2,9424,50,272965,28.96180371352785
0.2,9425,93,273058,28.968597496286865
0.2,9426,76,273134,28.97358650684205
0.2,9427,12,273146,28.971786168858717
0.2,9428,-43,273103,28.964153144554036
0.2,9429,94,273197,28.97104984093319
0.2,9430,64,273261,28.97476407591984
0.2,9431,-135,273126,28.95737913486005
0.2,9432,59,273185,28.96056397752571
0.2,9433,-4,273181,28.957070171719312
0.2,9434,90,273271,28.963540010598834
0.2,9435,26,273297,28.96322594319627
0.2,9436,-170,273127,28.942142630073118
0.2,9437,30,273157,28.94225471498199
0.2,9438,33,273190,28.942684606420173
0.2,9439,90,273280,28.949152542372882
0.2,9440,86,273366,28.955195424213535
0.2,9441,-15,273351,28.95054013980089
0.2,9442,93,273444,28.95732288467648
0.2,9443,23,273467,28.956692079627278
0.2,9444,77,273544,28.961778718898888
0.2,9445,-92,273452,28.948973110311243
0.2,9446,39,273491,28.95003704879856
0.2,9447,70,273561,28.954381879762913
0.2,9448,70,273631,28.958725791089005
0.2,9449,-94,273537,28.945714285714285
0.2,9450,-8,273529,28.94180509998942
0.2,9451,88,273617,28.948053322048242
0.2,9452,-9,273608,28.94403892944039
0.2,9453,87,273695,28.950179818066427
0.2,9454,64,273759,28.95388683236383
0.2,9455,89,273848,28.960236886632824
0.2,9456,9,273857,28.95812625568362
0.2,9457,18,273875,28.95696764643688
0.2,9458,58,273933,28.960038058991437
0.2,9459,-27,273906,28.954122621564483
0.2,9460,-21,273885,28.94884261705951
0.2,9461,64,273949,28.952547030226167
0.2,9462,84,274033,28.958364155130507
0.2,9463,-7,274026,28.954564666103128
0.2,9464,24,274050,28.954041204437402
0.2,9465,85,274135,28.959961969152758
0.2,9466,67,274202,28.96398014154431
0.2,9467,17,274219,28.962716518800168
0.2,9468,-82,274137,28.95099799345232
0.2,9469,51,274188,28.953326293558607
0.2,9470,74,274262,28.958082567838666
0.2,9471,49,274311,28.96019847972973
0.2,9472,88,274399,28.966430908898975
0.2,9473,87,274486,28.972556470339878
0.2,9474,-49,274437,28.964327176781
0.2,9475,94,274531,28.971190375685943
0.2,9476,-7,274524,28.967394745172523
0.2,9477,75,274599,28.97225152985862
0.2,9478,50,274649,28.974469880789112
0.2,9479,81,274730,28.979957805907173
0.2,9480,63,274793,28.983546039447315
0.2,9481,88,274881,28.989770090698165
0.2,9482,-83,274798,28.9779605610039
0.2,9483,92,274890,28.984605651623788
0.2,9484,-51,274839,28.97617290458619
0.2,9485,-73,274766,28.965422728231076
0.2,9486,68,274834,28.969537261515757
0.2,9487,-23,274811,28.96405986509275
0.2,9488,17,274828,28.962799030456317
0.2,9489,65,274893,28.966596417281348
0.2,9490,33,274926,28.967021388684017
0.2,9491,-83,274843,28.955225453013064
0.2,9492,-94,274749,28.942273253976616
0.2,9493,-70,274679,28.93185169580788
0.2,9494,-4,274675,28.92838335966298
0.2,9495,23,274698,28.92775905644482
0.2,9496,30,274728,28.92787195956618
0.2,9497,92,274820,28.934512528953462
0.2,9498,55,274875,28.9372565533214
0.2,9499,13,274888,28.93557894736842
0.2,9500,89,274977,28.94190085254184
0.2,9501,87,275064,28.948010945064198
0.2,9502,94,275158,28.954856361149112
0.2,9503,34,275192,28.955387205387204
0.2,9504,46,275238,28.95718043135192
0.2,9505,-127,275111,28.940774247843468
0.2,9506,-121,274990,28.925002629641316
0.2,9507,43,275033,28.92648296171645
0.2,9508,51,275084,28.928804290671994
0.2,9509,50,275134,28.931019978969506
0.2,9510,68,275202,28.93512774681947
0.2,9511,87,275289,28.94123212783852
0.2,9512,-1,275288,28.938084726164195
0.2,9513,-311,274977,28.90235442505781
0.2,9514,58,275035,28.905412506568577
0.2,9515,14,275049,28.903846153846153
0.2,9516,55,275104,28.906588210570558
0.2,9517,94,275198,28.91342719058626
0.2,9518,49,275247,28.915537346359912
0.2,9519,88,275335,28.92174369747899
0.2,9520,65,275400,28.925533032244513
0.2,9521,-521,274879,28.867779878176854
0.2,9522,45,274924,28.86947390528195
0.2,9523,87,275011,28.87557748845023
0.2,9524,94,275105,28.88241469816273
0.2,9525,-16,275089,28.877703128280494
0.2,9526,28,275117,28.877611000314893
0.2,9527,-26,275091,28.87185138539043
0.2,9528,-4,275087,28.86840172106202
0.2,9529,-354,274733,28.82822665267576
0.2,9530,-54,274679,28.81953625013115
0.2,9531,83,274762,28.82522031053294
0.2,9532,13,274775,28.823560264344906
0.2,9533,85,274860,28.82945248584015
0.2,9534,-63,274797,28.819821709491347
0.2,9535,60,274857,28.82309144295302
0.2,9536,86,274943,28.829086714899862
0.2,9537,87,275030,28.83518557349549
0.2,9538,52,275082,28.83761400566097
0.2,9539,38,275120,28.838574423480082
0.2,9540,94,275214,28.845404045697517
0.2,9541,-168,275046,28.824774680360512
0.2,9542,84,275130,28.830556428795976
0.2,9543,-96,275034,28.8174769488684
0.2,9544,91,275125,28.823991618648506
0.2,9545,61,275186,28.827362245966896
0.2,9546,-264,274922,28.79669005970462
0.2,9547,28,274950,28.796606619187266
0.2,9548,-1,274949,28.793486228924493
0.2,9549,25,274974,28.7930890052356
0.2,9550,66,275040,28.79698460894147
0.2,9551,63,275103,28.800565326633166
0.2,9552,93,275196,28.80728566942322
0.2,9553,-180,275016,28.785430186309398
0.2,9554,21,275037,28.784615384615385
0.2,9555,88,275125,28.790812055253244
0.2,9556,92,275217,28.79742597049283
0.2,9557,-94,275123,28.78457836367441
0.2,9558,77,275200,28.789622345433624
0.2,9559,-10,275190,28.785564853556487
0.2,9560,77,275267,28.79060767702123
0.2,9561,72,275339,28.79512654256432
0.2,9562,14,275353,28.793579420683887
0.2,9563,53,275406,28.7961104140527
0.2,9564,22,275428,28.79539989545217
0.2,9565,-64,275364,28.78569935187121
0.2,9566,77,275441,28.790738998641164
0.2,9567,86,275527,28.796718227424748
0.2,9568,70,275597,28.80102414045355
0.2,9569,-39,275558,28.793939393939393
0.2,9570,79,275637,28.799185038136034
0.2,9571,88,275725,28.805369828666944
0.2,9572,-8,275717,28.801525122741044
0.2,9573,-173,275544,28.78044704407771
0.2,9574,89,275633,28.7867362924282
0.2,9575,93,275726,28.79344193817878
0.2,9576,47,275773,28.7953430092931
0.2,9577,85,275858,28.80121110879098
0.2,9578,91,275949,28.807704353272783
0.2,9579,27,275976,28.80751565762004
0.2,9580,-86,275890,28.79553282538357
0.2,9581,82,275972,28.801085368399082
0.2,9582,18,275990,28.799958259417718
0.2,9583,93,276083,28.80665692821369
0.2,9584,84,276167,28.812415232133542
0.2,9585,10,276177,28.810452743584396
0.2,9586,12,276189,28.808699280275373
0.2,9587,-12,276177,28.804443053817273
0.2,9588,23,276200,28.803837730733132
0.2,9589,80,276280,28.80917622523462
0.2,9590,2,276282,28.806380982170786
0.2,9591,86,276368,28.81234361968307
0.2,9592,-22,276346,28.807046804961953
0.2,9593,-42,276304,28.799666458203042
0.2,9594,65,276369,28.80343929129755
0.2,9595,-52,276317,28.795018757815757
0.2,9596,52,276369,28.79743669896843
0.2,9597,-91,276278,28.784955198999793
0.2,9598,81,276359,28.790394832795084
0.2,9599,86,276445,28.796354166666667
0.2,9600,92,276537,28.802937194042286
0.2,9601,-22,276515,28.797646323682567
0.2,9602,22,276537,28.79693845673227
0.2,9603,-6,276531,28.793315285297794
0.2,9604,-75,276456,28.782509109838625
0.2,9605,91,276547,28.788986050385176
0.2,9606,65,276612,28.792755282606432
0.2,9607,19,276631,28.791736053288925
0.2,9608,77,276708,28.79675304402123
0.2,9609,93,276801,28.803433922996877
0.2,9610,47,276848,28.805327229216523
0.2,9611,93,276941,28.81200582605077
0.2,9612,69,277010,28.816186414230728
0.2,9613,39,277049,28.817245683378406
0.2,9614,85,277134,28.82308892355694
0.2,9615,7,277141,28.820819467554077
0.2,9616,4,277145,28.818238535925964
0.2,9617,-52,277093,28.809835724682888
0.2,9618,89,277182,28.816093148975984
0.2,9619,-9,277173,28.812162162162164
0.2,9620,65,277238,28.815923500675606
0.2,9621,89,277327,28.822178341301186
0.2,9622,90,277417,28.82853579964668
0.2,9623,85,277502,28.834372402327514
0.2,9624,37,277539,28.83522077922078
0.2,9625,4,277543,28.832640764595887
0.2,9626,41,277584,28.833904643191026
0.2,9627,82,277666,28.839426672206066
0.2,9628,91,277757,28.84588223076124
0.2,9629,92,277849,28.852440290758047
0.2,9630,10,277859,28.850482815906968
0.2,9631,42,277901,28.85184800664452
0.2,9632,-76,277825,28.840963355133397
0.2,9633,91,277916,28.847415403778285
0.2,9634,92,278008,28.853969901401143
0.2,9635,90,278098,28.860315483603156
0.2,9636,62,278160,28.863754280377712
0.2,9637,75,278235,28.86854119111849
0.2,9638,-180,278055,28.8468720821662
0.2,9639,93,278148,28.853526970954356
0.2,9640,-21,278127,28.84835597967016
0.2,9641,49,278176,28.85044596556731
0.2,9642,45,278221,28.852120709322826
0.2,9643,-54,278167,28.843529655744504
0.2,9644,88,278255,28.84966303784344
0.2,9645,92,278347,28.856209827907943
0.2,9646,63,278410,28.859749144811857
0.2,9647,93,278503,28.866397180762853
0.2,9648,-5,278498,28.862887345838946
0.2,9649,-64,278434,28.85326424870466
0.2,9650,25,278459,28.852864988084136
0.2,9651,71,278530,28.857231661831744
0.2,9652,64,278594,28.8608722676888
0.2,9653,68,278662,28.864926455355292
0.2,9654,90,278752,28.871258415328846
0.2,9655,92,278844,28.877796188898095
0.2,9656,93,278937,28.88443616029823
0.2,9657,-60,278877,28.875232967488092
0.2,9658,33,278910,28.875660006211824
0.2,9659,54,278964,28.878260869565217
0.2,9660,-76,278888,28.867405030535142
0.2,9661,-95,278793,28.854584972055473
0.2,9662,17,278810,28.853358170340474
0.2,9663,-115,278695,28.838472682119207
0.2,9664,94,278789,28.845214692188307
0.2,9665,4,278793,28.84264432029795
0.2,9666,87,278880,28.848660391021
0.2,9667,85,278965,28.854468349193215
0.2,9668,90,279055,28.860792222566968
0.2,9669,55,279110,28.863495346432266
0.2,9670,51,279161,28.865784303588047
0.2,9671,51,279212,28.868072787427625
0.2,9672,45,279257,28.869740514835108
0.2,9673,91,279348,28.876162910895182
0.2,9674,28,279376,28.87607235142119
0.2,9675,95,279471,28.88290615957007
0.2,9676,44,279515,28.884468326960835
0.2,9677,69,279584,28.888613349865675
0.2,9678,-22,279562,28.88335571856597
0.2,9679,-101,279461,28.869938016528927
0.2,9680,5,279466,28.867472368556967
0.2,9681,-65,279401,28.8577773187358
0.2,9682,-45,279356,28.85014974697924
0.2,9683,87,279443,28.856154481619164
0.2,9684,24,279467,28.855653071760454
0.2,9685,71,279538,28.86000412967169
0.2,9686,88,279626,28.866109218540313
0.2,9687,72,279698,28.87056151940545
0.2,9688,54,279752,28.87315512436784
0.2,9689,90,279842,28.879463364293084
0.2,9690,66,279908,28.883293777731915
0.2,9691,78,279986,28.888361535286833
0.2,9692,24,280010,28.887857216548024
0.2,9693,-34,279976,28.881369919537857
0.2,9694,35,280011,28.882001031459517
0.2,9695,28,280039,28.8819100660066
0.2,9696,64,280103,28.885531607713727
0.2,9697,86,280189,28.89142091152815
0.2,9698,-118,280071,28.876275904732445
0.2,9699,10,280081,28.874329896907216
0.2,9700,9,280090,28.872281208122875
0.2,9701,92,280182,28.87878787878788
0.2,9702,89,280271,28.884984025559106
0.2,9703,90,280361,28.891281945589448
0.2,9704,3,280364,28.888614116434827
0.2,9705,87,280451,28.894601277560273
0.2,9706,89,280540,28.900793241990318
0.2,9707,72,280612,28.905232797692623
0.2,9708,90,280702,28.911525388814503
0.2,9709,18,280720,28.910401647785786
0.2,9710,47,280767,28.912264442384924
0.2,9711,89,280856,28.918451400329488
0.2,9712,92,280948,28.924945948728507
0.2,9713,-47,280901,28.917129915585754
0.2,9714,-101,280800,28.903757076685537
0.2,9715,59,280859,28.906854672704817
0.2,9716,65,280924,28.910569105691057
0.2,9717,70,280994,28.914797283391643
0.2,9718,3,280997,28.91213087766231
0.2,9719,-210,280787,28.88755144032922
0.2,9720,82,280869,28.89301512190104
0.2,9721,-119,280750,28.87780292120963
0.2,9722,85,280835,28.883575028283452
0.2,9723,-7,280828,28.879884821061292
0.2,9724,38,280866,28.88082262210797
0.2,9725,34,280900,28.881348961546372
0.2,9726,64,280964,28.884959391384804
0.2,9727,-61,280903,28.87571957236842
0.2,9728,72,280975,28.8801521225203
0.2,9729,-184,280791,28.858273381294964
0.2,9730,31,280822,28.858493474463057
0.2,9731,92,280914,28.86498150431566
0.2,9732,17,280931,28.86376245761841
0.2,9733,63,280994,28.86726936511198
0.2,9734,92,281086,28.873754494093475
0.2,9735,-1,281085,28.870686113393592
0.2,9736,8,281093,28.86854267228099
0.2,9737,93,281186,28.875128363113575
0.2,9738,19,281205,28.87411438546052
0.2,9739,83,281288,28.879671457905545
0.2,9740,-7,281281,28.875988091571706
0.2,9741,90,281371,28.88226236912338
0.2,9742,77,281448,28.88720106743303
0.2,9743,92,281540,28.89367816091954
0.2,9744,11,281551,28.89184197024115
0.2,9745,-12,281539,28.887646213831314
0.2,9746,-183,281356,28.86590745870524
0.2,9747,45,281401,28.86756257693886
0.2,9748,-38,281363,28.86070366191404
0.2,9749,-59,281304,28.851692307692307
0.2,9750,63,281367,28.85519433904215
0.2,9751,85,281452,28.86095159967186
0.2,9752,-9,281443,28.857069619604225
0.2,9753,87,281530,28.86303055156859
0.2,9754,-245,281285,28.834956432598666
0.2,9755,74,281359,28.83958589585896
0.2,9756,66,281425,28.843394486010045
0.2,9757,58,281483,28.846382455421193
0.2,9758,36,281519,28.847115483143764
0.2,9759,60,281579,28.85030737704918
0.2,9760,34,281613,28.850834955434895
0.2,9761,26,281639,28.850542921532472
0.2,9762,44,281683,28.85209464304005
0.2,9763,84,281767,28.857742728390004
0.2,9764,63,281830,28.861239119303637
0.2,9765,54,281884,28.863813229571985
0.2,9766,86,281970,28.86966315142828
0.2,9767,-130,281840,28.853398853398854
0.2,9768,-49,281791,28.845429419592588
0.2,9769,-71,281720,28.835209825997953
0.2,9770,-5,281715,28.83174700644765
0.2,9771,91,281806,28.83810888252149
0.2,9772,47,281853,28.839967256727718
0.2,9773,65,281918,28.84366687129118
0.2,9774,57,281975,28.846547314578004
0.2,9775,80,282055,28.8517798690671
0.2,9776,83,282138,28.857318195765572
0.2,9777,-100,282038,28.84413990591123
0.2,9778,-3,282035,28.840883525922894
0.2,9779,19,282054,28.839877300613498
0.2,9780,70,282124,28.844085471833147
0.2,9781,81,282205,28.84941729707626
0.2,9782,-78,282127,28.838495349074925
0.2,9783,9,282136,28.83646770237122
0.2,9784,50,282186,28.838630556974962
0.2,9785,1,282187,28.835785816472512
0.2,9786,93,282280,28.842341882088483
0.2,9787,-213,282067,28.81763383735186
0.2,9788,52,282119,28.820002043109614
0.2,9789,90,282209,28.826251276813075
0.2,9790,25,282234,28.825860484118067
0.2,9791,81,282315,28.831188725490197
0.2,9792,69,282384,28.835290513632188
0.2,9793,-75,282309,28.824688584847866
0.2,9794,62,282371,28.82807554874936
0.2,9795,89,282460,28.834218048182933
0.2,9796,46,282506,28.83597019495764
0.2,9797,-29,282477,28.830067360685856
0.2,9798,8,282485,28.827941626696603
0.2,9799,-64,282421,28.8184693877551
0.2,9800,57,282478,28.8213447607387
0.2,9801,50,282528,28.823505407059784
0.2,9802,-37,282491,28.816790778333164
0.2,9803,-100,282391,28.803651570787434
0.2,9804,-199,282192,28.78041815400306
0.2,9805,88,282280,28.786457271058534
0.2,9806,18,282298,28.785357397777098
0.2,9807,76,282374,28.79017128874388
0.2,9808,94,282468,28.796819247629728
0.2,9809,72,282540,28.801223241590215
0.2,9810,90,282630,28.807461013148508
0.2,9811,64,282694,28.81104769669792
0.2,9812,66,282760,28.814837460511566
0.2,9813,88,282848,28.820868147544324
0.2,9814,89,282937,28.82699949057565
0.2,9815,-185,282752,28.80521597392013
0.2,9816,91,282843,28.811551390445146
0.2,9817,81,282924,28.81686697901813
0.2,9818,-23,282901,28.811589774926162
0.2,9819,-172,282729,28.791140529531567
0.2,9820,83,282812,28.796660217900417
0.2,9821,91,282903,28.802993280390957
0.2,9822,84,282987,28.80861244019139
0.2,9823,21,283008,28.807817589576548
0.2,9824,78,283086,28.812824427480916
0.2,9825,21,283107,28.812029309993893
0.2,9826,86,283193,28.817848783962553
0.2,9827,70,283263,28.822039072039072
0.2,9828,70,283333,28.82622850747787
0.2,9829,65,283398,28.829908443540184
0.2,9830,46,283444,28.831654968975688
0.2,9831,71,283515,28.83594385679414
0.2,9832,59,283574,28.83901149191498
0.2,9833,93,283667,28.845535895871468
0.2,9834,23,283690,28.844941535332996
0.2,9835,59,283749,28.8480073200488
0.2,9836,78,283827,28.853003964623362
0.2,9837,62,283889,28.856373246594835
0.2,9838,58,283947,28.859335298302675
0.2,9839,66,284013,28.86310975609756
0.2,9840,17,284030,28.861904278020525
0.2,9841,-14,284016,28.857549278601912
0.2,9842,83,284099,28.8630498831657
0.2,9843,-156,283943,28.844270621698495
0.2,9844,81,284024,28.849568308786186
0.2,9845,92,284116,28.8559821247207
0.2,9846,93,284209,28.862496191733523
0.2,9847,3,284212,28.85987002437043
0.2,9848,91,284303,28.866179307543913
0.2,9849,69,284372,28.8702538071066
0.2,9850,-56,284316,28.861638412343925
0.2,9851,-140,284176,28.844498578968736
0.2,9852,88,284264,28.850502385060388
0.2,9853,81,284345,28.855794601177188
0.2,9854,23,284368,28.855200405885338
0.2,9855,92,284460,28.861607142857142
0.2,9856,33,284493,28.862026985898346
0.2,9857,65,284558,28.865692838303914
0.2,9858,14,284572,28.864185008621565
0.2,9859,53,284625,28.866632860040568
0.2,9860,-3,284622,28.863401277760875
0.2,9861,76,284698,28.868180896369903
0.2,9862,93,284791,28.874683159282167
0.2,9863,87,284878,28.88057583130576
0.2,9864,-110,284768,28.866497719209327
0.2,9865,14,284782,28.86499087776201
0.2,9866,90,284872,28.87118678423026
0.2,9867,82,284954,28.876570733684638
0.2,9868,94,285048,28.883169520721452
0.2,9869,-51,284997,28.875075987841946
0.2,9870,90,285087,28.8812683618681
0.2,9871,0,285087,28.878342787682335
0.2,9872,79,285166,28.883419426719335
0.2,9873,77,285243,28.88829248531497
0.2,9874,82,285325,28.89367088607595
0.2,9875,12,285337,28.89196030781693
0.2,9876,21,285358,28.891161283790623
0.2,9877,-210,285148,28.866977120874672
0.2,9878,86,285234,28.87276040085029
0.2,9879,-43,285191,28.865485829959514
0.2,9880,86,285277,28.871268090274263
0.2,9881,88,285365,28.8772515685084
0.2,9882,20,285385,28.87635333400789
0.2,9883,46,285431,28.878085795224607
0.2,9884,73,285504,28.88254931714719
0.2,9885,77,285581,28.887416548654663
0.2,9886,51,285632,28.88965307980176
0.2,9887,91,285723,28.89593446601942
0.2,9888,83,285806,28.901405602184244
0.2,9889,6,285812,28.899089989888775
0.2,9890,71,285883,28.903346476594884
0.2,9891,81,285964,28.908613020622724
0.2,9892,93,286057,28.91509147882341
0.2,9893,-17,286040,28.910450778249444
0.2,9894,-120,285920,28.895401718039412
0.2,9895,57,285977,28.89824171382377
0.2,9896,83,286060,28.903708194402345
0.2,9897,-54,286006,28.895332390381895
0.2,9898,25,286031,28.894938882715426
0.2,9899,74,286105,28.89949494949495
0.2,9900,89,286194,28.905565094434905
0.2,9901,25,286219,28.905170672591396
0.2,9902,77,286296,28.910027264465313
0.2,9903,-101,286195,28.896910339256866
0.2,9904,70,286265,28.901060070671377
0.2,9905,42,286307,28.90238239450838
0.2,9906,87,286394,28.908246694256587
0.2,9907,-33,286361,28.90199838514332
0.2,9908,-65,286296,28.892521949742658
0.2,9909,94,286390,28.899091826437942
0.2,9910,-5,286385,28.895671476137625
0.2,9911,71,286456,28.8999192897498
0.2,9912,-143,286313,28.882578432361544
0.2,9913,-49,286264,28.87472261448457
0.2,9914,81,286345,28.879979828542613
0.2,9915,8,286353,28.877874142799516
0.2,9916,84,286437,28.883432489664212
0.2,9917,64,286501,28.886973180076627
0.2,9918,42,286543,28.888295191047483
0.2,9919,0,286543,28.88538306451613
0.2,9920,-3,286540,28.88216913617579
0.2,9921,65,286605,28.88580931263858
0.2,9922,-44,286561,28.878464174140884
0.2,9923,22,286583,28.87777106005643
0.2,9924,82,286665,28.883123425692695
0.2,9925,59,286724,28.886157565988313
0.2,9926,91,286815,28.892414626775462
0.2,9927,64,286879,28.89595084609186
0.2,9928,92,286971,28.902306375264377
0.2,9929,-45,286926,28.89486404833837
0.2,9930,-136,286790,28.878259993958313
0.2,9931,72,286862,28.882601691502217
0.2,9932,-60,286802,28.87365347830464
0.2,9933,70,286872,28.8777934366821
0.2,9934,-54,286818,28.8694514343231
0.2,9935,-33,286785,28.86322463768116
0.2,9936,92,286877,28.869578343564456
0.2,9937,-17,286860,28.864962769168848
0.2,9938,77,286937,28.869805815474393
0.2,9939,92,287029,28.8761569416499
0.2,9940,12,287041,28.87445930992858
0.2,9941,69,287110,28.87849527258097
0.2,9942,-221,286889,28.85336417580207
0.2,9943,94,286983,28.859915526950925
0.2,9944,77,287060,28.864756158873806
0.2,9945,-340,286720,28.827669414840138
0.2,9946,56,286776,28.83040112596763
0.2,9947,-18,286758,28.825693606755127
0.2,9948,81,286839,28.830937782691727
0.2,9949,46,286885,28.832663316582913
0.2,9950,13,286898,28.83107225404482
0.2,9951,57,286955,28.833902733118972
0.2,9952,36,286991,28.834622726816036
0.2,9953,66,287057,28.838356439622263
0.2,9954,80,287137,28.843495730788547
0.2,9955,37,287174,28.844314985938126
0.2,9956,1,287175,28.841518529677614
0.2,9957,6,287181,28.839224743924483
0.2,9958,79,287260,28.844261472035345
0.2,9959,35,287295,28.84487951807229
0.2,9960,4,287299,28.842385302680455
0.2,9961,93,287392,28.848825537040756
0.2,9962,42,287434,28.850145538492423
0.2,9963,79,287513,28.855178643115213
0.2,9964,93,287606,28.86161565479177
0.2,9965,23,287629,28.861027493477824
0.2,9966,45,287674,28.862646734222935
0.2,9967,47,287721,28.864466292134832
0.2,9968,93,287814,28.870899789346975
0.2,9969,82,287896,28.876228686058173
0.2,9970,77,287973,28.881055059673052
0.2,9971,31,288004,28.881267549137586
0.2,9972,92,288096,28.88759651057856
0.2,9973,88,288184,28.893523160216564
0.2,9974,73,288257,28.897944862155388
0.2,9975,28,288285,28.897854851643945
0.2,9976,-100,288185,28.88493535130801
0.2,9977,74,288259,28.889456804970937
0.2,9978,-77,288182,28.87884557570899
0.2,9979,-47,288135,28.87124248496994
0.2,9980,94,288229,28.87776775874161
0.2,9981,84,288313,28.883289921859348
0.2,9982,46,288359,28.885004507663027
0.2,9983,80,288439,28.89012419871795
0.2,9984,67,288506,28.89394091136705
0.2,9985,83,288589,28.89935910274384
0.2,9986,-124,288465,28.884049264043256
0.2,9987,86,288551,28.889767721265518
0.2,9988,-90,288461,28.87786565221744
0.2,9989,66,288527,28.88158158158158
0.2,9990,90,288617,28.887698929036134
0.2,9991,-102,288515,28.874599679743795
0.2,9992,-202,288313,28.851496047233063
0.2,9993,92,288405,28.85781468881329
0.2,9994,89,288494,28.863831915957977
0.2,9995,80,288574,28.868947579031612
0.2,9996,37,288611,28.869760928278485
0.2,9997,23,288634,28.869173834766954
0.2,9998,27,288661,28.86898689868987
0.2,9999,5,288666,28.8666
