0.05,0,78,78,78.0
0.05,1,-37,41,20.5
0.05,2,93,134,44.666666666666664
0.05,3,93,227,56.75
0.05,4,-107,120,24.0
0.05,5,89,209,34.833333333333336
0.05,6,79,288,41.142857142857146
0.05,7,19,307,38.375
0.05,8,85,392,43.55555555555556
0.05,9,88,480,48.0
0.05,10,78,558,50.72727272727273
0.05,11,83,641,53.416666666666664
0.05,12,91,732,56.30769230769231
0.05,13,-36,696,49.714285714285715
0.05,14,92,788,52.53333333333333
0.05,15,90,878,54.875
0.05,16,81,959,56.411764705882355
0.05,17,23,982,54.55555555555556
0.05,18,17,999,52.578947368421055
0.05,19,45,1044,52.2
0.05,20,83,1127,53.666666666666664
0.05,21,-6,1121,50.95454545454545
0.05,22,70,1191,51.78260869565217
0.05,23,91,1282,53.416666666666664
0.05,24,65,1347,53.88
0.05,25,77,1424,54.76923076923077
0.05,26,-222,1202,44.51851851851852
0.05,27,46,1248,44.57142857142857
0.05,28,84,1332,45.93103448275862
0.05,29,70,1402,46.733333333333334
0.05,30,36,1438,46.38709677419355
0.05,31,73,1511,47.21875
0.05,32,79,1590,48.18181818181818
0.05,33,-7,1583,46.55882352941177
0.05,34,63,1646,47.02857142857143
0.05,35,69,1715,47.638888888888886
0.05,36,75,1790,48.37837837837838
0.05,37,83,1873,49.28947368421053
0.05,38,57,1930,49.48717948717949
0.05,39,90,2020,50.5
0.05,40,-105,1915,46.707317073170735
0.05,41,75,1990,47.38095238095238
0.05,42,20,2010,46.74418604651163
0.05,43,-24,1986,45.13636363636363
0.05,44,77,2063,45.84444444444444
0.05,45,62,2125,46.19565217391305
0.05,46,93,2218,47.191489361702125
0.05,47,82,2300,47.916666666666664
0.05,48,92,2392,48.816326530612244
0.05,49,51,2443,48.86
0.05,50,-20,2423,47.509803921568626
0.05,51,-152,2271,43.67307692307692
0.05,52,94,2365,44.62264150943396
0.05,53,75,2440,45.18518518518518
0.05,54,89,2529,45.981818181818184
0.05,55,91,2620,46.785714285714285
0.05,56,89,2709,47.526315789473685
0.05,57,-113,2596,44.758620689655174
0.05,58,-60,2536,42.983050847457626
0.05,59,94,2630,43.833333333333336
0.05,60,75,2705,44.34426229508197
0.05,61,-355,2350,37.903225806451616
0.05,62,41,2391,37.95238095238095
0.05,63,81,2472,38.625
0.05,64,87,2559,39.36923076923077
0.05,65,48,2607,39.5
0.05,66,-56,2551,38.07462686567164
0.05,67,75,2626,38.61764705882353
0.05,68,89,2715,39.34782608695652
0.05,69,94,2809,40.128571428571426
0.05,70,42,2851,40.15492957746479
0.05,71,75,2926,40.638888888888886
0.05,72,47,2973,40.726027397260275
0.05,73,80,3053,41.25675675675676
0.05,74,92,3145,41.93333333333333
0.05,75,88,3233,42.53947368421053
0.05,76,36,3269,42.45454545454545
0.05,77,57,3326,42.64102564102564
0.05,78,41,3367,42.620253164556964
0.05,79,90,3457,43.2125
0.05,80,88,3545,43.76543209876543
0.05,81,61,3606,43.97560975609756
0.05,82,94,3700,44.57831325301205
0.05,83,94,3794,45.166666666666664
0.05,84,54,3848,45.27058823529412
0.05,85,86,3934,45.74418604651163
0.05,86,85,4019,46.195402298850574
0.05,87,65,4084,46.40909090909091
0.05,88,59,4143,46.550561797752806
0.05,89,26,4169,46.32222222222222
0.05,90,89,4258,46.79120879120879
0.05,91,88,4346,47.23913043478261
0.05,92,88,4434,47.67741935483871
0.05,93,86,4520,48.08510638297872
0.05,94,-10,4510,47.473684210526315
0.05,95,-216,4294,44.729166666666664
0.05,96,92,4386,45.21649484536083
0.05,97,-49,4337,44.255102040816325
0.05,98,-188,4149,41.90909090909091
0.05,99,49,4198,41.98
0.05,100,58,4256,42.13861386138614
0.05,101,-12,4244,41.6078431372549
0.05,102,78,4322,41.96116504854369
0.05,103,-215,4107,39.49038461538461
0.05,104,39,4146,39.48571428571429
0.05,105,67,4213,39.74528301886792
0.05,106,72,4285,40.046728971962615
0.05,107,22,4307,39.879629629629626
0.05,108,93,4400,40.36697247706422
0.05,109,93,4493,40.845454545454544
0.05,110,31,4524,40.75675675675676
0.05,111,12,4536,40.5
0.05,112,-56,4480,39.64601769911504
0.05,113,41,4521,39.6578947368421
0.05,114,86,4607,40.06086956521739
0.05,115,88,4695,40.474137931034484
0.05,116,90,4785,40.8974358974359
0.05,117,-54,4731,40.09322033898305
0.05,118,85,4816,40.470588235294116
0.05,119,55,4871,40.59166666666667
0.05,120,71,4942,40.84297520661157
0.05,121,39,4981,40.82786885245902
0.05,122,43,5024,40.84552845528455
0.05,123,83,5107,41.185483870967744
0.05,124,59,5166,41.328
0.05,125,84,5250,41.666666666666664
0.05,126,90,5340,42.04724409448819
0.05,127,-1,5339,41.7109375
0.05,128,71,5410,41.93798449612403
0.05,129,78,5488,42.215384615384615
0.05,130,94,5582,42.61068702290076
0.05,131,37,5619,42.56818181818182
0.05,132,54,5673,42.65413533834587
0.05,133,31,5704,42.56716417910448
0.05,134,77,5781,42.82222222222222
0.05,135,-75,5706,41.955882352941174
0.05,136,-16,5690,41.53284671532847
0.05,137,73,5763,41.76086956521739
0.05,138,-35,5728,41.20863309352518
0.05,139,48,5776,41.25714285714286
0.05,140,94,5870,41.63120567375886
0.05,141,25,5895,41.514084507042256
0.05,142,-51,5844,40.86713286713287
0.05,143,-100,5744,39.888888888888886
0.05,144,77,5821,40.144827586206894
0.05,145,8,5829,39.92465753424658
0.05,146,-531,5298,36.04081632653061
0.05,147,90,5388,36.4054054054054
0.05,148,-49,5339,35.83221476510067
0.05,149,67,5406,36.04
0.05,150,40,5446,36.06622516556291
0.05,151,-29,5417,35.63815789473684
0.05,152,81,5498,35.93464052287582
0.05,153,-24,5474,35.54545454545455
0.05,154,71,5545,35.774193548387096
0.05,155,7,5552,35.58974358974359
0.05,156,-208,5344,34.038216560509554
0.05,157,-132,5212,32.9873417721519
0.05,158,57,5269,33.138364779874216
0.05,159,72,5341,33.38125
0.05,160,92,5433,33.745341614906835
0.05,161,90,5523,34.092592592592595
0.05,162,49,5572,34.1840490797546
0.05,163,-26,5546,33.81707317073171
0.05,164,-57,5489,33.266666666666666
0.05,165,94,5583,33.63253012048193
0.05,166,-120,5463,32.712574850299404
0.05,167,-96,5367,31.946428571428573
0.05,168,92,5459,32.30177514792899
0.05,169,92,5551,32.65294117647059
0.05,170,-40,5511,32.228070175438596
0.05,171,91,5602,32.56976744186046
0.05,172,59,5661,32.72254335260116
0.05,173,61,5722,32.88505747126437
0.05,174,-34,5688,32.502857142857145
0.05,175,54,5742,32.625
0.05,176,73,5815,32.85310734463277
0.05,177,94,5909,33.19662921348315
0.05,178,60,5969,33.3463687150838
0.05,179,57,6026,33.477777777777774
0.05,180,57,6083,33.607734806629836
0.05,181,61,6144,33.75824175824176
0.05,182,68,6212,33.94535519125683
0.05,183,26,6238,33.90217391304348
0.05,184,-32,6206,33.545945945945945
0.05,185,-5,6201,33.33870967741935
0.05,186,-29,6172,33.00534759358289
0.05,187,49,6221,33.090425531914896
0.05,188,22,6243,33.03174603174603
0.05,189,93,6336,33.34736842105263
0.05,190,87,6423,33.6282722513089
0.05,191,-8,6415,33.411458333333336
0.05,192,39,6454,33.44041450777202
0.05,193,84,6538,33.70103092783505
0.05,194,82,6620,33.94871794871795
0.05,195,91,6711,34.23979591836735
0.05,196,-5,6706,34.04060913705584
0.05,197,-50,6656,33.61616161616162
0.05,198,24,6680,33.5678391959799
0.05,199,20,6700,33.5
0.05,200,85,6785,33.756218905472636
0.05,201,7,6792,33.62376237623762
0.05,202,23,6815,33.57142857142857
0.05,203,95,6910,33.872549019607845
0.05,204,77,6987,34.082926829268295
0.05,205,74,7061,34.27669902912621
0.05,206,85,7146,34.52173913043478
0.05,207,-1,7145,34.35096153846154
0.05,208,40,7185,34.377990430622006
0.05,209,70,7255,34.54761904761905
0.05,210,35,7290,34.54976303317535
0.05,211,-337,6953,32.79716981132076
0.05,212,-20,6933,32.54929577464789
0.05,213,-34,6899,32.23831775700935
0.05,214,92,6991,32.51627906976744
0.05,215,71,7062,32.69444444444444
0.05,216,12,7074,32.59907834101382
0.05,217,-104,6970,31.972477064220183
0.05,218,76,7046,32.17351598173516
0.05,219,45,7091,32.231818181818184
0.05,220,71,7162,32.40723981900452
0.05,221,-68,7094,31.954954954954953
0.05,222,-36,7058,31.650224215246638
0.05,223,-97,6961,31.075892857142858
0.05,224,38,6999,31.106666666666666
0.05,225,88,7087,31.358407079646017
0.05,226,-83,7004,30.854625550660792
0.05,227,84,7088,31.087719298245613
0.05,228,89,7177,31.34061135371179
0.05,229,-68,7109,30.908695652173915
0.05,230,-298,6811,29.484848484848484
0.05,231,86,6897,29.728448275862068
0.05,232,28,6925,29.721030042918454
0.05,233,92,7017,29.987179487179485
0.05,234,40,7057,30.029787234042555
0.05,235,88,7145,30.27542372881356
0.05,236,-37,7108,29.991561181434598
0.05,237,-116,6992,29.3781512605042
0.05,238,-107,6885,28.807531380753137
0.05,239,91,6976,29.066666666666666
0.05,240,-10,6966,28.904564315352697
0.05,241,11,6977,28.830578512396695
0.05,242,81,7058,29.045267489711936
0.05,243,18,7076,29.0
0.05,244,9,7085,28.918367346938776
0.05,245,89,7174,29.16260162601626
0.05,246,-29,7145,28.927125506072876
0.05,247,76,7221,29.116935483870968
0.05,248,63,7284,29.253012048192772
0.05,249,86,7370,29.48
0.05,250,52,7422,29.56972111553785
0.05,251,71,7493,29.734126984126984
0.05,252,-72,7421,29.33201581027668
0.05,253,91,7512,29.5748031496063
0.05,254,70,7582,29.733333333333334
0.05,255,77,7659,29.91796875
0.05,256,60,7719,30.035019455252918
0.05,257,7,7726,29.94573643410853
0.05,258,86,7812,30.16216216216216
0.05,259,-202,7610,29.26923076923077
0.05,260,-5,7605,29.137931034482758
0.05,261,94,7699,29.385496183206108
0.05,262,7,7706,29.30038022813688
0.05,263,64,7770,29.431818181818183
0.05,264,57,7827,29.535849056603773
0.05,265,52,7879,29.6203007518797
0.05,266,53,7932,29.707865168539325
0.05,267,-23,7909,29.511194029850746
0.05,268,30,7939,29.513011152416357
0.05,269,82,8021,29.70740740740741
0.05,270,82,8103,29.900369003690038
0.05,271,-99,8004,29.426470588235293
0.05,272,4,8008,29.333333333333332
0.05,273,-104,7904,28.846715328467152
0.05,274,89,7993,29.065454545454546
0.05,275,83,8076,29.26086956521739
0.05,276,66,8142,29.39350180505415
0.05,277,54,8196,29.48201438848921
0.05,278,59,8255,29.587813620071685
0.05,279,93,8348,29.814285714285713
0.05,280,54,8402,29.90035587188612
0.05,281,78,8480,30.070921985815602
0.05,282,-7,8473,29.939929328621908
0.05,283,86,8559,30.137323943661972
0.05,284,67,8626,30.266666666666666
0.05,285,-4,8622,30.146853146853147
0.05,286,33,8655,30.156794425087107
0.05,287,79,8734,30.32638888888889
0.05,288,93,8827,30.54325259515571
0.05,289,-59,8768,30.23448275862069
0.05,290,71,8839,30.374570446735394
0.05,291,75,8914,30.527397260273972
0.05,292,30,8944,30.525597269624573
0.05,293,90,9034,30.727891156462587
0.05,294,76,9110,30.88135593220339
0.05,295,36,9146,30.89864864864865
0.05,296,94,9240,31.11111111111111
0.05,297,93,9333,31.318791946308725
0.05,298,-49,9284,31.05016722408027
0.05,299,68,9352,31.173333333333332
0.05,300,-109,9243,30.707641196013288
0.05,301,85,9328,30.887417218543046
0.05,302,36,9364,30.904290429042906
0.05,303,56,9420,30.986842105263158
0.05,304,89,9509,31.17704918032787
0.05,305,92,9601,31.375816993464053
0.05,306,29,9630,31.368078175895764
0.05,307,-42,9588,31.12987012987013
0.05,308,76,9664,31.27508090614887
0.05,309,-18,9646,31.116129032258065
0.05,310,56,9702,31.19614147909968
0.05,311,58,9760,31.28205128205128
0.05,312,92,9852,31.476038338658146
0.05,313,-2,9850,31.369426751592357
0.05,314,85,9935,31.53968253968254
0.05,315,93,10028,31.734177215189874
0.05,316,59,10087,31.820189274447948
0.05,317,69,10156,31.937106918238992
0.05,318,19,10175,31.896551724137932
0.05,319,89,10264,32.075
0.05,320,27,10291,32.059190031152646
0.05,321,67,10358,32.16770186335404
0.05,322,-88,10270,31.795665634674922
0.05,323,-207,10063,31.058641975308642
0.05,324,82,10145,31.215384615384615
0.05,325,85,10230,31.380368098159508
0.05,326,64,10294,31.480122324159023
0.05,327,42,10336,31.51219512195122
0.05,328,87,10423,31.680851063829788
0.05,329,-18,10405,31.53030303030303
0.05,330,94,10499,31.719033232628398
0.05,331,93,10592,31.903614457831324
0.05,332,73,10665,32.027027027027025
0.05,333,53,10718,32.08982035928144
0.05,334,-10,10708,31.964179104477612
0.05,335,-49,10659,31.723214285714285
0.05,336,94,10753,31.9080118694362
0.05,337,64,10817,32.00295857988166
0.05,338,92,10909,32.17994100294985
0.05,339,33,10942,32.18235294117647
0.05,340,89,11031,32.348973607038126
0.05,341,55,11086,32.41520467836257
0.05,342,79,11165,32.55102040816327
0.05,343,92,11257,32.723837209302324
0.05,344,90,11347,32.88985507246377
0.05,345,64,11411,32.97976878612717
0.05,346,75,11486,33.10086455331412
0.05,347,65,11551,33.19252873563219
0.05,348,-123,11428,32.74498567335244
0.05,349,93,11521,32.917142857142856
0.05,350,85,11606,33.065527065527064
0.05,351,93,11699,33.23579545454545
0.05,352,45,11744,33.26912181303116
0.05,353,74,11818,33.38418079096045
0.05,354,93,11911,33.55211267605634
0.05,355,81,11992,33.68539325842696
0.05,356,88,12080,33.8375350140056
0.05,357,91,12171,33.997206703910614
0.05,358,3,12174,33.910863509749305
0.05,359,73,12247,34.019444444444446
0.05,360,75,12322,34.13296398891967
0.05,361,65,12387,34.21823204419889
0.05,362,92,12479,34.37741046831956
0.05,363,53,12532,34.42857142857143
0.05,364,13,12545,34.36986301369863
0.05,365,-54,12491,34.12841530054645
0.05,366,-28,12463,33.9591280653951
0.05,367,81,12544,34.08695652173913
0.05,368,-51,12493,33.856368563685635
0.05,369,55,12548,33.913513513513514
0.05,370,94,12642,34.075471698113205
0.05,371,90,12732,34.225806451612904
0.05,372,87,12819,34.36729222520107
0.05,373,89,12908,34.51336898395722
0.05,374,91,12999,34.664
0.05,375,94,13093,34.8218085106383
0.05,376,92,13185,34.97347480106101
0.05,377,69,13254,35.06349206349206
0.05,378,74,13328,35.16622691292876
0.05,379,-20,13308,35.02105263157895
0.05,380,88,13396,35.16010498687664
0.05,381,84,13480,35.287958115183244
0.05,382,29,13509,35.27154046997389
0.05,383,-94,13415,34.934895833333336
0.05,384,12,13427,34.87532467532468
0.05,385,66,13493,34.9559585492228
0.05,386,43,13536,34.97674418604651
0.05,387,55,13591,35.02835051546392
0.05,388,-461,13130,33.753213367609256
0.05,389,92,13222,33.9025641025641
0.05,390,11,13233,33.84398976982097
0.05,391,82,13315,33.96683673469388
0.05,392,60,13375,34.033078880407125
0.05,393,39,13414,34.045685279187815
0.05,394,20,13434,34.01012658227848
0.05,395,76,13510,34.11616161616162
0.05,396,70,13580,34.20654911838791
0.05,397,-81,13499,33.91708542713568
0.05,398,-3,13496,33.824561403508774
0.05,399,77,13573,33.9325
0.05,400,92,13665,34.077306733167084
0.05,401,87,13752,34.208955223880594
0.05,402,67,13819,34.29032258064516
0.05,403,60,13879,34.353960396039604
0.05,404,-168,13711,33.85432098765432
0.05,405,54,13765,33.90394088669951
0.05,406,80,13845,34.01719901719902
0.05,407,78,13923,34.125
0.05,408,-68,13855,33.87530562347188
0.05,409,-21,13834,33.74146341463415
0.05,410,7,13841,33.67639902676399
0.05,411,66,13907,33.75485436893204
0.05,412,65,13972,33.83050847457627
0.05,413,76,14048,33.932367149758456
0.05,414,92,14140,34.0722891566265
0.05,415,1,14141,33.99278846153846
0.05,416,-192,13949,33.45083932853717
0.05,417,-227,13722,32.82775119617225
0.05,418,94,13816,32.97374701670645
0.05,419,-70,13746,32.72857142857143
0.05,420,1,13747,32.65320665083135
0.05,421,24,13771,32.632701421800945
0.05,422,86,13857,32.758865248226954
0.05,423,35,13892,32.764150943396224
0.05,424,36,13928,32.771764705882354
0.05,425,92,14020,32.91079812206573
0.05,426,-75,13945,32.65807962529274
0.05,427,23,13968,32.63551401869159
0.05,428,85,14053,32.75757575757576
0.05,429,94,14147,32.9
0.05,430,13,14160,32.853828306264504
0.05,431,93,14253,32.99305555555556
0.05,432,93,14346,33.13163972286374
0.05,433,84,14430,33.24884792626728
0.05,434,66,14496,33.324137931034485
0.05,435,26,14522,33.30733944954128
0.05,436,50,14572,33.34553775743707
0.05,437,58,14630,33.401826484018265
0.05,438,29,14659,33.391799544419136
0.05,439,-23,14636,33.263636363636365
0.05,440,89,14725,33.39002267573696
0.05,441,-71,14654,33.15384615384615
0.05,442,57,14711,33.207674943566595
0.05,443,60,14771,33.26801801801802
0.05,444,5,14776,33.204494382022474
0.05,445,-121,14655,32.85874439461883
0.05,446,93,14748,32.993288590604024
0.05,447,77,14825,33.091517857142854
0.05,448,84,14909,33.204899777282854
0.05,449,54,14963,33.25111111111111
0.05,450,-24,14939,33.12416851441242
0.05,451,27,14966,33.110619469026545
0.05,452,51,15017,33.150110375275936
0.05,453,-98,14919,32.86123348017621
0.05,454,58,14977,32.91648351648352
0.05,455,21,14998,32.89035087719298
0.05,456,67,15065,32.96498905908096
0.05,457,60,15125,33.02401746724891
0.05,458,51,15176,33.06318082788671
0.05,459,92,15268,33.19130434782609
0.05,460,59,15327,33.2472885032538
0.05,461,-1,15326,33.17316017316017
0.05,462,89,15415,33.29373650107991
0.05,463,-161,15254,32.875
0.05,464,84,15338,32.98494623655914
0.05,465,-66,15272,32.772532188841204
0.05,466,67,15339,32.845824411134906
0.05,467,73,15412,32.93162393162393
0.05,468,78,15490,33.02771855010661
0.05,469,62,15552,33.08936170212766
0.05,470,86,15638,33.20169851380042
0.05,471,-93,15545,32.934322033898304
0.05,472,67,15612,33.00634249471459
0.05,473,90,15702,33.12658227848101
0.05,474,58,15760,33.17894736842105
0.05,475,63,15823,33.24159663865546
0.05,476,89,15912,33.35849056603774
0.05,477,-209,15703,32.85146443514645
0.05,478,13,15716,32.81002087682672
0.05,479,-146,15570,32.4375
0.05,480,64,15634,32.5031185031185
0.05,481,76,15710,32.593360995850624
0.05,482,-22,15688,32.480331262939956
0.05,483,59,15747,32.53512396694215
0.05,484,-59,15688,32.34639175257732
0.05,485,-25,15663,32.22839506172839
0.05,486,29,15692,32.2217659137577
0.05,487,90,15782,32.34016393442623
0.05,488,93,15875,32.464212678936605
0.05,489,47,15922,32.49387755102041
0.05,490,58,15980,32.54582484725051
0.05,491,5,15985,32.489837398373986
0.05,492,75,16060,32.57606490872211
0.05,493,-18,16042,32.473684210526315
0.05,494,-11,16031,32.385858585858585
0.05,495,69,16100,32.45967741935484
0.05,496,-22,16078,32.35010060362173
0.05,497,50,16128,32.3855421686747
0.05,498,-71,16057,32.17835671342685
0.05,499,92,16149,32.298
0.05,500,-14,16135,32.20558882235529
0.05,501,59,16194,32.2589641434263
0.05,502,88,16282,32.36978131212724
0.05,503,-68,16214,32.17063492063492
0.05,504,87,16301,32.27920792079208
0.05,505,-109,16192,32.0
0.05,506,88,16280,32.11045364891519
0.05,507,72,16352,32.188976377952756
0.05,508,48,16400,32.220039292730846
0.05,509,43,16443,32.241176470588236
0.05,510,47,16490,32.27005870841487
0.05,511,51,16541,32.306640625
0.05,512,-73,16468,32.10136452241716
0.05,513,35,16503,32.10700389105058
0.05,514,91,16594,32.22135922330097
0.05,515,22,16616,32.201550387596896
0.05,516,-10,16606,32.11992263056093
0.05,517,64,16670,32.181467181467184
0.05,518,15,16685,32.14836223506744
0.05,519,21,16706,32.12692307692308
0.05,520,13,16719,32.09021113243762
0.05,521,92,16811,32.20498084291188
0.05,522,80,16891,32.29636711281071
0.05,523,39,16930,32.30916030534351
0.05,524,62,16992,32.36571428571428
0.05,525,24,17016,32.349809885931556
0.05,526,42,17058,32.368121442125236
0.05,527,-83,16975,32.14962121212121
0.05,528,-99,16876,31.90170132325142
0.05,529,-5,16871,31.832075471698115
0.05,530,58,16929,31.88135593220339
0.05,531,84,17013,31.979323308270676
0.05,532,-82,16931,31.765478424015008
0.05,533,95,17026,31.883895131086142
0.05,534,92,17118,31.99626168224299
0.05,535,81,17199,32.08768656716418
0.05,536,81,17280,32.17877094972067
0.05,537,48,17328,32.20817843866171
0.05,538,77,17405,32.291280148423006
0.05,539,-24,17381,32.18703703703704
0.05,540,19,17400,32.1626617375231
0.05,541,87,17487,32.26383763837639
0.05,542,87,17574,32.3646408839779
0.05,543,-26,17548,32.25735294117647
0.05,544,55,17603,32.29908256880734
0.05,545,33,17636,32.3003663003663
0.05,546,94,17730,32.413162705667276
0.05,547,-20,17710,32.31751824817518
0.05,548,27,17737,32.30783242258652
0.05,549,50,17787,32.34
0.05,550,-213,17574,31.894736842105264
0.05,551,-39,17535,31.766304347826086
0.05,552,82,17617,31.857142857142858
0.05,553,-1,17616,31.79783393501805
0.05,554,76,17692,31.877477477477477
0.05,555,94,17786,31.989208633093526
0.05,556,82,17868,32.07899461400359
0.05,557,-73,17795,31.89068100358423
0.05,558,-23,17772,31.792486583184257
0.05,559,54,17826,31.832142857142856
0.05,560,56,17882,31.875222816399287
0.05,561,62,17944,31.9288256227758
0.05,562,35,17979,31.934280639431616
0.05,563,83,18062,32.02482269503546
0.05,564,42,18104,32.0424778761062
0.05,565,27,18131,32.033568904593636
0.05,566,17,18148,32.00705467372134
0.05,567,-27,18121,31.903169014084508
0.05,568,20,18141,31.88224956063269
0.05,569,-151,17990,31.56140350877193
0.05,570,50,18040,31.59369527145359
0.05,571,90,18130,31.695804195804197
0.05,572,83,18213,31.785340314136125
0.05,573,19,18232,31.76306620209059
0.05,574,90,18322,31.864347826086956
0.05,575,81,18403,31.94965277777778
0.05,576,33,18436,31.951473136915077
0.05,577,-48,18388,31.813148788927336
0.05,578,70,18458,31.879101899827287
0.05,579,90,18548,31.979310344827585
0.05,580,-74,18474,31.796901893287437
0.05,581,71,18545,31.86426116838488
0.05,582,31,18576,31.86277873070326
0.05,583,93,18669,31.96746575342466
0.05,584,75,18744,32.04102564102564
0.05,585,20,18764,32.02047781569966
0.05,586,26,18790,32.01022146507666
0.05,587,89,18879,32.107142857142854
0.05,588,90,18969,32.20543293718166
0.05,589,59,19028,32.25084745762712
0.05,590,22,19050,32.233502538071065
0.05,591,-14,19036,32.1554054054054
0.05,592,56,19092,32.195615514333895
0.05,593,67,19159,32.254208754208754
0.05,594,90,19249,32.35126050420168
0.05,595,-123,19126,32.09060402684564
0.05,596,82,19208,32.17420435510888
0.05,597,-37,19171,32.058528428093645
0.05,598,84,19255,32.145242070116865
0.05,599,69,19324,32.20666666666666
0.05,600,49,19373,32.234608985024956
0.05,601,22,19395,32.21760797342193
0.05,602,77,19472,32.291873963515755
0.05,603,39,19511,32.30298013245033
0.05,604,83,19594,32.38677685950413
0.05,605,-115,19479,32.14356435643565
0.05,606,73,19552,32.21087314662274
0.05,607,15,19567,32.182565789473685
0.05,608,-75,19492,32.00656814449918
0.05,609,-92,19400,31.80327868852459
0.05,610,79,19479,31.880523731587562
0.05,611,87,19566,31.970588235294116
0.05,612,-48,19518,31.840130505709624
0.05,613,-51,19467,31.705211726384366
0.05,614,-46,19421,31.578861788617886
0.05,615,64,19485,31.631493506493506
0.05,616,91,19576,31.72771474878444
0.05,617,94,19670,31.828478964401295
0.05,618,89,19759,31.920840064620357
0.05,619,-15,19744,31.84516129032258
0.05,620,91,19835,31.940418679549115
0.05,621,44,19879,31.959807073954984
0.05,622,-21,19858,31.874799357945424
0.05,623,-67,19791,31.716346153846153
0.05,624,68,19859,31.7744
0.05,625,57,19916,31.814696485623003
0.05,626,56,19972,31.853269537480063
0.05,627,94,20066,31.952229299363058
0.05,628,4,20070,31.90779014308426
0.05,629,-11,20059,31.83968253968254
0.05,630,84,20143,31.922345483359745
0.05,631,-9,20134,31.85759493670886
0.05,632,76,20210,31.927330173775673
0.05,633,-14,20196,31.854889589905362
0.05,634,83,20279,31.935433070866143
0.05,635,75,20354,32.003144654088054
0.05,636,-68,20286,31.846153846153847
0.05,637,46,20332,31.86833855799373
0.05,638,35,20367,31.87323943661972
0.05,639,93,20460,31.96875
0.05,640,69,20529,32.026521060842434
0.05,641,76,20605,32.09501557632399
0.05,642,79,20684,32.16796267496112
0.05,643,84,20768,32.24844720496895
0.05,644,61,20829,32.29302325581396
0.05,645,72,20901,32.35448916408669
0.05,646,77,20978,32.42349304482226
0.05,647,63,21041,32.47067901234568
0.05,648,62,21103,32.516178736517716
0.05,649,-65,21038,32.36615384615384
0.05,650,93,21131,32.45929339477727
0.05,651,66,21197,32.510736196319016
0.05,652,88,21285,32.59571209800919
0.05,653,15,21300,32.56880733944954
0.05,654,51,21351,32.5969465648855
0.05,655,78,21429,32.666158536585364
0.05,656,71,21500,32.724505327245055
0.05,657,69,21569,32.77963525835866
0.05,658,25,21594,32.76783004552352
0.05,659,57,21651,32.804545454545455
0.05,660,89,21740,32.88956127080181
0.05,661,-28,21712,32.797583081571
0.05,662,31,21743,32.794871794871796
0.05,663,92,21835,32.88403614457831
0.05,664,8,21843,32.846616541353384
0.05,665,60,21903,32.887387387387385
0.05,666,-129,21774,32.64467766116942
0.05,667,50,21824,32.67065868263473
0.05,668,81,21905,32.742899850523166
0.05,669,83,21988,32.81791044776119
0.05,670,55,22043,32.85096870342772
0.05,671,94,22137,32.941964285714285
0.05,672,-105,22032,32.736998514115896
0.05,673,-23,22009,32.654302670623146
0.05,674,78,22087,32.72148148148148
0.05,675,86,22173,32.80029585798817
0.05,676,25,22198,32.78877400295421
0.05,677,70,22268,32.84365781710915
0.05,678,36,22304,32.84830633284241
0.05,679,51,22355,32.875
0.05,680,63,22418,32.91923641703377
0.05,681,88,22506,33.0
0.05,682,64,22570,33.04538799414348
0.05,683,19,22589,33.02485380116959
0.05,684,50,22639,33.04963503649635
0.05,685,-5,22634,32.994169096209916
0.05,686,78,22712,33.05967976710335
0.05,687,92,22804,33.145348837209305
0.05,688,91,22895,33.22931785195936
0.05,689,84,22979,33.302898550724635
0.05,690,85,23064,33.37771345875543
0.05,691,93,23157,33.463872832369944
0.05,692,51,23208,33.489177489177486
0.05,693,0,23208,33.44092219020173
0.05,694,84,23292,33.5136690647482
0.05,695,18,23310,33.491379310344826
0.05,696,68,23378,33.54088952654232
0.05,697,62,23440,33.58166189111748
0.05,698,2,23442,33.53648068669528
0.05,699,42,23484,33.54857142857143
0.05,700,94,23578,33.63480741797432
0.05,701,90,23668,33.71509971509972
0.05,702,-122,23546,33.493598862019915
0.05,703,21,23567,33.47585227272727
0.05,704,78,23645,33.53900709219858
0.05,705,27,23672,33.52974504249292
0.05,706,46,23718,33.547383309759546
0.05,707,76,23794,33.60734463276836
0.05,708,-21,23773,33.530324400564176
0.05,709,91,23864,33.611267605633806
0.05,710,72,23936,33.66526019690577
0.05,711,81,24017,33.73174157303371
0.05,712,52,24069,33.757363253856944
0.05,713,-369,23700,33.19327731092437
0.05,714,79,23779,33.257342657342654
0.05,715,94,23873,33.34217877094972
0.05,716,-148,23725,33.08926080892608
0.05,717,87,23812,33.16434540389972
0.05,718,-39,23773,33.063977746870655
0.05,719,56,23829,33.09583333333333
0.05,720,89,23918,33.173370319001386
0.05,721,-24,23894,33.094182825484765
0.05,722,-114,23780,32.89073305670816
0.05,723,90,23870,32.969613259668506
0.05,724,91,23961,33.04965517241379
0.05,725,-110,23851,32.852617079889804
0.05,726,70,23921,32.90371389270977
0.05,727,80,24001,32.96840659340659
0.05,728,-68,23933,32.82990397805212
0.05,729,83,24016,32.8986301369863
0.05,730,23,24039,32.88508891928865
0.05,731,50,24089,32.90846994535519
0.05,732,94,24183,32.99181446111869
0.05,733,-26,24157,32.91144414168937
0.05,734,94,24251,32.99455782312925
0.05,735,93,24344,33.07608695652174
0.05,736,76,24420,33.134328358208954
0.05,737,-289,24131,32.69783197831978
0.05,738,62,24193,32.73748308525034
0.05,739,94,24287,32.82027027027027
0.05,740,90,24377,32.8974358974359
0.05,741,-195,24182,32.59029649595687
0.05,742,91,24273,32.668909825033644
0.05,743,86,24359,32.740591397849464
0.05,744,-6,24353,32.68859060402684
0.05,745,91,24444,32.76675603217158
0.05,746,17,24461,32.74564926372155
0.05,747,-12,24449,32.68582887700535
0.05,748,47,24496,32.70493991989319
0.05,749,80,24576,32.768
0.05,750,71,24647,32.81890812250333
0.05,751,88,24735,32.892287234042556
0.05,752,60,24795,32.92828685258964
0.05,753,90,24885,33.00397877984085
0.05,754,8,24893,32.970860927152316
0.05,755,65,24958,33.01322751322751
0.05,756,82,25040,33.0779392338177
0.05,757,-25,25015,33.00131926121372
0.05,758,65,25080,33.04347826086956
0.05,759,-6,25074,32.992105263157896
0.05,760,92,25166,33.06964520367937
0.05,761,25,25191,33.05905511811024
0.05,762,90,25281,33.13368283093054
0.05,763,60,25341,33.16884816753927
0.05,764,78,25419,33.227450980392156
0.05,765,89,25508,33.300261096605745
0.05,766,65,25573,33.341590612777054
0.05,767,3,25576,33.302083333333336
0.05,768,92,25668,33.378413524057216
0.05,769,91,25759,33.45324675324675
0.05,770,80,25839,33.5136186770428
0.05,771,-6,25833,33.46243523316062
0.05,772,92,25925,33.53816300129366
0.05,773,-121,25804,33.338501291989665
0.05,774,62,25866,33.37548387096774
0.05,775,20,25886,33.358247422680414
0.05,776,85,25971,33.424710424710426
0.05,777,70,26041,33.47172236503856
0.05,778,75,26116,33.52503209242619
0.05,779,90,26206,33.5974358974359
0.05,780,88,26294,33.66709346991037
0.05,781,-152,26142,33.429667519181585
0.05,782,38,26180,33.43550446998723
0.05,783,83,26263,33.49872448979592
0.05,784,91,26354,33.57197452229299
0.05,785,93,26447,33.64758269720102
0.05,786,78,26525,33.70393900889454
0.05,787,23,26548,33.69035532994924
0.05,788,83,26631,33.752851711026615
0.05,789,-6,26625,33.70253164556962
0.05,790,37,26662,33.70670037926675
0.05,791,15,26677,33.68308080808081
0.05,792,-11,26666,33.62673392181589
0.05,793,-39,26627,33.5352644836272
0.05,794,-52,26575,33.42767295597484
0.05,795,86,26661,33.493718592964825
0.05,796,90,26751,33.56461731493099
0.05,797,-241,26510,33.22055137844612
0.05,798,63,26573,33.25782227784731
0.05,799,92,26665,33.33125
0.05,800,-112,26553,33.149812734082396
0.05,801,89,26642,33.219451371571076
0.05,802,67,26709,33.26151930261519
0.05,803,83,26792,33.32338308457712
0.05,804,93,26885,33.39751552795031
0.05,805,-487,26398,32.75186104218362
0.05,806,76,26474,32.80545229244114
0.05,807,69,26543,32.850247524752476
0.05,808,-58,26485,32.73794808405439
0.05,809,92,26577,32.81111111111111
0.05,810,67,26644,32.85326757090012
0.05,811,-55,26589,32.745073891625616
0.05,812,93,26682,32.81918819188192
0.05,813,79,26761,32.87592137592138
0.05,814,23,26784,32.8638036809816
0.05,815,-22,26762,32.79656862745098
0.05,816,80,26842,32.854345165238676
0.05,817,-76,26766,32.72127139364303
0.05,818,61,26827,32.75579975579976
0.05,819,40,26867,32.764634146341464
0.05,820,-98,26769,32.60535931790499
0.05,821,51,26820,32.627737226277375
0.05,822,31,26851,32.62575941676792
0.05,823,-71,26780,32.5
0.05,824,49,26829,32.52
0.05,825,57,26886,32.549636803874094
0.05,826,-223,26663,32.24062877871826
0.05,827,94,26757,32.31521739130435
0.05,828,83,26840,32.376357056694815
0.05,829,18,26858,32.35903614457831
0.05,830,-60,26798,32.24789410348977
0.05,831,-62,26736,32.13461538461539
0.05,832,92,26828,32.206482593037215
0.05,833,-117,26711,32.02757793764988
0.05,834,-98,26613,31.87185628742515
0.05,835,63,26676,31.90909090909091
0.05,836,87,26763,31.974910394265233
0.05,837,91,26854,32.04534606205251
0.05,838,92,26946,32.11680572109654
0.05,839,89,27035,32.18452380952381
0.05,840,84,27119,32.2461355529132
0.05,841,56,27175,32.27434679334917
0.05,842,-39,27136,32.189798339264534
0.05,843,43,27179,32.20260663507109
0.05,844,7,27186,32.172781065088756
0.05,845,58,27244,32.2033096926714
0.05,846,93,27337,32.27508854781582
0.05,847,27,27364,32.2688679245283
0.05,848,86,27450,32.332155477031804
0.05,849,40,27490,32.34117647058824
0.05,850,12,27502,32.31727379553467
0.05,851,47,27549,32.33450704225352
0.05,852,-121,27428,32.15474794841735
0.05,853,50,27478,32.175644028103044
0.05,854,62,27540,32.21052631578947
0.05,855,-69,27471,32.092289719626166
0.05,856,6,27477,32.06184364060677
0.05,857,54,27531,32.08741258741259
0.05,858,74,27605,32.13620488940629
0.05,859,71,27676,32.181395348837206
0.05,860,84,27760,32.24157955865273
0.05,861,92,27852,32.31090487238979
0.05,862,20,27872,32.29663962920046
0.05,863,25,27897,32.28819444444444
0.05,864,22,27919,32.27630057803468
0.05,865,-160,27759,32.05427251732102
0.05,866,-156,27603,31.837370242214533
0.05,867,82,27685,31.89516129032258
0.05,868,18,27703,31.879171461449943
0.05,869,-157,27546,31.662068965517243
0.05,870,-82,27464,31.531572904707232
0.05,871,82,27546,31.589449541284402
0.05,872,85,27631,31.650630011454755
0.05,873,82,27713,31.708237986270024
0.05,874,-167,27546,31.481142857142856
0.05,875,30,27576,31.47945205479452
0.05,876,-162,27414,31.258836944127708
0.05,877,50,27464,31.28018223234624
0.05,878,-102,27362,31.128555176336747
0.05,879,84,27446,31.188636363636363
0.05,880,47,27493,31.206583427922816
0.05,881,93,27586,31.276643990929706
0.05,882,48,27634,31.2955832389581
0.05,883,-12,27622,31.24660633484163
0.05,884,60,27682,31.27909604519774
0.05,885,49,27731,31.299097065462753
0.05,886,25,27756,31.291995490417136
0.05,887,-121,27635,31.120495495495497
0.05,888,22,27657,31.11023622047244
0.05,889,-53,27604,31.01573033707865
0.05,890,94,27698,31.08641975308642
0.05,891,-9,27689,31.041479820627803
0.05,892,18,27707,31.026875699888016
0.05,893,39,27746,31.03579418344519
0.05,894,-11,27735,30.988826815642458
0.05,895,92,27827,31.056919642857142
0.05,896,70,27897,31.100334448160535
0.05,897,94,27991,31.170378619153674
0.05,898,1,27992,31.136818687430477
0.05,899,29,28021,31.134444444444444
0.05,900,20,28041,31.122086570477247
0.05,901,6,28047,31.094235033259423
0.05,902,70,28117,31.13732004429679
0.05,903,73,28190,31.18362831858407
0.05,904,91,28281,31.24972375690608
0.05,905,-48,28233,31.162251655629138
0.05,906,49,28282,31.181918412348402
0.05,907,47,28329,31.199339207048457
0.05,908,-135,28194,31.016501650165015
0.05,909,54,28248,31.04175824175824
0.05,910,61,28309,31.074643249176727
0.05,911,-25,28284,31.013157894736842
0.05,912,11,28295,30.991237677984667
0.05,913,82,28377,31.047045951859957
0.05,914,88,28465,31.10928961748634
0.05,915,-2,28463,31.073144104803493
0.05,916,14,28477,31.05452562704471
0.05,917,-24,28453,30.994553376906318
0.05,918,-15,28438,30.944504896626768
0.05,919,-38,28400,30.869565217391305
0.05,920,59,28459,30.90010857763301
0.05,921,-94,28365,30.7646420824295
0.05,922,79,28444,30.816901408450704
0.05,923,67,28511,30.856060606060606
0.05,924,77,28588,30.905945945945945
0.05,925,94,28682,30.974082073434126
0.05,926,-123,28559,30.807982740021576
0.05,927,-133,28426,30.63146551724138
0.05,928,65,28491,30.668460710441334
0.05,929,14,28505,30.650537634408604
0.05,930,-63,28442,30.549946294307198
0.05,931,-46,28396,30.467811158798284
0.05,932,80,28476,30.520900321543408
0.05,933,-185,28291,30.29014989293362
0.05,934,32,28323,30.29197860962567
0.05,935,37,28360,30.299145299145298
0.05,936,71,28431,30.342582710779084
0.05,937,-7,28424,30.30277185501066
0.05,938,-14,28410,30.2555910543131
0.05,939,-52,28358,30.16808510638298
0.05,940,57,28415,30.196599362380447
0.05,941,-58,28357,30.102972399150744
0.05,942,-71,28286,29.99575821845175
0.05,943,89,28375,30.05826271186441
0.05,944,78,28453,30.108994708994707
0.05,945,-44,28409,30.030655391120508
0.05,946,-33,28376,29.964097148891234
0.05,947,19,28395,29.95253164556962
0.05,948,94,28489,30.020021074815595
0.05,949,75,28564,30.06736842105263
0.05,950,67,28631,30.1062039957939
0.05,951,79,28710,30.157563025210084
0.05,952,73,28783,30.20251836306401
0.05,953,72,28855,30.246331236897273
0.05,954,-5,28850,30.209424083769633
0.05,955,6,28856,30.184100418410043
0.05,956,-82,28774,30.06687565308255
0.05,957,94,28868,30.133611691022963
0.05,958,93,28961,30.199165797705945
0.05,959,78,29039,30.248958333333334
0.05,960,-4,29035,30.213319458896983
0.05,961,-29,29006,30.151767151767153
0.05,962,-95,28911,30.021806853582554
0.05,963,73,28984,30.066390041493776
0.05,964,82,29066,30.12020725388601
0.05,965,-50,29016,30.03726708074534
0.05,966,43,29059,30.050672182006206
0.05,967,88,29147,30.110537190082646
0.05,968,-177,28970,29.896800825593395
0.05,969,86,29056,29.954639175257732
0.05,970,20,29076,29.944387229660144
0.05,971,9,29085,29.92283950617284
0.05,972,90,29175,29.984583761562178
0.05,973,-75,29100,29.876796714579054
0.05,974,15,29115,29.861538461538462
0.05,975,48,29163,29.880122950819672
0.05,976,73,29236,29.924257932446263
0.05,977,32,29268,29.926380368098158
0.05,978,-15,29253,29.880490296220632
0.05,979,-61,29192,29.787755102040816
0.05,980,57,29249,29.815494393476044
0.05,981,88,29337,29.874745417515275
0.05,982,86,29423,29.931841302136316
0.05,983,83,29506,29.985772357723576
0.05,984,87,29593,30.043654822335025
0.05,985,92,29685,30.106490872210955
0.05,986,85,29770,30.16210739614995
0.05,987,62,29832,30.194331983805668
0.05,988,90,29922,30.25480283114257
0.05,989,80,30002,30.305050505050506
0.05,990,19,30021,30.29364278506559
0.05,991,-61,29960,30.201612903225808
0.05,992,75,30035,30.24672708962739
0.05,993,82,30117,30.298792756539235
0.05,994,16,30133,30.284422110552764
0.05,995,87,30220,30.34136546184739
0.05,996,89,30309,30.400200601805416
0.05,997,78,30387,30.447895791583168
0.05,998,11,30398,30.42842842842843
0.05,999,94,30492,30.492
0.05,1000,-66,30426,30.395604395604394
0.05,1001,13,30439,30.378243512974052
0.05,1002,76,30515,30.423728813559322
0.05,1003,62,30577,30.455179282868524
0.05,1004,92,30669,30.51641791044776
0.05,1005,80,30749,30.565606361829026
0.05,1006,-2,30747,30.533267130089374
0.05,1007,-50,30697,30.453373015873016
0.05,1008,93,30790,30.515361744301288
0.05,1009,-110,30680,30.376237623762375
0.05,1010,-16,30664,30.330365974282888
0.05,1011,70,30734,30.369565217391305
0.05,1012,81,30815,30.41954590325765
0.05,1013,93,30908,30.481262327416175
0.05,1014,92,31000,30.541871921182267
0.05,1015,-101,30899,30.412401574803148
0.05,1016,87,30986,30.468043264503443
0.05,1017,31,31017,30.468565815324165
0.05,1018,39,31056,30.47693817468106
0.05,1019,38,31094,30.484313725490196
0.05,1020,-207,30887,30.251714005876593
0.05,1021,93,30980,30.31311154598826
0.05,1022,59,31039,30.341153470185727
0.05,1023,87,31126,30.396484375
0.05,1024,25,31151,30.39121951219512
0.05,1025,-18,31133,30.344054580896685
0.05,1026,-104,31029,30.213242453748784
0.05,1027,47,31076,30.229571984435797
0.05,1028,-15,31061,30.185617103984452
0.05,1029,27,31088,30.18252427184466
0.05,1030,64,31152,30.215324927255093
0.05,1031,-34,31118,30.1531007751938
0.05,1032,43,31161,30.165537270087125
0.05,1033,86,31247,30.219535783365572
0.05,1034,-18,31229,30.17294685990338
0.05,1035,91,31320,30.231660231660232
0.05,1036,-43,31277,30.161041465766633
0.05,1037,46,31323,30.17630057803468
0.05,1038,92,31415,30.235803657362847
0.05,1039,84,31499,30.2875
0.05,1040,1,31500,30.259365994236312
0.05,1041,0,31500,30.230326295585414
0.05,1042,79,31579,30.277085330776607
0.05,1043,74,31653,30.31896551724138
0.05,1044,94,31747,30.379904306220094
0.05,1045,88,31835,30.434990439770555
0.05,1046,71,31906,30.47373447946514
0.05,1047,83,31989,30.52385496183206
0.05,1048,17,32006,30.510962821734985
0.05,1049,65,32071,30.543809523809525
0.05,1050,-30,32041,30.486203615604186
0.05,1051,-244,31797,30.225285171102662
0.05,1052,-38,31759,30.160493827160494
0.05,1053,85,31844,30.212523719165084
0.05,1054,5,31849,30.18862559241706
0.05,1055,-148,31701,30.019886363636363
0.05,1056,76,31777,30.063386944181648
0.05,1057,1,31778,30.035916824196597
0.05,1058,63,31841,30.067044381491975
0.05,1059,-90,31751,29.95377358490566
0.05,1060,12,31763,29.9368520263902
0.05,1061,82,31845,29.98587570621469
0.05,1062,91,31936,30.043273753527753
0.05,1063,-27,31909,29.98966165413534
0.05,1064,37,31946,29.9962441314554
0.05,1065,70,32016,30.03377110694184
0.05,1066,71,32087,30.072164948453608
0.05,1067,-32,32055,30.014044943820224
0.05,1068,89,32144,30.069223573433113
0.05,1069,-10,32134,30.03177570093458
0.05,1070,72,32206,30.07096171802054
0.05,1071,49,32255,30.088619402985074
0.05,1072,60,32315,30.11649580615098
0.05,1073,-190,32125,29.911545623836126
0.05,1074,65,32190,29.94418604651163
0.05,1075,-95,32095,29.82806691449814
0.05,1076,71,32166,29.866295264623954
0.05,1077,85,32251,29.91743970315399
0.05,1078,68,32319,29.952734012974975
0.05,1079,76,32395,29.99537037037037
0.05,1080,90,32485,30.050878815911194
0.05,1081,-168,32317,29.867837338262476
0.05,1082,17,32334,29.85595567867036
0.05,1083,80,32414,29.90221402214022
0.05,1084,91,32505,29.95852534562212
0.05,1085,-24,32481,29.908839779005525
0.05,1086,80,32561,29.954921803127874
0.05,1087,29,32590,29.954044117647058
0.05,1088,27,32617,29.951331496786043
0.05,1089,-130,32487,29.804587155963304
0.05,1090,85,32572,29.855178735105408
0.05,1091,50,32622,29.873626373626372
0.05,1092,91,32713,29.929551692589204
0.05,1093,28,32741,29.927787934186473
0.05,1094,84,32825,29.977168949771688
0.05,1095,94,32919,30.03558394160584
0.05,1096,32,32951,30.037374658158615
0.05,1097,93,33044,30.094717668488162
0.05,1098,-48,32996,30.023657870791627
0.05,1099,-122,32874,29.885454545454547
0.05,1100,-6,32868,29.852861035422343
0.05,1101,56,32924,29.876588021778584
0.05,1102,81,33005,29.922937443336355
0.05,1103,69,33074,29.958333333333332
0.05,1104,-134,32940,29.809954751131222
0.05,1105,73,33013,29.849005424954793
0.05,1106,88,33101,29.901535682023486
0.05,1107,77,33178,29.944043321299638
0.05,1108,-5,33173,29.91253381424707
0.05,1109,-197,32976,29.708108108108107
0.05,1110,21,32997,29.700270027002702
0.05,1111,13,33010,29.68525179856115
0.05,1112,19,33029,29.675651392632524
0.05,1113,93,33122,29.732495511669658
0.05,1114,-33,33089,29.676233183856503
0.05,1115,-4,33085,29.64605734767025
0.05,1116,-218,32867,29.424350940017906
0.05,1117,76,32943,29.466010733452595
0.05,1118,76,33019,29.507596067917785
0.05,1119,-28,32991,29.45625
0.05,1120,90,33081,29.510258697591436
0.05,1121,92,33173,29.56595365418895
0.05,1122,39,33212,29.574354407836154
0.05,1123,6,33218,29.55338078291815
0.05,1124,-104,33114,29.434666666666665
0.05,1125,-36,33078,29.376554174067497
0.05,1126,73,33151,29.415261756876664
0.05,1127,-91,33060,29.30851063829787
0.05,1128,61,33121,29.336581045172718
0.05,1129,92,33213,29.39203539823009
0.05,1130,93,33306,29.448275862068964
0.05,1131,93,33399,29.50441696113074
0.05,1132,-34,33365,29.448367166813767
0.05,1133,42,33407,29.459435626102294
0.05,1134,90,33497,29.512775330396476
0.05,1135,23,33520,29.507042253521128
0.05,1136,92,33612,29.562005277044854
0.05,1137,36,33648,29.567662565905096
0.05,1138,0,33648,29.541703248463566
0.05,1139,18,33666,29.53157894736842
0.05,1140,69,33735,29.566170026292724
0.05,1141,87,33822,29.61646234676007
0.05,1142,71,33893,29.652668416447945
0.05,1143,57,33950,29.676573426573427
0.05,1144,72,34022,29.71353711790393
0.05,1145,22,34044,29.706806282722514
0.05,1146,93,34137,29.761987794245858
0.05,1147,-81,34056,29.665505226480835
0.05,1148,90,34146,29.718015665796344
0.05,1149,12,34158,29.702608695652174
0.05,1150,92,34250,29.756733275412685
0.05,1151,-52,34198,29.68576388888889
0.05,1152,19,34217,29.6764960971379
0.05,1153,94,34311,29.73223570190641
0.05,1154,90,34401,29.784415584415584
0.05,1155,93,34494,29.83910034602076
0.05,1156,91,34585,29.891961970613657
0.05,1157,27,34612,29.889464594127805
0.05,1158,-69,34543,29.804141501294218
0.05,1159,-200,34343,29.60603448275862
0.05,1160,93,34436,29.660637381567614
0.05,1161,78,34514,29.70223752151463
0.05,1162,63,34577,29.730868443680137
0.05,1163,-61,34516,29.652920962199314
0.05,1164,90,34606,29.70472103004292
0.05,1165,-161,34445,29.541166380789022
0.05,1166,-53,34392,29.470437017994858
0.05,1167,-6,34386,29.440068493150687
0.05,1168,-46,34340,29.375534644995724
0.05,1169,94,34434,29.43076923076923
0.05,1170,-17,34417,29.391118701964132
0.05,1171,78,34495,29.43259385665529
0.05,1172,72,34567,29.468883205456095
0.05,1173,-143,34424,29.32197614991482
0.05,1174,19,34443,29.313191489361703
0.05,1175,24,34467,29.308673469387756
0.05,1176,-18,34449,29.268479184367035
0.05,1177,59,34508,29.2937181663837
0.05,1178,66,34574,29.324851569126377
0.05,1179,76,34650,29.364406779661017
0.05,1180,49,34699,29.38103302286198
0.05,1181,85,34784,29.42808798646362
0.05,1182,85,34869,29.47506339814032
0.05,1183,-12,34857,29.440033783783782
0.05,1184,93,34950,29.49367088607595
0.05,1185,-249,34701,29.25885328836425
0.05,1186,-106,34595,29.144903117101936
0.05,1187,-2,34593,29.11868686868687
0.05,1188,29,34622,29.118587047939446
0.05,1189,-18,34604,29.078991596638655
0.05,1190,41,34645,29.08900083963056
0.05,1191,82,34727,29.133389261744966
0.05,1192,93,34820,29.186923721709974
0.05,1193,55,34875,29.20854271356784
0.05,1194,75,34950,29.246861924686193
0.05,1195,83,35033,29.29180602006689
0.05,1196,82,35115,29.335839598997495
0.05,1197,83,35198,29.380634390651085
0.05,1198,-156,35042,29.22602168473728
0.05,1199,91,35133,29.2775
0.05,1200,-15,35118,29.240632805995006
0.05,1201,34,35152,29.24459234608985
0.05,1202,52,35204,29.263507896924356
0.05,1203,54,35258,29.28405315614618
0.05,1204,-10,35248,29.251452282157675
0.05,1205,5,35253,29.23134328358209
0.05,1206,28,35281,29.230323115161557
0.05,1207,40,35321,29.239238410596027
0.05,1208,83,35404,29.283705541770058
0.05,1209,85,35489,29.329752066115702
0.05,1210,-221,35268,29.123038810900084
0.05,1211,68,35336,29.155115511551156
0.05,1212,43,35379,29.166529266281945
0.05,1213,-218,35161,28.962932454695224
0.05,1214,45,35206,28.9761316872428
0.05,1215,-57,35149,28.90542763157895
0.05,1216,57,35206,28.928512736236648
0.05,1217,94,35300,28.98193760262726
0.05,1218,29,35329,28.981952420016405
0.05,1219,89,35418,29.031147540983607
0.05,1220,-141,35277,28.89189189189189
0.05,1221,-40,35237,28.835515548281506
0.05,1222,94,35331,28.88879803761243
0.05,1223,64,35395,28.91748366013072
0.05,1224,-36,35359,28.864489795918367
0.05,1225,47,35406,28.879282218597062
0.05,1226,79,35485,28.920130399348004
0.05,1227,81,35566,28.962540716612377
0.05,1228,42,35608,28.973148901545972
0.05,1229,7,35615,28.95528455284553
0.05,1230,50,35665,28.97238017871649
0.05,1231,45,35710,28.98538961038961
0.05,1232,60,35770,29.010543390105433
0.05,1233,94,35864,29.063209076175042
0.05,1234,43,35907,29.074493927125506
0.05,1235,-31,35876,29.02588996763754
0.05,1236,53,35929,29.045270816491513
0.05,1237,72,36001,29.079967689822293
0.05,1238,21,36022,29.073446327683616
0.05,1239,-197,35825,28.891129032258064
0.05,1240,92,35917,28.941982272361
0.05,1241,43,35960,28.95330112721417
0.05,1242,-7,35953,28.924376508447306
0.05,1243,84,36037,28.968649517684888
0.05,1244,44,36081,28.980722891566266
0.05,1245,92,36173,29.031300160513645
0.05,1246,7,36180,29.01363271852446
0.05,1247,-225,35955,28.810096153846153
0.05,1248,46,36001,28.823859087269817
0.05,1249,12,36013,28.8104
0.05,1250,-12,36001,28.77777777777778
0.05,1251,82,36083,28.820287539936103
0.05,1252,-87,35996,28.727853152434157
0.05,1253,49,36045,28.74401913875598
0.05,1254,76,36121,28.78167330677291
0.05,1255,-97,36024,28.681528662420384
0.05,1256,-16,36008,28.645982498011136
0.05,1257,-27,35981,28.60174880763116
0.05,1258,85,36066,28.646544876886416
0.05,1259,-202,35864,28.463492063492062
0.05,1260,68,35932,28.49484536082474
0.05,1261,72,36004,28.52931854199683
0.05,1262,92,36096,28.57957244655582
0.05,1263,66,36162,28.609177215189874
0.05,1264,90,36252,28.657707509881423
0.05,1265,-43,36209,28.601105845181674
0.05,1266,84,36293,28.644830307813734
0.05,1267,85,36378,28.689274447949526
0.05,1268,86,36464,28.7344365642238
0.05,1269,85,36549,28.778740157480314
0.05,1270,-93,36456,28.682926829268293
0.05,1271,88,36544,28.729559748427672
0.05,1272,-42,36502,28.673998428908092
0.05,1273,28,36530,28.6734693877551
0.05,1274,48,36578,28.68862745098039
0.05,1275,76,36654,28.725705329153605
0.05,1276,88,36742,28.772122161315583
0.05,1277,94,36836,28.823161189358373
0.05,1278,80,36916,28.863174354964816
0.05,1279,41,36957,28.87265625
0.05,1280,43,37000,28.883684621389538
0.05,1281,88,37088,28.929797191887676
0.05,1282,-78,37010,28.846453624318006
0.05,1283,89,37099,28.893302180685357
0.05,1284,44,37143,28.905058365758755
0.05,1285,11,37154,28.89113530326594
0.05,1286,-25,37129,28.84926184926185
0.05,1287,91,37220,28.89751552795031
0.05,1288,68,37288,28.927851047323507
0.05,1289,86,37374,28.972093023255812
0.05,1290,79,37453,29.010844306738964
0.05,1291,14,37467,28.99922600619195
0.05,1292,-64,37403,28.927300850734724
0.05,1293,24,37427,28.923493044822255
0.05,1294,53,37480,28.942084942084943
0.05,1295,45,37525,28.954475308641975
0.05,1296,-79,37446,28.87124132613724
0.05,1297,85,37531,28.91448382126348
0.05,1298,-35,37496,28.865280985373364
0.05,1299,-114,37382,28.755384615384614
0.05,1300,53,37435,28.77401998462721
0.05,1301,-18,37417,28.738095238095237
0.05,1302,87,37504,28.78280890253262
0.05,1303,93,37597,28.832055214723926
0.05,1304,42,37639,28.84214559386973
0.05,1305,1,37640,28.8208269525268
0.05,1306,78,37718,28.858454475899006
0.05,1307,-62,37656,28.788990825688074
0.05,1308,-6,37650,28.762414056531703
0.05,1309,59,37709,28.785496183206106
0.05,1310,85,37794,28.82837528604119
0.05,1311,54,37848,28.847560975609756
0.05,1312,94,37942,28.897182025894896
0.05,1313,77,38019,28.9337899543379
0.05,1314,52,38071,28.951330798479088
0.05,1315,13,38084,28.939209726443767
0.05,1316,91,38175,28.98633257403189
0.05,1317,61,38236,29.01062215477997
0.05,1318,90,38326,29.05686125852919
0.05,1319,46,38372,29.06969696969697
0.05,1320,66,38438,29.09765329295988
0.05,1321,12,38450,29.084720121028745
0.05,1322,14,38464,29.07331821617536
0.05,1323,74,38538,29.10725075528701
0.05,1324,-16,38522,29.07320754716981
0.05,1325,81,38603,29.11236802413273
0.05,1326,-95,38508,29.018839487565938
0.05,1327,89,38597,29.064006024096386
0.05,1328,27,38624,29.06245297215952
0.05,1329,61,38685,29.086466165413533
0.05,1330,38,38723,29.093163035311797
0.05,1331,-94,38629,29.00075075075075
0.05,1332,33,38662,29.003750937734434
0.05,1333,74,38736,29.037481259370313
0.05,1334,48,38784,29.051685393258428
0.05,1335,52,38836,29.068862275449103
0.05,1336,51,38887,29.085265519820492
0.05,1337,70,38957,29.115844544095665
0.05,1338,55,39012,29.135175504107544
0.05,1339,33,39045,29.138059701492537
0.05,1340,-199,38846,28.96793437733035
0.05,1341,90,38936,29.013412816691506
0.05,1342,-1,38935,28.991064780342516
0.05,1343,67,39002,29.019345238095237
0.05,1344,-29,38973,28.97620817843866
0.05,1345,94,39067,29.024517087667164
0.05,1346,37,39104,29.030438010393468
0.05,1347,93,39197,29.077893175074184
0.05,1348,74,39271,29.11119347664937
0.05,1349,88,39359,29.154814814814817
0.05,1350,76,39435,29.189489267209474
0.05,1351,94,39529,29.23742603550296
0.05,1352,87,39616,29.280118255728013
0.05,1353,92,39708,29.326440177252586
0.05,1354,-25,39683,29.286346863468633
0.05,1355,94,39777,29.33407079646018
0.05,1356,-74,39703,29.25792188651437
0.05,1357,-26,39677,29.217231222385863
0.05,1358,76,39753,29.251655629139073
0.05,1359,71,39824,29.28235294117647
0.05,1360,88,39912,29.325495958853782
0.05,1361,35,39947,29.329662261380324
0.05,1362,-119,39828,29.22083639031548
0.05,1363,76,39904,29.255131964809383
0.05,1364,-29,39875,29.21245421245421
0.05,1365,-76,39799,29.135431918008784
0.05,1366,-267,39532,28.918800292611557
0.05,1367,71,39603,28.94956140350877
0.05,1368,45,39648,28.961285609934258
0.05,1369,19,39667,28.954014598540144
0.05,1370,93,39760,29.00072939460248
0.05,1371,90,39850,29.045189504373177
0.05,1372,-22,39828,29.00801165331391
0.05,1373,86,39914,29.049490538573508
0.05,1374,-91,39823,28.96218181818182
0.05,1375,-78,39745,28.884447674418606
0.05,1376,-87,39658,28.800290486564997
0.05,1377,63,39721,28.82510885341074
0.05,1378,88,39809,28.868020304568528
0.05,1379,-4,39805,28.844202898550726
0.05,1380,92,39897,28.889934829833454
0.05,1381,77,39974,28.924746743849493
0.05,1382,-33,39941,28.87997107736804
0.05,1383,90,40031,28.92413294797688
0.05,1384,-64,39967,28.857039711191337
0.05,1385,88,40055,28.8997113997114
0.05,1386,78,40133,28.935111751982696
0.05,1387,-5,40128,28.910662824207492
0.05,1388,-86,40042,28.827933765298777
0.05,1389,84,40126,28.867625899280576
0.05,1390,94,40220,28.914450035945364
0.05,1391,-461,39759,28.5625
0.05,1392,-48,39711,28.507537688442213
0.05,1393,90,39801,28.551649928263988
0.05,1394,85,39886,28.592114695340502
0.05,1395,58,39944,28.61318051575931
0.05,1396,45,39989,28.62491052254832
0.05,1397,51,40040,28.640915593705294
0.05,1398,71,40111,28.67119370979271
0.05,1399,93,40204,28.717142857142857
0.05,1400,77,40281,28.751605995717345
0.05,1401,66,40347,28.778174037089872
0.05,1402,-343,40004,28.513186029935852
0.05,1403,47,40051,28.526353276353277
0.05,1404,75,40126,28.559430604982207
0.05,1405,80,40206,28.59601706970128
0.05,1406,-76,40130,28.521677327647478
0.05,1407,-15,40115,28.490767045454547
0.05,1408,38,40153,28.497515968772177
0.05,1409,30,40183,28.49858156028369
0.05,1410,88,40271,28.540751240255137
0.05,1411,12,40283,28.52903682719547
0.05,1412,63,40346,28.553432413305025
0.05,1413,-96,40250,28.465346534653467
0.05,1414,-183,40067,28.315901060070672
0.05,1415,80,40147,28.3524011299435
0.05,1416,81,40228,28.389555398729712
0.05,1417,73,40301,28.42101551480959
0.05,1418,-212,40089,28.251585623678647
0.05,1419,84,40173,28.290845070422534
0.05,1420,-38,40135,28.244194229415903
0.05,1421,89,40224,28.286919831223628
0.05,1422,7,40231,28.271960646521432
0.05,1423,89,40320,28.314606741573034
0.05,1424,94,40414,28.360701754385964
0.05,1425,-68,40346,28.29312762973352
0.05,1426,90,40436,28.33637000700771
0.05,1427,40,40476,28.34453781512605
0.05,1428,92,40568,28.389083275017494
0.05,1429,14,40582,28.37902097902098
0.05,1430,86,40668,28.41928721174004
0.05,1431,-61,40607,28.356843575418996
0.05,1432,89,40696,28.399162595952546
0.05,1433,5,40701,28.38284518828452
0.05,1434,73,40774,28.413937282229966
0.05,1435,52,40826,28.430362116991642
0.05,1436,54,40880,28.448155880306192
0.05,1437,-33,40847,28.405424200278166
0.05,1438,3,40850,28.387769284225158
0.05,1439,78,40928,28.42222222222222
0.05,1440,91,41019,28.46564885496183
0.05,1441,-111,40908,28.368932038834952
0.05,1442,-5,40903,28.345807345807344
0.05,1443,71,40974,28.37534626038781
0.05,1444,-7,40967,28.350865051903114
0.05,1445,-238,40729,28.166666666666668
0.05,1446,25,40754,28.16447823082239
0.05,1447,93,40847,28.209254143646408
0.05,1448,83,40930,28.247066942719115
0.05,1449,21,40951,28.24206896551724
0.05,1450,-275,40676,28.033080634045486
0.05,1451,-38,40638,27.987603305785125
0.05,1452,63,40701,28.011699931176874
0.05,1453,83,40784,28.049518569463547
0.05,1454,-22,40762,28.01512027491409
0.05,1455,54,40816,28.032967032967033
0.05,1456,92,40908,28.076870281400137
0.05,1457,51,40959,28.09259259259259
0.05,1458,52,41011,28.108978752570252
0.05,1459,-19,40992,28.076712328767123
0.05,1460,61,41053,28.09924709103354
0.05,1461,61,41114,28.12175102599179
0.05,1462,77,41191,28.15516062884484
0.05,1463,82,41273,28.191939890710383
0.05,1464,-46,41227,28.141296928327645
0.05,1465,93,41320,28.185538881309686
0.05,1466,53,41373,28.20245398773006
0.05,1467,92,41465,28.24591280653951
0.05,1468,36,41501,28.251191286589517
0.05,1469,-35,41466,28.208163265306123
0.05,1470,-38,41428,28.1631543167913
0.05,1471,86,41514,28.202445652173914
0.05,1472,-156,41358,28.077393075356415
0.05,1473,94,41452,28.12211668928087
0.05,1474,88,41540,28.16271186440678
0.05,1475,92,41632,28.205962059620596
0.05,1476,93,41725,28.249830737982396
0.05,1477,-45,41680,28.20027063599459
0.05,1478,60,41740,28.221771467207574
0.05,1479,92,41832,28.264864864864865
0.05,1480,84,41916,28.302498311951386
0.05,1481,93,42009,28.346153846153847
0.05,1482,-2,42007,28.325691166554282
0.05,1483,-63,41944,28.264150943396228
0.05,1484,40,41984,28.27205387205387
0.05,1485,85,42069,28.310228802153432
0.05,1486,73,42142,28.34028244788164
0.05,1487,94,42236,28.384408602150536
0.05,1488,88,42324,28.424445936870384
0.05,1489,-13,42311,28.396644295302014
0.05,1490,92,42403,28.439302481556002
0.05,1491,-27,42376,28.402144772117964
0.05,1492,76,42452,28.434025452109847
0.05,1493,94,42546,28.477911646586346
0.05,1494,-41,42505,28.431438127090303
0.05,1495,-29,42476,28.393048128342247
0.05,1496,-174,42302,28.257849031396127
0.05,1497,78,42380,28.29105473965287
0.05,1498,31,42411,28.292861907938626
0.05,1499,73,42484,28.322666666666667
0.05,1500,41,42525,28.331112591605596
0.05,1501,21,42546,28.32623169107856
0.05,1502,92,42638,28.36859614105123
0.05,1503,86,42724,28.40691489361702
0.05,1504,93,42817,28.44983388704319
0.05,1505,49,42866,28.46347941567065
0.05,1506,-219,42647,28.2992700729927
0.05,1507,64,42711,28.322944297082227
0.05,1508,40,42751,28.33068257123923
0.05,1509,72,42823,28.35960264900662
0.05,1510,56,42879,28.37789543348776
0.05,1511,4,42883,28.361772486772487
0.05,1512,93,42976,28.40449438202247
0.05,1513,89,43065,28.4445178335535
0.05,1514,91,43156,28.485808580858087
0.05,1515,49,43205,28.49934036939314
0.05,1516,-113,43092,28.406064601186554
0.05,1517,86,43178,28.444005270092227
0.05,1518,94,43272,28.487162606978274
0.05,1519,-179,43093,28.35065789473684
0.05,1520,-68,43025,28.28731097961867
0.05,1521,-203,42822,28.135348226018397
0.05,1522,84,42906,28.172028890348
0.05,1523,74,42980,28.20209973753281
0.05,1524,-34,42946,28.161311475409835
0.05,1525,6,42952,28.146788990825687
0.05,1526,-61,42891,28.088408644400786
0.05,1527,21,42912,28.083769633507853
0.05,1528,90,43002,28.124264224983648
0.05,1529,88,43090,28.163398692810457
0.05,1530,-23,43067,28.129980404964076
0.05,1531,75,43142,28.160574412532636
0.05,1532,42,43184,28.169602087410308
0.05,1533,63,43247,28.192307692307693
0.05,1534,6,43253,28.17785016286645
0.05,1535,41,43294,28.186197916666668
0.05,1536,77,43371,28.217957059206245
0.05,1537,-8,43363,28.19440832249675
0.05,1538,-57,43306,28.139051332033787
0.05,1539,92,43398,28.18051948051948
0.05,1540,59,43457,28.200519143413366
0.05,1541,55,43512,28.217898832684824
0.05,1542,92,43604,28.259235255994817
0.05,1543,-119,43485,28.16386010362694
0.05,1544,91,43576,28.20453074433657
0.05,1545,74,43650,28.234152652005175
0.05,1546,47,43697,28.24628312863607
0.05,1547,-71,43626,28.18217054263566
0.05,1548,-1,43625,28.163331181407358
0.05,1549,85,43710,28.2
0.05,1550,78,43788,28.2321083172147
0.05,1551,80,43868,28.265463917525775
0.05,1552,85,43953,28.30199613650998
0.05,1553,-47,43906,28.25353925353925
0.05,1554,92,43998,28.294533762057878
0.05,1555,48,44046,28.30719794344473
0.05,1556,91,44137,28.347463070006423
0.05,1557,63,44200,28.369704749679077
0.05,1558,21,44221,28.36497754971135
0.05,1559,-6,44215,28.34294871794872
0.05,1560,54,44269,28.359385009609223
0.05,1561,16,44285,28.35147247119078
0.05,1562,38,44323,28.357645553422905
0.05,1563,91,44414,28.39769820971867
0.05,1564,61,44475,28.4185303514377
0.05,1565,90,44565,28.457854406130267
0.05,1566,94,44659,28.499680918953413
0.05,1567,9,44668,28.487244897959183
0.05,1568,0,44668,28.469088591459528
0.05,1569,14,44682,28.459872611464966
0.05,1570,90,44772,28.499045194143857
0.05,1571,20,44792,28.493638676844785
0.05,1572,52,44844,28.508582326764145
0.05,1573,-99,44745,28.427573062261754
0.05,1574,68,44813,28.452698412698414
0.05,1575,-42,44771,28.407994923857867
0.05,1576,-4,44767,28.387444514901713
0.05,1577,-53,44714,28.335868187579216
0.05,1578,-24,44690,28.30272324255858
0.05,1579,88,44778,28.340506329113925
0.05,1580,43,44821,28.34977862112587
0.05,1581,85,44906,28.385587863463968
0.05,1582,84,44990,28.420720151610865
0.05,1583,-66,44924,28.36111111111111
0.05,1584,30,44954,28.362145110410093
0.05,1585,-46,44908,28.315258511979824
0.05,1586,84,44992,28.35034656584751
0.05,1587,94,45086,28.39168765743073
0.05,1588,69,45155,28.41724354940214
0.05,1589,-147,45008,28.30691823899371
0.05,1590,-9,44999,28.283469516027655
0.05,1591,79,45078,28.315326633165828
0.05,1592,51,45129,28.329566854990585
0.05,1593,90,45219,28.368255959849435
0.05,1594,73,45292,28.396238244514105
0.05,1595,83,45375,28.43045112781955
0.05,1596,-366,45009,28.18346900438322
0.05,1597,90,45099,28.22215269086358
0.05,1598,-284,44815,28.026891807379613
0.05,1599,33,44848,28.03
0.05,1600,67,44915,28.054341036851966
0.05,1601,29,44944,28.05493133583021
0.05,1602,51,44995,28.069245165315035
0.05,1603,23,45018,28.066084788029926
0.05,1604,80,45098,28.098442367601248
0.05,1605,27,45125,28.097758405977583
0.05,1606,-22,45103,28.066583696328564
0.05,1607,-73,45030,28.003731343283583
0.05,1608,48,45078,28.016159105034184
0.05,1609,-94,44984,27.940372670807452
0.05,1610,91,45075,27.97951582867784
0.05,1611,82,45157,28.013027295285358
0.05,1612,-84,45073,27.9435833849969
0.05,1613,57,45130,27.961586121437424
0.05,1614,88,45218,27.99876160990712
0.05,1615,17,45235,27.991955445544555
0.05,1616,-90,45145,27.918985776128633
0.05,1617,47,45192,27.930778739184177
0.05,1618,93,45285,27.970969734403955
0.05,1619,12,45297,27.961111111111112
0.05,1620,-184,45113,27.830351634793338
0.05,1621,89,45202,27.86806411837238
0.05,1622,12,45214,27.858287122612445
0.05,1623,65,45279,27.88115763546798
0.05,1624,94,45373,27.921846153846154
0.05,1625,78,45451,27.952644526445265
0.05,1626,31,45482,27.954517516902275
0.05,1627,-81,45401,27.887592137592137
0.05,1628,73,45474,27.915285451197054
0.05,1629,-15,45459,27.888957055214725
0.05,1630,33,45492,27.89209074187615
0.05,1631,85,45577,27.927083333333332
0.05,1632,46,45623,27.938150642988365
0.05,1633,30,45653,27.93941248470012
0.05,1634,39,45692,27.946177370030583
0.05,1635,79,45771,27.977383863080686
0.05,1636,91,45862,28.015882712278557
0.05,1637,84,45946,28.05006105006105
0.05,1638,24,45970,28.04758999389872
0.05,1639,22,45992,28.04390243902439
0.05,1640,-74,45918,27.981718464351005
0.05,1641,-124,45794,27.889159561510354
0.05,1642,21,45815,27.88496652465003
0.05,1643,46,45861,27.895985401459853
0.05,1644,-19,45842,27.867477203647418
0.05,1645,-36,45806,27.828675577156744
0.05,1646,93,45899,27.868245294474804
0.05,1647,88,45987,27.90473300970874
0.05,1648,86,46073,27.939963614311704
0.05,1649,-219,45854,27.79030303030303
0.05,1650,-177,45677,27.666262870987282
0.05,1651,9,45686,27.65496368038741
0.05,1652,-228,45458,27.500302480338778
0.05,1653,89,45547,27.537484885126965
0.05,1654,81,45628,27.569788519637463
0.05,1655,56,45684,27.58695652173913
0.05,1656,88,45772,27.623415811707908
0.05,1657,65,45837,27.645958986731003
0.05,1658,-155,45682,27.535864978902953
0.05,1659,14,45696,27.527710843373494
0.05,1660,70,45766,27.55328115593016
0.05,1661,21,45787,27.54933814681107
0.05,1662,41,45828,27.557426337943475
0.05,1663,-67,45761,27.50060096153846
0.05,1664,74,45835,27.52852852852853
0.05,1665,94,45929,27.568427370948378
0.05,1666,27,45956,27.568086382723454
0.05,1667,72,46028,27.5947242206235
0.05,1668,-23,46005,27.56440982624326
0.05,1669,21,46026,27.560479041916167
0.05,1670,-39,45987,27.52064631956912
0.05,1671,-105,45882,27.44138755980861
0.05,1672,11,45893,27.431560071727436
0.05,1673,80,45973,27.462962962962962
0.05,1674,-109,45864,27.381492537313434
0.05,1675,19,45883,27.376491646778042
0.05,1676,82,45965,27.409063804412643
0.05,1677,91,46056,27.446960667461262
0.05,1678,92,46148,27.485407980941037
0.05,1679,90,46238,27.52261904761905
0.05,1680,57,46295,27.54015466983938
0.05,1681,-84,46211,27.47384066587396
0.05,1682,85,46296,27.50802139037433
0.05,1683,10,46306,27.497624703087887
0.05,1684,77,46383,27.52700296735905
0.05,1685,84,46467,27.560498220640568
0.05,1686,37,46504,27.566093657379966
0.05,1687,-119,46385,27.479265402843602
0.05,1688,77,46462,27.50858496151569
0.05,1689,6,46468,27.49585798816568
0.05,1690,85,46553,27.529863985807214
0.05,1691,-278,46275,27.349290780141843
0.05,1692,17,46292,27.34317779090372
0.05,1693,88,46380,27.378984651711924
0.05,1694,57,46437,27.39646017699115
0.05,1695,92,46529,27.434551886792452
0.05,1696,82,46611,27.466705951679433
0.05,1697,24,46635,27.464664310954063
0.05,1698,-71,46564,27.40670982931136
0.05,1699,74,46638,27.434117647058823
0.05,1700,62,46700,27.454438565549676
0.05,1701,94,46794,27.493537015276146
0.05,1702,-211,46583,27.353493834409864
0.05,1703,37,46620,27.359154929577464
0.05,1704,50,46670,27.372434017595307
0.05,1705,20,46690,27.368112543962486
0.05,1706,18,46708,27.362624487404805
0.05,1707,73,46781,27.389344262295083
0.05,1708,1,46782,27.373902867173786
0.05,1709,80,46862,27.4046783625731
0.05,1710,88,46950,27.440093512565753
0.05,1711,92,47042,27.477803738317757
0.05,1712,35,47077,27.48219497956801
0.05,1713,-98,46979,27.408984830805135
0.05,1714,84,47063,27.44198250728863
0.05,1715,89,47152,27.477855477855478
0.05,1716,59,47211,27.496214327315084
0.05,1717,80,47291,27.5267753201397
0.05,1718,-152,47139,27.422338568935427
0.05,1719,84,47223,27.455232558139535
0.05,1720,-201,47022,27.322486926205695
0.05,1721,-96,46926,27.250871080139373
0.05,1722,94,47020,27.289611143354612
0.05,1723,91,47111,27.32656612529002
0.05,1724,23,47134,27.324057971014494
0.05,1725,93,47227,27.36210892236385
0.05,1726,88,47315,27.397220613781123
0.05,1727,-170,47145,27.28298611111111
0.05,1728,80,47225,27.313475997686524
0.05,1729,-124,47101,27.226011560693642
0.05,1730,43,47144,27.235124205661467
0.05,1731,-12,47132,27.212471131639724
0.05,1732,13,47145,27.204270051933065
0.05,1733,24,47169,27.20242214532872
0.05,1734,90,47259,27.238616714697407
0.05,1735,-187,47072,27.11520737327189
0.05,1736,84,47156,27.147956246401844
0.05,1737,61,47217,27.167433831990795
0.05,1738,55,47272,27.183438757906842
0.05,1739,76,47348,27.211494252873564
0.05,1740,84,47432,27.2441125789776
0.05,1741,93,47525,27.28185993111366
0.05,1742,39,47564,27.288582903040734
0.05,1743,90,47654,27.32454128440367
0.05,1744,88,47742,27.359312320916906
0.05,1745,-80,47662,27.297823596792668
0.05,1746,81,47743,27.32856325128792
0.05,1747,-41,47702,27.289473684210527
0.05,1748,91,47793,27.32590051457976
0.05,1749,-39,47754,27.288
0.05,1750,3,47757,27.27412906910337
0.05,1751,56,47813,27.29052511415525
0.05,1752,59,47872,27.308613804905875
0.05,1753,86,47958,27.34207525655644
0.05,1754,25,47983,27.340740740740742
0.05,1755,78,48061,27.369589977220958
0.05,1756,-8,48053,27.349459305634603
0.05,1757,92,48145,27.38623435722412
0.05,1758,84,48229,27.41841955656623
0.05,1759,-13,48216,27.395454545454545
0.05,1760,90,48306,27.43100511073254
0.05,1761,60,48366,27.44948921679909
0.05,1762,76,48442,27.47702779353375
0.05,1763,-108,48334,27.400226757369616
0.05,1764,65,48399,27.42152974504249
0.05,1765,-139,48260,27.327293318233295
0.05,1766,-43,48217,27.287492925863045
0.05,1767,-169,48048,27.176470588235293
0.05,1768,-5,48043,27.158281514980214
0.05,1769,56,48099,27.174576271186442
0.05,1770,94,48193,27.212309429700735
0.05,1771,93,48286,27.24943566591422
0.05,1772,45,48331,27.259447264523406
0.05,1773,11,48342,27.250281848928974
0.05,1774,84,48426,27.282253521126762
0.05,1775,66,48492,27.304054054054053
0.05,1776,-10,48482,27.28306133933596
0.05,1777,-38,48444,27.24634420697413
0.05,1778,88,48532,27.280494659921303
0.05,1779,77,48609,27.308426966292135
0.05,1780,-13,48596,27.28579449747333
0.05,1781,7,48603,27.274410774410775
0.05,1782,-65,48538,27.222658440830063
0.05,1783,83,48621,27.253923766816143
0.05,1784,65,48686,27.275070028011204
0.05,1785,-30,48656,27.24300111982083
0.05,1786,70,48726,27.26692781197538
0.05,1787,-31,48695,27.23434004474273
0.05,1788,76,48771,27.26159865846842
0.05,1789,62,48833,27.28100558659218
0.05,1790,88,48921,27.314907872696818
0.05,1791,79,49000,27.34375
0.05,1792,-6,48994,27.32515337423313
0.05,1793,-94,48900,27.25752508361204
0.05,1794,73,48973,27.28300835654596
0.05,1795,-82,48891,27.222160356347437
0.05,1796,15,48906,27.215358931552586
0.05,1797,66,48972,27.236929922135705
0.05,1798,54,49026,27.251806559199554
0.05,1799,90,49116,27.286666666666665
0.05,1800,30,49146,27.288173237090504
0.05,1801,-3,49143,27.271365149833517
0.05,1802,69,49212,27.29450915141431
0.05,1803,-113,49099,27.216740576496672
0.05,1804,34,49133,27.220498614958448
0.05,1805,71,49204,27.244739756367665
0.05,1806,68,49272,27.267293857221915
0.05,1807,55,49327,27.282632743362832
0.05,1808,92,49419,27.318407960199004
0.05,1809,48,49467,27.329834254143645
0.05,1810,63,49530,27.349530646051907
0.05,1811,93,49623,27.385761589403973
0.05,1812,-88,49535,27.32211803640375
0.05,1813,81,49616,27.351708930540244
0.05,1814,88,49704,27.38512396694215
0.05,1815,76,49780,27.411894273127754
0.05,1816,12,49792,27.40341221794166
0.05,1817,-65,49727,27.352585258525853
0.05,1818,52,49779,27.366135239142388
0.05,1819,0,49779,27.3510989010989
0.05,1820,87,49866,27.383855024711696
0.05,1821,46,49912,27.394072447859497
0.05,1822,-176,49736,27.282501371365882
0.05,1823,84,49820,27.31359649122807
0.05,1824,84,49904,27.344657534246576
0.05,1825,-24,49880,27.316538882803943
0.05,1826,88,49968,27.34975369458128
0.05,1827,-262,49706,27.191466083150985
0.05,1828,78,49784,27.219245489338437
0.05,1829,85,49869,27.250819672131147
0.05,1830,87,49956,27.283451665756417
0.05,1831,-9,49947,27.263646288209607
0.05,1832,14,49961,27.256410256410255
0.05,1833,24,49985,27.2546346782988
0.05,1834,-7,49978,27.235967302452316
0.05,1835,74,50052,27.26143790849673
0.05,1836,49,50101,27.2732716385411
0.05,1837,59,50160,27.290533188248094
0.05,1838,65,50225,27.311038607939096
0.05,1839,85,50310,27.342391304347824
0.05,1840,91,50401,27.376969038565996
0.05,1841,83,50484,27.407166123778502
0.05,1842,-10,50474,27.386869234943028
0.05,1843,78,50552,27.414316702819956
0.05,1844,82,50634,27.44390243902439
0.05,1845,-38,50596,27.408450704225352
0.05,1846,-65,50531,27.35841905793178
0.05,1847,37,50568,27.363636363636363
0.05,1848,-27,50541,27.334234721471066
0.05,1849,8,50549,27.323783783783785
0.05,1850,52,50601,27.33711507293355
0.05,1851,-143,50458,27.2451403887689
0.05,1852,-5,50453,27.227738801942795
0.05,1853,-2,50451,27.21197411003236
0.05,1854,76,50527,27.238274932614555
0.05,1855,30,50557,27.239762931034484
0.05,1856,-93,50464,27.175013462574043
0.05,1857,81,50545,27.203982777179764
0.05,1858,1,50546,27.189887036040883
0.05,1859,4,50550,27.177419354838708
0.05,1860,87,50637,27.209564750134337
0.05,1861,60,50697,27.22717508055854
0.05,1862,64,50761,27.246913580246915
0.05,1863,62,50823,27.265557939914164
0.05,1864,-6,50817,27.247721179624666
0.05,1865,41,50858,27.255091103965704
0.05,1866,92,50950,27.289769683985003
0.05,1867,84,51034,27.320128479657388
0.05,1868,58,51092,27.33654360620653
0.05,1869,26,51118,27.335828877005348
0.05,1870,26,51144,27.335114911811864
0.05,1871,89,51233,27.368055555555557
0.05,1872,79,51312,27.39562199679658
0.05,1873,-64,51248,27.34685165421558
0.05,1874,44,51292,27.355733333333333
0.05,1875,82,51374,27.384861407249467
0.05,1876,93,51467,27.419818859882792
0.05,1877,76,51543,27.445686900958467
0.05,1878,89,51632,27.478445981905267
0.05,1879,73,51705,27.502659574468087
0.05,1880,70,51775,27.525252525252526
0.05,1881,93,51868,27.560042507970245
0.05,1882,-193,51675,27.4429102496017
0.05,1883,-40,51635,27.40711252653928
0.05,1884,58,51693,27.423342175066313
0.05,1885,86,51779,27.45440084835631
0.05,1886,1,51780,27.440381558028616
0.05,1887,85,51865,27.470868644067796
0.05,1888,79,51944,27.49814716781366
0.05,1889,79,52023,27.525396825396825
0.05,1890,93,52116,27.56002115282919
0.05,1891,81,52197,27.588266384778013
0.05,1892,92,52289,27.62229265715795
0.05,1893,81,52370,27.650475184794086
0.05,1894,87,52457,27.68179419525066
0.05,1895,87,52544,27.713080168776372
0.05,1896,76,52620,27.738534528202425
0.05,1897,91,52711,27.77186512118019
0.05,1898,90,52801,27.80463401790416
0.05,1899,59,52860,27.821052631578947
0.05,1900,8,52868,27.81062598632299
0.05,1901,84,52952,27.840168243953734
0.05,1902,49,53001,27.851287440882817
0.05,1903,-22,52979,27.82510504201681
0.05,1904,78,53057,27.851443569553805
0.05,1905,59,53116,27.86778593913956
0.05,1906,6,53122,27.85631882538018
0.05,1907,91,53213,27.889412997903563
0.05,1908,-138,53075,27.80251440544788
0.05,1909,27,53102,27.802094240837697
0.05,1910,68,53170,27.82312925170068
0.05,1911,-62,53108,27.776150627615063
0.05,1912,-3,53105,27.76006272869838
0.05,1913,92,53197,27.79362591431557
0.05,1914,29,53226,27.79425587467363
0.05,1915,82,53308,27.822546972860124
0.05,1916,-9,53299,27.803338549817422
0.05,1917,91,53390,27.83628779979145
0.05,1918,69,53459,27.85773840541949
0.05,1919,66,53525,27.877604166666668
0.05,1920,59,53584,27.893805309734514
0.05,1921,89,53673,27.925598335067637
0.05,1922,-142,53531,27.837233489339575
0.05,1923,-80,53451,27.781185031185032
0.05,1924,79,53530,27.807792207792208
0.05,1925,-129,53401,27.7263759086189
0.05,1926,34,53435,27.729631551634665
0.05,1927,72,53507,27.75259336099585
0.05,1928,50,53557,27.764126490409538
0.05,1929,87,53644,27.79481865284974
0.05,1930,38,53682,27.800103573278093
0.05,1931,87,53769,27.830745341614907
0.05,1932,74,53843,27.85463010863942
0.05,1933,83,53926,27.88314374353671
0.05,1934,53,53979,27.89612403100775
0.05,1935,3,53982,27.88326446280992
0.05,1936,43,54025,27.891068662880745
0.05,1937,77,54102,27.91640866873065
0.05,1938,52,54154,27.92882929345023
0.05,1939,91,54245,27.961340206185568
0.05,1940,84,54329,27.99021123132406
0.05,1941,-13,54316,27.969104016477857
0.05,1942,67,54383,27.989191971178588
0.05,1943,94,54477,28.02314814814815
0.05,1944,94,54571,28.05706940874036
0.05,1945,91,54662,28.08941418293936
0.05,1946,-4,54658,28.072932717000512
0.05,1947,-16,54642,28.050308008213552
0.05,1948,58,54700,28.06567470497691
0.05,1949,94,54794,28.09948717948718
0.05,1950,79,54873,28.12557662737058
0.05,1951,67,54940,28.145491803278688
0.05,1952,-144,54796,28.057347670250895
0.05,1953,65,54861,28.07625383828045
0.05,1954,70,54931,28.09769820971867
0.05,1955,68,54999,28.118098159509202
0.05,1956,-135,54864,28.034747061829332
0.05,1957,5,54869,28.022982635342185
0.05,1958,16,54885,28.016845329249616
0.05,1959,6,54891,28.00561224489796
0.05,1960,93,54984,28.038755736868943
0.05,1961,41,55025,28.045361875637106
0.05,1962,70,55095,28.0667345899134
0.05,1963,66,55161,28.08604887983707
0.05,1964,-4,55157,28.069720101781172
0.05,1965,68,55225,28.09003051881994
0.05,1966,7,55232,28.079308591764107
0.05,1967,-96,55136,28.016260162601625
0.05,1968,11,55147,28.007618080243777
0.05,1969,70,55217,28.028934010152284
0.05,1970,52,55269,28.041095890410958
0.05,1971,91,55360,28.073022312373226
0.05,1972,31,55391,28.07450582868728
0.05,1973,62,55453,28.091691995947315
0.05,1974,87,55540,28.121518987341773
0.05,1975,53,55593,28.13410931174089
0.05,1976,92,55685,28.166413758219523
0.05,1977,48,55733,28.17644084934277
0.05,1978,86,55819,28.20565942395149
0.05,1979,74,55893,28.22878787878788
0.05,1980,80,55973,28.254921756688542
0.05,1981,94,56067,28.288092835519677
0.05,1982,90,56157,28.319213313161875
0.05,1983,-57,56100,28.276209677419356
0.05,1984,9,56109,28.266498740554155
0.05,1985,58,56167,28.28147029204431
0.05,1986,41,56208,28.28787116255662
0.05,1987,59,56267,28.303319919517104
0.05,1988,57,56324,28.317747611865258
0.05,1989,91,56415,28.349246231155778
0.05,1990,88,56503,28.379206428930186
0.05,1991,85,56588,28.407630522088354
0.05,1992,72,56660,28.429503261414954
0.05,1993,93,56753,28.461885656970914
0.05,1994,54,56807,28.47468671679198
0.05,1995,68,56875,28.49448897795591
0.05,1996,48,56923,28.504256384576866
0.05,1997,73,56996,28.526526526526528
0.05,1998,38,57034,28.531265632816407
0.05,1999,69,57103,28.5515
0.05,2000,72,57175,28.573213393303348
0.05,2001,94,57269,28.605894105894105
0.05,2002,-20,57249,28.581627558662007
0.05,2003,82,57331,28.60828343313373
0.05,2004,-137,57194,28.525685785536158
0.05,2005,78,57272,28.550348953140578
0.05,2006,92,57364,28.58196312904833
0.05,2007,58,57422,28.596613545816734
0.05,2008,30,57452,28.597312095569936
0.05,2009,86,57538,28.62587064676617
0.05,2010,-40,57498,28.591745400298358
0.05,2011,81,57579,28.61779324055666
0.05,2012,88,57667,28.64729259811227
0.05,2013,46,57713,28.655908639523336
0.05,2014,1,57714,28.642183622828785
0.05,2015,-31,57683,28.612599206349206
0.05,2016,92,57775,28.644025780862666
0.05,2017,45,57820,28.65213082259663
0.05,2018,83,57903,28.679049034175335
0.05,2019,76,57979,28.702475247524752
0.05,2020,55,58034,28.715487382483918
0.05,2021,-28,58006,28.687438180019782
0.05,2022,92,58098,28.718734552644587
0.05,2023,94,58192,28.75098814229249
0.05,2024,37,58229,28.755061728395063
0.05,2025,81,58310,28.780848963474828
0.05,2026,63,58373,28.797730636408485
0.05,2027,53,58426,28.80966469428008
0.05,2028,30,58456,28.81025135534746
0.05,2029,62,58518,28.826600985221674
0.05,2030,-56,58462,28.784835056622352
0.05,2031,67,58529,28.803641732283463
0.05,2032,35,58564,28.806689621249387
0.05,2033,1,58565,28.793018682399214
0.05,2034,-119,58446,28.72039312039312
0.05,2035,-76,58370,28.66895874263261
0.05,2036,87,58457,28.697594501718214
0.05,2037,67,58524,28.71638861629048
0.05,2038,90,58614,28.74644433545856
0.05,2039,78,58692,28.770588235294117
0.05,2040,21,58713,28.766780989710927
0.05,2041,50,58763,28.777179236043096
0.05,2042,-39,58724,28.744003915810083
0.05,2043,-34,58690,28.713307240704502
0.05,2044,-119,58571,28.641075794621027
0.05,2045,10,58581,28.631964809384165
0.05,2046,-160,58421,28.539814362481682
0.05,2047,88,58509,28.56884765625
0.05,2048,-11,58498,28.54953635919961
0.05,2049,94,58592,28.581463414634147
0.05,2050,30,58622,28.582155046318867
0.05,2051,80,58702,28.607212475633528
0.05,2052,2,58704,28.59425231368729
0.05,2053,93,58797,28.625608568646545
0.05,2054,-29,58768,28.59756690997567
0.05,2055,53,58821,28.60943579766537
0.05,2056,42,58863,28.61594555177443
0.05,2057,72,58935,28.637026239067055
0.05,2058,0,58935,28.62311801845556
0.05,2059,72,59007,28.644174757281554
0.05,2060,87,59094,28.67248908296943
0.05,2061,92,59186,28.703200775945685
0.05,2062,40,59226,28.708676684440135
0.05,2063,-17,59209,28.686531007751938
0.05,2064,-77,59132,28.63535108958838
0.05,2065,80,59212,28.660212971926427
0.05,2066,88,59300,28.68892114175133
0.05,2067,44,59344,28.6963249516441
0.05,2068,66,59410,28.714354760753988
0.05,2069,-48,59362,28.67729468599034
0.05,2070,94,59456,28.708836310960887
0.05,2071,3,59459,28.696428571428573
0.05,2072,-10,59449,28.67776169802219
0.05,2073,-65,59384,28.632594021215045
0.05,2074,-156,59228,28.543614457831325
0.05,2075,-122,59106,28.471098265895954
0.05,2076,-194,58912,28.363986519017814
0.05,2077,-171,58741,28.268046198267566
0.05,2078,73,58814,28.28956228956229
0.05,2079,-50,58764,28.251923076923077
0.05,2080,91,58855,28.28207592503604
0.05,2081,86,58941,28.30979827089337
0.05,2082,89,59030,28.338934229476717
0.05,2083,24,59054,28.336852207293667
0.05,2084,71,59125,28.357314148681056
0.05,2085,82,59207,28.383029721955896
0.05,2086,92,59299,28.41351221849545
0.05,2087,89,59388,28.442528735632184
0.05,2088,82,59470,28.468166586883676
0.05,2089,40,59510,28.473684210526315
0.05,2090,-37,59473,28.44237207077953
0.05,2091,30,59503,28.443116634799235
0.05,2092,0,59503,28.429526994744386
0.05,2093,-4,59499,28.41404011461318
0.05,2094,18,59517,28.4090692124105
0.05,2095,24,59541,28.40696564885496
0.05,2096,-4,59537,28.391511683357177
0.05,2097,38,59575,28.396091515729267
0.05,2098,29,59604,28.396379228203905
0.05,2099,50,59654,28.406666666666666
0.05,2100,92,59746,28.436934792955736
0.05,2101,38,59784,28.441484300666033
0.05,2102,-79,59705,28.390394674274845
0.05,2103,72,59777,28.4111216730038
0.05,2104,40,59817,28.4166270783848
0.05,2105,94,59911,28.447768281101613
0.05,2106,93,60004,28.47840531561462
0.05,2107,59,60063,28.492884250474383
0.05,2108,80,60143,28.517306780464676
0.05,2109,24,60167,28.51516587677725
0.05,2110,-7,60160,28.498342018000947
0.05,2111,86,60246,28.525568181818183
0.05,2112,93,60339,28.55608140085187
0.05,2113,56,60395,28.569063386944183
0.05,2114,85,60480,28.595744680851062
0.05,2115,81,60561,28.620510396975426
0.05,2116,85,60646,28.64714218233349
0.05,2117,84,60730,28.673276676109538
0.05,2118,73,60803,28.69419537517697
0.05,2119,83,60886,28.719811320754715
0.05,2120,82,60968,28.744931636020745
0.05,2121,11,60979,28.736569274269556
0.05,2122,77,61056,28.759302873292512
0.05,2123,79,61135,28.78295668549906
0.05,2124,88,61223,28.810823529411763
0.05,2125,53,61276,28.822201317027282
0.05,2126,88,61364,28.850023507287258
0.05,2127,18,61382,28.844924812030076
0.05,2128,12,61394,28.837012682010332
0.05,2129,89,61483,28.86525821596244
0.05,2130,92,61575,28.894885030502113
0.05,2131,56,61631,28.907598499061912
0.05,2132,-79,61552,28.85700890764182
0.05,2133,94,61646,28.887535145267105
0.05,2134,29,61675,28.88758782201405
0.05,2135,11,61686,28.879213483146067
0.05,2136,91,61777,28.90828263921385
0.05,2137,-79,61698,28.857811038353603
0.05,2138,8,61706,28.848059841047217
0.05,2139,53,61759,28.859345794392524
0.05,2140,90,61849,28.88790284913592
0.05,2141,25,61874,28.88608776844071
0.05,2142,85,61959,28.912272515165654
0.05,2143,89,62048,28.940298507462686
0.05,2144,-2,62046,28.925874125874127
0.05,2145,-23,62023,28.901677539608574
0.05,2146,-22,62001,28.877969259431765
0.05,2147,69,62070,28.89664804469274
0.05,2148,47,62117,28.9050721265705
0.05,2149,-125,61992,28.833488372093022
0.05,2150,93,62085,28.863319386331938
0.05,2151,-41,62044,28.83085501858736
0.05,2152,87,62131,28.857872735717603
0.05,2153,36,62167,28.861188486536676
0.05,2154,-424,61743,28.65104408352668
0.05,2155,-6,61737,28.634972170686456
0.05,2156,93,61830,28.664812239221142
0.05,2157,10,61840,28.656163113994438
0.05,2158,22,61862,28.65308012968967
0.05,2159,74,61936,28.674074074074074
0.05,2160,56,61992,28.686719111522443
0.05,2161,87,62079,28.71369102682701
0.05,2162,-33,62046,28.68515950069348
0.05,2163,-68,61978,28.640480591497226
0.05,2164,72,62050,28.66050808314088
0.05,2165,-51,61999,28.623730378578024
0.05,2166,84,62083,28.649284725426856
0.05,2167,83,62166,28.674354243542435
0.05,2168,39,62205,28.67911479944675
0.05,2169,81,62286,28.703225806451613
0.05,2170,77,62363,28.72547213265776
0.05,2171,62,62425,28.740791896869244
0.05,2172,81,62506,28.764841233317995
0.05,2173,-31,62475,28.737350505979762
0.05,2174,67,62542,28.754942528735633
0.05,2175,63,62605,28.770680147058822
0.05,2176,82,62687,28.795130914101975
0.05,2177,70,62757,28.81404958677686
0.05,2178,88,62845,28.841211564938046
0.05,2179,-163,62682,28.75321100917431
0.05,2180,85,62767,28.779000458505273
0.05,2181,41,62808,28.784601283226397
0.05,2182,90,62898,28.8126431516262
0.05,2183,0,62898,28.79945054945055
0.05,2184,77,62975,28.82151029748284
0.05,2185,4,62979,28.810155535224155
0.05,2186,92,63071,28.839048925468678
0.05,2187,-30,63041,28.812157221206583
0.05,2188,44,63085,28.819095477386934
0.05,2189,59,63144,28.832876712328765
0.05,2190,-320,62824,28.67366499315381
0.05,2191,-8,62816,28.656934306569344
0.05,2192,92,62908,28.685818513451892
0.05,2193,-43,62865,28.65314494074749
0.05,2194,-4,62861,28.638268792710708
0.05,2195,63,62924,28.65391621129326
0.05,2196,21,62945,28.65043240782886
0.05,2197,38,62983,28.654686078252958
0.05,2198,89,63072,28.68212824010914
0.05,2199,-21,63051,28.659545454545455
0.05,2200,85,63136,28.685143116765108
0.05,2201,77,63213,28.70708446866485
0.05,2202,89,63302,28.734453018610985
0.05,2203,89,63391,28.761796733212343
0.05,2204,92,63483,28.79047619047619
0.05,2205,47,63530,28.798730734360834
0.05,2206,72,63602,28.818305391934754
0.05,2207,16,63618,28.8125
0.05,2208,50,63668,28.82209144409235
0.05,2209,-155,63513,28.73891402714932
0.05,2210,94,63607,28.768430574400725
0.05,2211,44,63651,28.775316455696203
0.05,2212,3,63654,28.763669227293267
0.05,2213,63,63717,28.779132791327914
0.05,2214,91,63808,28.807223476297967
0.05,2215,49,63857,28.8163357400722
0.05,2216,82,63939,28.840324763193504
0.05,2217,18,63957,28.835437330928766
0.05,2218,80,64037,28.858494817485354
0.05,2219,-43,63994,28.826126126126127
0.05,2220,84,64078,28.85096803241783
0.05,2221,29,64107,28.851035103510352
0.05,2222,92,64199,28.879442195231668
0.05,2223,49,64248,28.888489208633093
0.05,2224,-190,64058,28.790112359550562
0.05,2225,40,64098,28.795148247978435
0.05,2226,64,64162,28.810956443646162
0.05,2227,84,64246,28.83572710951526
0.05,2228,-85,64161,28.784656796769852
0.05,2229,77,64238,28.80627802690583
0.05,2230,70,64308,28.824742268041238
0.05,2231,-239,64069,28.704749103942653
0.05,2232,-77,63992,28.65741155396328
0.05,2233,-43,63949,28.625335720680393
0.05,2234,40,63989,28.630425055928413
0.05,2235,-26,63963,28.605992844364938
0.05,2236,28,63991,28.60572194903889
0.05,2237,70,64061,28.624218051831992
0.05,2238,33,64094,28.62617239839214
0.05,2239,92,64186,28.654464285714287
0.05,2240,-19,64167,28.633199464524765
0.05,2241,-106,64061,28.57314897413024
0.05,2242,69,64130,28.591172536781098
0.05,2243,45,64175,28.598484848484848
0.05,2244,78,64253,28.620489977728287
0.05,2245,62,64315,28.635351736420304
0.05,2246,12,64327,28.627948375611926
0.05,2247,89,64416,28.654804270462634
0.05,2248,88,64504,28.681191640729214
0.05,2249,84,64588,28.70577777777778
0.05,2250,45,64633,28.71301643713905
0.05,2251,-2,64631,28.699378330373
0.05,2252,57,64688,28.711939636040835
0.05,2253,47,64735,28.72005323868678
0.05,2254,86,64821,28.745454545454546
0.05,2255,50,64871,28.75487588652482
0.05,2256,34,64905,28.757199822773593
0.05,2257,62,64967,28.771922054915855
0.05,2258,90,65057,28.799026117751218
0.05,2259,-174,64883,28.70929203539823
0.05,2260,-33,64850,28.681999115435648
0.05,2261,94,64944,28.71087533156499
0.05,2262,4,64948,28.699955810870527
0.05,2263,81,65029,28.723056537102472
0.05,2264,93,65122,28.751434878587197
0.05,2265,60,65182,28.76522506619594
0.05,2266,78,65260,28.78694309660344
0.05,2267,88,65348,28.81305114638448
0.05,2268,73,65421,28.83252534156016
0.05,2269,33,65454,28.834361233480177
0.05,2270,83,65537,28.85821224130339
0.05,2271,94,65631,28.8868838028169
0.05,2272,47,65678,28.894852617685878
0.05,2273,43,65721,28.901055408970976
0.05,2274,-25,65696,28.877362637362637
0.05,2275,-90,65606,28.825131810193323
0.05,2276,66,65672,28.841458058849362
0.05,2277,25,65697,28.83977172958736
0.05,2278,44,65741,28.846423870118475
0.05,2279,85,65826,28.871052631578948
0.05,2280,70,65896,28.889083735203858
0.05,2281,75,65971,28.90929009640666
0.05,2282,-60,65911,28.870346035917652
0.05,2283,-119,65792,28.805604203152363
0.05,2284,74,65866,28.825382932166303
0.05,2285,94,65960,28.853893263342083
0.05,2286,93,66053,28.881941407958024
0.05,2287,-9,66044,28.865384615384617
0.05,2288,72,66116,28.88422892092617
0.05,2289,69,66185,28.90174672489083
0.05,2290,88,66273,28.927542557835007
0.05,2291,50,66323,28.93673647469459
0.05,2292,88,66411,28.962494548626253
0.05,2293,62,66473,28.976896251089798
0.05,2294,87,66560,29.00217864923747
0.05,2295,-145,66415,28.926393728222997
0.05,2296,35,66450,28.92903787548977
0.05,2297,80,66530,28.951261966927763
0.05,2298,5,66535,28.940843845150066
0.05,2299,-143,66392,28.866086956521738
0.05,2300,94,66486,28.89439374185137
0.05,2301,86,66572,28.919200695047785
0.05,2302,-147,66425,28.842813721233174
0.05,2303,92,66517,28.870225694444443
0.05,2304,88,66605,28.89587852494577
0.05,2305,89,66694,28.92194275802255
0.05,2306,32,66726,28.92327698309493
0.05,2307,80,66806,28.945407279029464
0.05,2308,53,66859,28.955825032481595
0.05,2309,94,66953,28.983982683982685
0.05,2310,41,66994,28.989182172219817
0.05,2311,-62,66932,28.94982698961938
0.05,2312,-69,66863,28.907479463899698
0.05,2313,94,66957,28.93560933448574
0.05,2314,79,67036,28.957235421166306
0.05,2315,-88,66948,28.906735751295336
0.05,2316,86,67034,28.93137678031938
0.05,2317,91,67125,28.958153580672995
0.05,2318,66,67191,28.97412677878396
0.05,2319,57,67248,28.986206896551725
0.05,2320,92,67340,29.013356311934512
0.05,2321,-113,67227,28.95219638242894
0.05,2322,93,67320,28.97976754197159
0.05,2323,-142,67178,28.90619621342513
0.05,2324,42,67220,28.911827956989246
0.05,2325,91,67311,28.938521066208082
0.05,2326,67,67378,28.95487752470993
0.05,2327,76,67454,28.975085910652922
0.05,2328,82,67536,28.997853155860884
0.05,2329,-66,67470,28.957081545064376
0.05,2330,93,67563,28.984555984555985
0.05,2331,-80,67483,28.937821612349914
0.05,2332,52,67535,28.947706815259323
0.05,2333,92,67627,28.974721508140533
0.05,2334,92,67719,29.0017130620985
0.05,2335,64,67783,29.01669520547945
0.05,2336,59,67842,29.029525032092426
0.05,2337,30,67872,29.02994011976048
0.05,2338,12,67884,29.022659256092346
0.05,2339,91,67975,29.049145299145298
0.05,2340,85,68060,29.073045706962837
0.05,2341,84,68144,29.096498719043552
0.05,2342,66,68210,29.112249253094323
0.05,2343,92,68302,29.139078498293514
0.05,2344,23,68325,29.136460554371002
0.05,2345,-143,68182,29.06308610400682
0.05,2346,25,68207,29.06135492117597
0.05,2347,67,68274,29.077512776831345
0.05,2348,-173,68101,28.991485738612177
0.05,2349,-7,68094,28.976170212765958
0.05,2350,87,68181,29.00085070182901
0.05,2351,67,68248,29.017006802721088
0.05,2352,82,68330,29.0395240118997
0.05,2353,91,68421,29.065845369583688
0.05,2354,86,68507,29.090021231422504
0.05,2355,-357,68150,28.926146010186756
0.05,2356,68,68218,28.94272380144251
0.05,2357,76,68294,28.962680237489398
0.05,2358,72,68366,28.980924120389997
0.05,2359,81,68447,29.002966101694916
0.05,2360,91,68538,29.029224904701397
0.05,2361,57,68595,29.041066892464013
0.05,2362,70,68665,29.058400338552687
0.05,2363,68,68733,29.0748730964467
0.05,2364,-55,68678,29.039323467230442
0.05,2365,48,68726,29.047337278106507
0.05,2366,79,68805,29.068441064638783
0.05,2367,86,68891,29.09248310810811
0.05,2368,-88,68803,29.043056141831997
0.05,2369,91,68894,29.06919831223629
0.05,2370,-297,68597,28.93167439898777
0.05,2371,70,68667,28.948988195615513
0.05,2372,78,68745,28.969658659924146
0.05,2373,12,68757,28.96251053074979
0.05,2374,64,68821,28.977263157894736
0.05,2375,91,68912,29.003367003367003
0.05,2376,72,68984,29.021455616323095
0.05,2377,-111,68873,28.962573591253154
0.05,2378,94,68967,28.989911727616647
0.05,2379,81,69048,29.011764705882353
0.05,2380,91,69139,29.03779924401512
0.05,2381,86,69225,29.061712846347607
0.05,2382,93,69318,29.08854385228703
0.05,2383,73,69391,29.10696308724832
0.05,2384,88,69479,29.131656184486374
0.05,2385,18,69497,29.12699077954736
0.05,2386,-72,69425,29.084625052366988
0.05,2387,17,69442,29.07956448911223
0.05,2388,82,69524,29.101716199246546
0.05,2389,93,69617,29.128451882845187
0.05,2390,83,69700,29.15098285236303
0.05,2391,-8,69692,29.13545150501672
0.05,2392,-71,69621,29.09360635185959
0.05,2393,7,69628,29.0843776106934
0.05,2394,82,69710,29.106471816283925
0.05,2395,13,69723,29.09974958263773
0.05,2396,91,69814,29.125573633708804
0.05,2397,4,69818,29.11509591326105
0.05,2398,-67,69751,29.07503126302626
0.05,2399,7,69758,29.065833333333334
0.05,2400,79,69837,29.086630570595585
0.05,2401,82,69919,29.108659450457953
0.05,2402,40,69959,29.113191843528924
0.05,2403,89,70048,29.13810316139767
0.05,2404,92,70140,29.164241164241165
0.05,2405,-69,70071,29.123441396508728
0.05,2406,75,70146,29.14250103863731
0.05,2407,19,70165,29.13828903654485
0.05,2408,70,70235,29.15525114155251
0.05,2409,90,70325,29.180497925311204
0.05,2410,-227,70098,29.07424305267524
0.05,2411,49,70147,29.082504145936984
0.05,2412,58,70205,29.094488188976378
0.05,2413,78,70283,29.114747307373655
0.05,2414,-18,70265,29.095238095238095
0.05,2415,75,70340,29.114238410596027
0.05,2416,81,70421,29.135705419942077
0.05,2417,80,70501,29.156741108354012
0.05,2418,85,70586,29.179826374534933
0.05,2419,51,70637,29.18884297520661
0.05,2420,37,70674,29.192069392812886
0.05,2421,6,70680,29.182493806771262
0.05,2422,78,70758,29.202641353693767
0.05,2423,-29,70729,29.178630363036305
0.05,2424,80,70809,29.19958762886598
0.05,2425,94,70903,29.226298433635613
0.05,2426,94,70997,29.252987227029255
0.05,2427,21,71018,29.2495881383855
0.05,2428,15,71033,29.243721696171264
0.05,2429,91,71124,29.269135802469137
0.05,2430,-108,71016,29.212669683257918
0.05,2431,93,71109,29.23889802631579
0.05,2432,75,71184,29.2577065351418
0.05,2433,94,71278,29.28430566967954
0.05,2434,92,71370,29.310061601642712
0.05,2435,-131,71239,29.24425287356322
0.05,2436,57,71296,29.2556421830119
0.05,2437,78,71374,29.27563576702215
0.05,2438,35,71409,29.2779827798278
0.05,2439,25,71434,29.27622950819672
0.05,2440,-120,71314,29.215075788611227
0.05,2441,-72,71242,29.173628173628174
0.05,2442,-11,71231,29.157183790421612
0.05,2443,66,71297,29.17225859247136
0.05,2444,80,71377,29.193047034764827
0.05,2445,-75,71302,29.150449713818478
0.05,2446,24,71326,29.14834491213731
0.05,2447,77,71403,29.167892156862745
0.05,2448,-19,71384,29.14822376480196
0.05,2449,9,71393,29.14
0.05,2450,0,71393,29.1281109751122
0.05,2451,94,71487,29.154567699836868
0.05,2452,94,71581,29.181002853648593
0.05,2453,84,71665,29.203341483292583
0.05,2454,88,71753,29.227291242362526
0.05,2455,76,71829,29.246335504885995
0.05,2456,13,71842,29.23972323972324
0.05,2457,39,71881,29.243694060211553
0.05,2458,86,71967,29.26677511183408
0.05,2459,49,72016,29.27479674796748
0.05,2460,19,72035,29.270621698496544
0.05,2461,50,72085,29.279041429731926
0.05,2462,81,72166,29.30004060089322
0.05,2463,91,72257,29.32508116883117
0.05,2464,-17,72240,29.30628803245436
0.05,2465,-68,72172,29.266828872668288
0.05,2466,-156,72016,29.191730847182814
0.05,2467,-2,72014,29.17909238249595
0.05,2468,21,72035,29.175779667881734
0.05,2469,65,72100,29.190283400809715
0.05,2470,93,72193,29.2161068393363
0.05,2471,42,72235,29.221278317152105
0.05,2472,93,72328,29.24706833805095
0.05,2473,22,72350,29.244139046079223
0.05,2474,84,72434,29.266262626262627
0.05,2475,-173,72261,29.184571890145396
0.05,2476,94,72355,29.21073879693177
0.05,2477,90,72445,29.235270379338175
0.05,2478,4,72449,29.225090762404196
0.05,2479,77,72526,29.24435483870968
0.05,2480,-52,72474,29.21160822249093
0.05,2481,80,72554,29.232070910556004
0.05,2482,85,72639,29.254530809504633
0.05,2483,-101,72538,29.20209339774557
0.05,2484,77,72615,29.22132796780684
0.05,2485,67,72682,29.236524537409494
0.05,2486,76,72758,29.255327704061116
0.05,2487,84,72842,29.277331189710612
0.05,2488,34,72876,29.27922860586581
0.05,2489,76,72952,29.297991967871486
0.05,2490,-201,72751,29.20553994379767
0.05,2491,89,72840,29.229534510433385
0.05,2492,76,72916,29.24829522663458
0.05,2493,76,72992,29.267040898155575
0.05,2494,73,73065,29.284569138276552
0.05,2495,33,73098,29.286057692307693
0.05,2496,87,73185,29.30917100520625
0.05,2497,92,73277,29.334267413931144
0.05,2498,15,73292,29.328531412565027
0.05,2499,82,73374,29.3496
0.05,2500,80,73454,29.36985205917633
0.05,2501,24,73478,29.367705835331734
0.05,2502,17,73495,29.362764682381144
0.05,2503,64,73559,29.376597444089455
0.05,2504,-43,73516,29.347704590818363
0.05,2505,87,73603,29.3707102952913
0.05,2506,-48,73555,29.33984842441165
0.05,2507,87,73642,29.362838915470494
0.05,2508,91,73733,29.387405340773217
0.05,2509,81,73814,29.40796812749004
0.05,2510,18,73832,29.403424930306652
0.05,2511,76,73908,29.421974522292995
0.05,2512,46,73954,29.428571428571427
0.05,2513,17,73971,29.4236276849642
0.05,2514,-7,73964,29.40914512922465
0.05,2515,-350,73614,29.258346581875994
0.05,2516,88,73702,29.281684545093366
0.05,2517,93,73795,29.306989674344717
0.05,2518,48,73843,29.314410480349345
0.05,2519,0,73843,29.302777777777777
0.05,2520,92,73935,29.32764775882586
0.05,2521,52,73987,29.33663758921491
0.05,2522,34,74021,29.338485929449067
0.05,2523,94,74115,29.364104595879557
0.05,2524,-25,74090,29.342574257425742
0.05,2525,89,74179,29.366191607284243
0.05,2526,-72,74107,29.326078353779184
0.05,2527,94,74201,29.351661392405063
0.05,2528,77,74278,29.37050217477264
0.05,2529,-35,74243,29.34505928853755
0.05,2530,79,74322,29.364677992888186
0.05,2531,84,74406,29.386255924170616
0.05,2532,25,74431,29.38452427951046
0.05,2533,20,74451,29.380820836621943
0.05,2534,33,74484,29.38224852071006
0.05,2535,90,74574,29.40615141955836
0.05,2536,42,74616,29.411115490737092
0.05,2537,-65,74551,29.37391646966115
0.05,2538,53,74604,29.383221740842853
0.05,2539,-125,74479,29.32244094488189
0.05,2540,86,74565,29.344746162927983
0.05,2541,78,74643,29.363886703383162
0.05,2542,88,74731,29.38694455367676
0.05,2543,72,74803,29.40369496855346
0.05,2544,84,74887,29.42514734774067
0.05,2545,92,74979,29.449725058915945
0.05,2546,89,75068,29.47310561444837
0.05,2547,-285,74783,29.349686028257455
0.05,2548,33,74816,29.351118085523733
0.05,2549,93,74909,29.376078431372548
0.05,2550,87,74996,29.398667189337516
0.05,2551,73,75069,29.41575235109718
0.05,2552,49,75118,29.423423423423422
0.05,2553,16,75134,29.41816758026625
0.05,2554,-21,75113,29.39843444227006
0.05,2555,-17,75096,29.380281690140844
0.05,2556,52,75148,29.389127884239343
0.05,2557,54,75202,29.398749022673965
0.05,2558,55,75257,29.408753419304414
0.05,2559,92,75349,29.433203125
0.05,2560,79,75428,29.452557594689573
0.05,2561,37,75465,29.45550351288056
0.05,2562,52,75517,29.464299648849003
0.05,2563,-49,75468,29.433697347893915
0.05,2564,54,75522,29.44327485380117
0.05,2565,90,75612,29.466874512860482
0.05,2566,-10,75602,29.451499805220102
0.05,2567,74,75676,29.468847352024923
0.05,2568,-33,75643,29.444530945893344
0.05,2569,85,75728,29.466147859922177
0.05,2570,83,75811,29.486970050563983
0.05,2571,89,75900,29.510108864696733
0.05,2572,93,75993,29.534784298484258
0.05,2573,85,76078,29.556332556332556
0.05,2574,-7,76071,29.542135922330097
0.05,2575,82,76153,29.5625
0.05,2576,55,76208,29.572370974000776
0.05,2577,64,76272,29.585725368502715
0.05,2578,24,76296,29.583559519193486
0.05,2579,7,76303,29.574806201550388
0.05,2580,84,76387,29.595893064703603
0.05,2581,88,76475,29.618512780790084
0.05,2582,74,76549,29.635694928377855
0.05,2583,70,76619,29.651315789473685
0.05,2584,-69,76550,29.613152804642166
0.05,2585,84,76634,29.63418406805878
0.05,2586,94,76728,29.659064553536915
0.05,2587,87,76815,29.681221020092735
0.05,2588,83,76898,29.701815372730785
0.05,2589,78,76976,29.72046332046332
0.05,2590,79,77055,29.73948282516403
0.05,2591,67,77122,29.753858024691358
0.05,2592,64,77186,29.767065175472425
0.05,2593,66,77252,29.781033153430993
0.05,2594,-42,77210,29.753371868978807
0.05,2595,-5,77205,29.73998459167951
0.05,2596,92,77297,29.7639584135541
0.05,2597,54,77351,29.77328714395689
0.05,2598,80,77431,29.79261254328588
0.05,2599,94,77525,29.817307692307693
0.05,2600,86,77611,29.838908112264512
0.05,2601,10,77621,29.83128362797848
0.05,2602,84,77705,29.852093737994622
0.05,2603,77,77782,29.87019969278034
0.05,2604,-46,77736,29.841074856046067
0.05,2605,-40,77696,29.814274750575596
0.05,2606,-149,77547,29.745684695051782
0.05,2607,19,77566,29.741564417177916
0.05,2608,64,77630,29.75469528555002
0.05,2609,-120,77510,29.697318007662837
0.05,2610,88,77598,29.719647644580622
0.05,2611,72,77670,29.73583460949464
0.05,2612,88,77758,29.758132414848834
0.05,2613,-10,77748,29.74292272379495
0.05,2614,92,77840,29.766730401529635
0.05,2615,31,77871,29.767201834862384
0.05,2616,73,77944,29.783721818876575
0.05,2617,34,77978,29.78533231474408
0.05,2618,-255,77723,29.67659411989309
0.05,2619,89,77812,29.699236641221376
0.05,2620,-111,77701,29.64555513162915
0.05,2621,85,77786,29.666666666666668
0.05,2622,37,77823,29.669462447579107
0.05,2623,78,77901,29.687881097560975
0.05,2624,53,77954,29.696761904761903
0.05,2625,61,78015,29.70868240670221
0.05,2626,85,78100,29.72972972972973
0.05,2627,92,78192,29.753424657534246
0.05,2628,48,78240,29.760365157854697
0.05,2629,17,78257,29.755513307984792
0.05,2630,-6,78251,29.741923223109083
0.05,2631,69,78320,29.756838905775076
0.05,2632,77,78397,29.77478161792632
0.05,2633,80,78477,29.79384965831435
0.05,2634,84,78561,29.814421252371915
0.05,2635,38,78599,29.81752655538695
0.05,2636,89,78688,29.83996966249526
0.05,2637,57,78745,29.850265352539804
0.05,2638,85,78830,29.87116331943918
0.05,2639,42,78872,29.875757575757575
0.05,2640,-34,78838,29.851571374479363
0.05,2641,19,78857,29.847464042392126
0.05,2642,49,78906,29.854710556186152
0.05,2643,-160,78746,29.78290468986384
0.05,2644,84,78830,29.803402646502835
0.05,2645,52,78882,29.811791383219955
0.05,2646,77,78959,29.829618435965244
0.05,2647,89,79048,29.851963746223564
0.05,2648,85,79133,29.872782181955454
0.05,2649,93,79226,29.896603773584907
0.05,2650,59,79285,29.907582044511503
0.05,2651,92,79377,29.93099547511312
0.05,2652,90,79467,29.953637391632114
0.05,2653,-14,79453,29.937076111529766
0.05,2654,-23,79430,29.91713747645951
0.05,2655,-149,79281,29.84977409638554
0.05,2656,-60,79221,29.815957847196085
0.05,2657,66,79287,29.829571106094807
0.05,2658,77,79364,29.847311019180143
0.05,2659,76,79440,29.86466165413534
0.05,2660,84,79524,29.88500563697858
0.05,2661,85,79609,29.90570999248685
0.05,2662,43,79652,29.910627112279386
0.05,2663,7,79659,29.902027027027028
0.05,2664,88,79747,29.923827392120074
0.05,2665,75,79822,29.940735183795947
0.05,2666,91,79913,29.963629546306713
0.05,2667,-34,79879,29.939655172413794
0.05,2668,89,79968,29.961783439490446
0.05,2669,92,80060,29.98501872659176
0.05,2670,67,80127,29.998876825159115
0.05,2671,77,80204,30.016467065868262
0.05,2672,-572,79632,29.791245791245792
0.05,2673,93,79725,29.81488406881077
0.05,2674,87,79812,29.83626168224299
0.05,2675,27,79839,29.83520179372197
0.05,2676,-207,79632,29.746731415763914
0.05,2677,92,79724,29.769977595220315
0.05,2678,90,79814,29.792459873086973
0.05,2679,90,79904,29.81492537313433
0.05,2680,-225,79679,29.71988064155166
0.05,2681,89,79768,29.741983594332588
0.05,2682,-111,79657,29.6895266492732
0.05,2683,62,79719,29.70156482861401
0.05,2684,85,79804,29.722160148975792
0.05,2685,74,79878,29.738644825018614
0.05,2686,93,79971,29.76218831410495
0.05,2687,7,79978,29.753720238095237
0.05,2688,92,80070,29.776868724432873
0.05,2689,45,80115,29.78252788104089
0.05,2690,73,80188,29.798587885544407
0.05,2691,-18,80170,29.78083209509658
0.05,2692,-64,80106,29.746008169327887
0.05,2693,-151,79955,29.678916109873793
0.05,2694,61,80016,29.690538033395175
0.05,2695,76,80092,29.707715133531156
0.05,2696,17,80109,29.703003337041157
0.05,2697,67,80176,29.716827279466273
0.05,2698,41,80217,29.721007780659505
0.05,2699,46,80263,29.727037037037036
0.05,2700,33,80296,29.728248796741948
0.05,2701,-5,80291,29.71539600296077
0.05,2702,-33,80258,29.692193858675545
0.05,2703,73,80331,29.7082100591716
0.05,2704,81,80412,29.7271719038817
0.05,2705,-48,80364,29.698447893569845
0.05,2706,-184,80180,29.61950498707056
0.05,2707,18,80198,29.615214180206795
0.05,2708,88,80286,29.636766334440754
0.05,2709,86,80372,29.657564575645758
0.05,2710,93,80465,29.68092954629288
0.05,2711,7,80472,29.672566371681416
0.05,2712,57,80529,29.68263914485809
0.05,2713,78,80607,29.700442151805454
0.05,2714,94,80701,29.724125230202578
0.05,2715,48,80749,29.730854197349043
0.05,2716,94,80843,29.75450864924549
0.05,2717,-100,80743,29.706769683590874
0.05,2718,81,80824,29.725634424420743
0.05,2719,85,80909,29.74595588235294
0.05,2720,-259,80650,29.639838294744578
0.05,2721,66,80716,29.65319617927994
0.05,2722,41,80757,29.65736320235035
0.05,2723,-211,80546,29.569016152716593
0.05,2724,-40,80506,29.54348623853211
0.05,2725,57,80563,29.55355832721937
0.05,2726,-39,80524,29.528419508617528
0.05,2727,39,80563,29.531891495601172
0.05,2728,55,80618,29.54122389153536
0.05,2729,40,80658,29.545054945054947
0.05,2730,82,80740,29.564262175027462
0.05,2731,76,80816,29.58125915080527
0.05,2732,91,80907,29.603732162458837
0.05,2733,-11,80896,29.58888076079005
0.05,2734,-19,80877,29.57111517367459
0.05,2735,6,80883,29.5625
0.05,2736,85,80968,29.582754841066862
0.05,2737,20,80988,29.579254930606282
0.05,2738,50,81038,29.586710478276743
0.05,2739,70,81108,29.6014598540146
0.05,2740,-27,81081,29.580809923385626
0.05,2741,35,81116,29.582786287381474
0.05,2742,94,81210,29.60627050674444
0.05,2743,82,81292,29.62536443148688
0.05,2744,-138,81154,29.56429872495446
0.05,2745,93,81247,29.587399854333576
0.05,2746,79,81326,29.605387695668
0.05,2747,94,81420,29.62882096069869
0.05,2748,72,81492,29.644234267006183
0.05,2749,82,81574,29.663272727272727
0.05,2750,9,81583,29.655761541257725
0.05,2751,-23,81560,29.636627906976745
0.05,2752,-23,81537,29.617508172902287
0.05,2753,16,81553,29.612563543936094
0.05,2754,67,81620,29.62613430127042
0.05,2755,94,81714,29.649492017416545
0.05,2756,52,81766,29.657598839318098
0.05,2757,70,81836,29.672226250906455
0.05,2758,-250,81586,29.570859006886554
0.05,2759,-13,81573,29.555434782608696
0.05,2760,37,81610,29.558131111915973
0.05,2761,77,81687,29.57530774800869
0.05,2762,89,81776,29.596815056098443
0.05,2763,-96,81680,29.55137481910275
0.05,2764,77,81757,29.568535262206147
0.05,2765,55,81812,29.577729573391178
0.05,2766,88,81900,29.59884351282978
0.05,2767,48,81948,29.60549132947977
0.05,2768,77,82025,29.622607439508847
0.05,2769,82,82107,29.641516245487363
0.05,2770,10,82117,29.634428004330566
0.05,2771,73,82190,29.650072150072152
0.05,2772,63,82253,29.662098809953118
0.05,2773,12,82265,29.65573179524153
0.05,2774,7,82272,29.647567567567567
0.05,2775,-68,82204,29.612391930835734
0.05,2776,10,82214,29.605329492257834
0.05,2777,-44,82170,29.578833693304535
0.05,2778,90,82260,29.600575746671463
0.05,2779,3,82263,29.591007194244604
0.05,2780,21,82284,29.58791801510248
0.05,2781,-9,82275,29.574047447879224
0.05,2782,93,82368,29.59683794466403
0.05,2783,32,82400,29.597701149425287
0.05,2784,92,82492,29.620107719928185
0.05,2785,55,82547,29.62921751615219
0.05,2786,85,82632,29.64908503767492
0.05,2787,-28,82604,29.628407460545194
0.05,2788,91,82695,29.650412334169953
0.05,2789,46,82741,29.656272401433693
0.05,2790,-19,82722,29.638839125761375
0.05,2791,-84,82638,29.59813753581662
0.05,2792,90,82728,29.619763694951665
0.05,2793,91,82819,29.641732283464567
0.05,2794,-47,82772,29.614311270125224
0.05,2795,-24,82748,29.59513590844063
0.05,2796,-7,82741,29.58205219878441
0.05,2797,90,82831,29.6036454610436
0.05,2798,21,82852,29.600571632725973
0.05,2799,-157,82695,29.53392857142857
0.05,2800,92,82787,29.55622991788647
0.05,2801,-5,82782,29.54389721627409
0.05,2802,69,82851,29.557973599714593
0.05,2803,-6,82845,29.545292439372325
0.05,2804,86,82931,29.56541889483066
0.05,2805,46,82977,29.57127583749109
0.05,2806,76,83053,29.58781617385109
0.05,2807,-73,82980,29.55128205128205
0.05,2808,84,83064,29.570665717337132
0.05,2809,83,83147,29.58967971530249
0.05,2810,-260,82887,29.48665955176094
0.05,2811,77,82964,29.503556187766716
0.05,2812,-15,82949,29.487735513686456
0.05,2813,93,83042,29.510305614783228
0.05,2814,67,83109,29.523623445825933
0.05,2815,35,83144,29.525568181818183
0.05,2816,22,83166,29.522896698615547
0.05,2817,59,83225,29.533356990773598
0.05,2818,90,83315,29.55480666903157
0.05,2819,47,83362,29.560992907801417
0.05,2820,-113,83249,29.510457284650833
0.05,2821,-145,83104,29.448618001417433
0.05,2822,92,83196,29.47077577045696
0.05,2823,90,83286,29.492209631728045
0.05,2824,94,83380,29.51504424778761
0.05,2825,-32,83348,29.49327671620665
0.05,2826,35,83383,29.495224619738238
0.05,2827,74,83457,29.51096181046676
0.05,2828,85,83542,29.53057617532697
0.05,2829,81,83623,29.548763250883393
0.05,2830,-130,83493,29.492405510420348
0.05,2831,48,83541,29.4989406779661
0.05,2832,92,83633,29.521002470878926
0.05,2833,11,83644,29.514467184191954
0.05,2834,29,83673,29.514285714285716
0.05,2835,87,83760,29.534555712270805
0.05,2836,66,83826,29.54740923510751
0.05,2837,44,83870,29.552501761804088
0.05,2838,23,83893,29.550193730186685
0.05,2839,-5,83888,29.538028169014083
0.05,2840,-193,83695,29.45969728968673
0.05,2841,11,83706,29.45320197044335
0.05,2842,48,83754,29.45972564192754
0.05,2843,66,83820,29.47257383966245
0.05,2844,94,83914,29.495254833040423
0.05,2845,86,84000,29.515108924806746
0.05,2846,90,84090,29.536354056902002
0.05,2847,-58,84032,29.50561797752809
0.05,2848,76,84108,29.52193752193752
0.05,2849,-170,83938,29.451929824561404
0.05,2850,-54,83884,29.422658716239916
0.05,2851,-121,83763,29.36991584852735
0.05,2852,30,83793,29.37013669821241
0.05,2853,-155,83638,29.30553608969867
0.05,2854,91,83729,29.327145359019266
0.05,2855,76,83805,29.343487394957982
0.05,2856,4,83809,29.33461673083654
0.05,2857,88,83897,29.35514345696291
0.05,2858,80,83977,29.372857642532352
0.05,2859,-303,83674,29.256643356643355
0.05,2860,47,83721,29.2628451590353
0.05,2861,62,83783,29.274283717679943
0.05,2862,87,83870,29.294446384910934
0.05,2863,40,83910,29.2981843575419
0.05,2864,-34,83876,29.2760907504363
0.05,2865,58,83934,29.286113049546405
0.05,2866,93,84027,29.308336239972096
0.05,2867,15,84042,29.303347280334727
0.05,2868,63,84105,29.315092366678286
0.05,2869,-22,84083,29.297212543554007
0.05,2870,79,84162,29.314524555903866
0.05,2871,48,84210,29.321030640668525
0.05,2872,90,84300,29.342151061608075
0.05,2873,55,84355,29.35107863604732
0.05,2874,89,84444,29.37182608695652
0.05,2875,71,84515,29.386300417246176
0.05,2876,89,84604,29.40702120264164
0.05,2877,16,84620,29.40236275191105
0.05,2878,-97,84523,29.358457797846473
0.05,2879,-59,84464,29.32777777777778
0.05,2880,92,84556,29.34953141270392
0.05,2881,69,84625,29.363289382373353
0.05,2882,-113,84512,29.3139091224419
0.05,2883,-52,84460,29.285714285714285
0.05,2884,-87,84373,29.24540727902946
0.05,2885,73,84446,29.26056826056826
0.05,2886,-73,84373,29.22514721163838
0.05,2887,78,84451,29.242036011080334
0.05,2888,54,84505,29.250605745932848
0.05,2889,-114,84391,29.201038062283736
0.05,2890,24,84415,29.199239017640956
0.05,2891,57,84472,29.208852005532503
0.05,2892,90,84562,29.22986519184238
0.05,2893,83,84645,29.248445058742224
0.05,2894,73,84718,29.26355785837651
0.05,2895,93,84811,29.28556629834254
0.05,2896,-4,84807,29.274076630997584
0.05,2897,9,84816,29.267080745341616
0.05,2898,94,84910,29.28941014142808
0.05,2899,-13,84897,29.274827586206897
0.05,2900,59,84956,29.285074112375042
0.05,2901,54,85010,29.293590627153687
0.05,2902,-239,84771,29.201171202204616
0.05,2903,52,84823,29.209022038567493
0.05,2904,36,84859,29.211359724612738
0.05,2905,-81,84778,29.173434273916037
0.05,2906,79,84857,29.190574475404198
0.05,2907,-23,84834,29.172627235213206
0.05,2908,92,84926,29.19422481952561
0.05,2909,-91,84835,29.152920962199314
0.05,2910,17,84852,29.148746135348677
0.05,2911,-334,84518,29.02403846153846
0.05,2912,43,84561,29.028836251287334
0.05,2913,-14,84547,29.014070006863417
0.05,2914,94,84641,29.036363636363635
0.05,2915,90,84731,29.05727023319616
0.05,2916,14,84745,29.052108330476518
0.05,2917,80,84825,29.069568197395476
0.05,2918,93,84918,29.09146968139774
0.05,2919,92,85010,29.113013698630137
0.05,2920,92,85102,29.134542964738102
0.05,2921,94,85196,29.156741957563312
0.05,2922,-45,85151,29.13137187820732
0.05,2923,84,85235,29.15013679890561
0.05,2924,93,85328,29.171965811965812
0.05,2925,-310,85018,29.05604921394395
0.05,2926,92,85110,29.07755380936112
0.05,2927,-98,85012,29.034153005464482
0.05,2928,86,85098,29.05360191191533
0.05,2929,94,85192,29.075767918088737
0.05,2930,59,85251,29.085977482088026
0.05,2931,77,85328,29.10231923601637
0.05,2932,-111,85217,29.054551653597
0.05,2933,93,85310,29.07634628493524
0.05,2934,90,85400,29.097103918228278
0.05,2935,90,85490,29.117847411444142
0.05,2936,1,85491,29.108273748723185
0.05,2937,57,85548,29.117767188563647
0.05,2938,76,85624,29.1337189520245
0.05,2939,-11,85613,29.120068027210884
0.05,2940,8,85621,29.11288677320639
0.05,2941,40,85661,29.11658735554045
0.05,2942,67,85728,29.12945973496432
0.05,2943,-1,85727,29.11922554347826
0.05,2944,83,85810,29.137521222410864
0.05,2945,40,85850,29.14120841819416
0.05,2946,90,85940,29.161859518154056
0.05,2947,21,85961,29.15909090909091
0.05,2948,87,86048,29.17870464564259
0.05,2949,94,86142,29.200677966101694
0.05,2950,54,86196,29.209081667231448
0.05,2951,-32,86164,29.188346883468835
0.05,2952,-13,86151,29.17406027768371
0.05,2953,47,86198,29.180094786729857
0.05,2954,1,86199,29.170558375634517
0.05,2955,94,86293,29.192489851150203
0.05,2956,58,86351,29.202231991883664
0.05,2957,94,86445,29.224137931034484
0.05,2958,-22,86423,29.20682663061845
0.05,2959,8,86431,29.199662162162163
0.05,2960,91,86522,29.220533603512326
0.05,2961,66,86588,29.232950708980418
0.05,2962,-16,86572,29.217684778940264
0.05,2963,90,86662,29.238191632928476
0.05,2964,44,86706,29.243170320404722
0.05,2965,-58,86648,29.213755900202294
0.05,2966,44,86692,29.218739467475565
0.05,2967,54,86746,29.227088948787063
0.05,2968,-83,86663,29.189289323004378
0.05,2969,88,86751,29.20909090909091
0.05,2970,93,86844,29.23056210030293
0.05,2971,87,86931,29.25
0.05,2972,77,87008,29.266061217625293
0.05,2973,46,87054,29.271687962340284
0.05,2974,90,87144,29.292100840336133
0.05,2975,47,87191,29.298051075268816
0.05,2976,47,87238,29.30399731273094
0.05,2977,65,87303,29.315983881799866
0.05,2978,93,87396,29.337361530715004
0.05,2979,71,87467,29.351342281879194
0.05,2980,-374,87093,29.216034887621603
0.05,2981,76,87169,29.23172367538565
0.05,2982,90,87259,29.25209520616829
0.05,2983,87,87346,29.271447721179623
0.05,2984,49,87395,29.278056951423785
0.05,2985,2,87397,29.26892163429337
0.05,2986,-86,87311,29.230331436223636
0.05,2987,90,87401,29.250669344042837
0.05,2988,-130,87271,29.19739043158247
0.05,2989,-34,87237,29.176254180602008
0.05,2990,85,87322,29.194918087596122
0.05,2991,18,87340,29.191176470588236
0.05,2992,-70,87270,29.1580354159706
0.05,2993,-293,86977,29.050434201736806
0.05,2994,12,86989,29.04474123539232
0.05,2995,-5,86984,29.033377837116156
0.05,2996,6,86990,29.025692359025694
0.05,2997,-12,86978,29.01200800533689
0.05,2998,82,87060,29.02967655885295
0.05,2999,50,87110,29.036666666666665
0.05,3000,93,87203,29.057980673108965
0.05,3001,-10,87193,29.044970019986675
0.05,3002,87,87280,29.064269064269066
0.05,3003,54,87334,29.072569906790946
0.05,3004,-60,87274,29.042928452579034
0.05,3005,93,87367,29.06420492348636
0.05,3006,89,87456,29.08413701363485
0.05,3007,88,87544,29.10372340425532
0.05,3008,-97,87447,29.061814556331008
0.05,3009,88,87535,29.08139534883721
0.05,3010,-58,87477,29.052474261042843
0.05,3011,-29,87448,29.0332005312085
0.05,3012,66,87514,29.045469631596415
0.05,3013,89,87603,29.065361645653617
0.05,3014,93,87696,29.086567164179105
0.05,3015,68,87764,29.09946949602122
0.05,3016,48,87812,29.105734173019556
0.05,3017,76,87888,29.12127236580517
0.05,3018,5,87893,29.113282543888705
0.05,3019,93,87986,29.134437086092714
0.05,3020,65,88051,29.146309169149287
0.05,3021,-274,87777,29.045996029119788
0.05,3022,92,87869,29.066821038703274
0.05,3023,-169,87700,29.00132275132275
0.05,3024,92,87792,29.022148760330577
0.05,3025,50,87842,29.029081295439525
0.05,3026,-59,87783,29.0
0.05,3027,90,87873,29.020145310435932
0.05,3028,89,87962,29.039947177286233
0.05,3029,92,88054,29.06072607260726
0.05,3030,90,88144,29.080831408775982
0.05,3031,4,88148,29.072559366754618
0.05,3032,94,88242,29.09396636993076
0.05,3033,86,88328,29.11272247857614
0.05,3034,59,88387,29.122570016474466
0.05,3035,92,88479,29.143280632411066
0.05,3036,-153,88326,29.083305893974316
0.05,3037,91,88417,29.1036866359447
0.05,3038,86,88503,29.122408687068116
0.05,3039,-38,88465,29.10032894736842
0.05,3040,82,88547,29.117724432752382
0.05,3041,-125,88422,29.067061143984223
0.05,3042,93,88515,29.088070982582977
0.05,3043,-53,88462,29.061103810775297
0.05,3044,83,88545,29.07881773399015
0.05,3045,55,88600,29.087327642810244
0.05,3046,39,88639,29.090580899245158
0.05,3047,24,88663,29.088910761154857
0.05,3048,-217,88446,29.008199409642504
0.05,3049,-85,88361,28.970819672131146
0.05,3050,85,88446,28.989183874139627
0.05,3051,63,88509,29.000327653997378
0.05,3052,20,88529,28.99737962659679
0.05,3053,82,88611,29.0147347740668
0.05,3054,-29,88582,28.995744680851065
0.05,3055,84,88666,29.013743455497384
0.05,3056,50,88716,29.02060843964671
0.05,3057,49,88765,29.027141922825376
0.05,3058,48,88813,29.033344230140568
0.05,3059,3,88816,29.02483660130719
0.05,3060,6,88822,29.017314603070893
0.05,3061,93,88915,29.038210320052254
0.05,3062,82,88997,29.055501142670586
0.05,3063,-5,88992,29.0443864229765
0.05,3064,81,89073,29.061337683523654
0.05,3065,92,89165,29.081865622961512
0.05,3066,-200,88965,29.00717313335507
0.05,3067,88,89053,29.026401564537156
0.05,3068,74,89127,29.041055718475075
0.05,3069,-132,88995,28.9885993485342
0.05,3070,85,89080,29.00683816346467
0.05,3071,66,89146,29.018880208333332
0.05,3072,83,89229,29.036446469248293
0.05,3073,-50,89179,29.010735198438518
0.05,3074,-124,89055,28.960975609756098
0.05,3075,38,89093,28.963914174252277
0.05,3076,61,89154,28.974325641858954
0.05,3077,80,89234,28.99090318388564
0.05,3078,-79,89155,28.95582981487496
0.05,3079,89,89244,28.975324675324675
0.05,3080,-54,89190,28.948393378773126
0.05,3081,93,89283,28.969175859831278
0.05,3082,21,89304,28.966590982808953
0.05,3083,83,89387,28.984111543450066
0.05,3084,-147,89240,28.92706645056726
0.05,3085,58,89298,28.93648736228127
0.05,3086,89,89387,28.955944282474896
0.05,3087,55,89442,28.96437823834197
0.05,3088,64,89506,28.975720297831014
0.05,3089,28,89534,28.975404530744335
0.05,3090,76,89610,28.990617923002265
0.05,3091,84,89694,29.008408796895214
0.05,3092,15,89709,29.00387972841901
0.05,3093,-145,89564,28.94764059469942
0.05,3094,73,89637,28.961873990306948
0.05,3095,85,89722,28.97997416020672
0.05,3096,-8,89714,28.96803358088473
0.05,3097,48,89762,28.974176888315043
0.05,3098,0,89762,28.964827363665698
0.05,3099,32,89794,28.965806451612902
0.05,3100,18,89812,28.96227023540793
0.05,3101,28,89840,28.961960025789814
0.05,3102,37,89877,28.964550435062844
0.05,3103,92,89969,28.98485824742268
0.05,3104,78,90047,29.000644122383253
0.05,3105,92,90139,29.020927237604635
0.05,3106,86,90225,29.039266173157387
0.05,3107,72,90297,29.0530888030888
0.05,3108,15,90312,29.048568671598584
0.05,3109,28,90340,29.04823151125402
0.05,3110,76,90416,29.063323690131792
0.05,3111,9,90425,29.056876606683804
0.05,3112,31,90456,29.05750080308384
0.05,3113,91,90547,29.077392421323058
0.05,3114,55,90602,29.085714285714285
0.05,3115,75,90677,29.100449293966623
0.05,3116,24,90701,29.098812961180624
0.05,3117,91,90792,29.118665811417575
0.05,3118,8,90800,29.111894838089132
0.05,3119,77,90877,29.12724358974359
0.05,3120,-69,90808,29.095802627363025
0.05,3121,55,90863,29.1040999359385
0.05,3122,57,90920,29.113032340698048
0.05,3123,92,91012,29.13316261203585
0.05,3124,-69,90943,29.10176
0.05,3125,38,90981,29.10460652591171
0.05,3126,29,91010,29.10457307323313
0.05,3127,91,91101,29.12436061381074
0.05,3128,76,91177,29.139341642697346
0.05,3129,-157,91020,29.079872204472842
0.05,3130,85,91105,29.09773235388055
0.05,3131,-22,91083,29.081417624521073
0.05,3132,89,91172,29.100542610916055
0.05,3133,76,91248,29.11550733886407
0.05,3134,37,91285,29.118022328548644
0.05,3135,89,91374,29.137117346938776
0.05,3136,86,91460,29.155243863563914
0.05,3137,37,91497,29.15774378585086
0.05,3138,65,91562,29.169162153552087
0.05,3139,88,91650,29.187898089171973
0.05,3140,77,91727,29.203120025469595
0.05,3141,-209,91518,29.127307447485677
0.05,3142,66,91584,29.13903913458479
0.05,3143,88,91672,29.157760814249365
0.05,3144,38,91710,29.160572337042925
0.05,3145,20,91730,29.157660521296886
0.05,3146,-121,91609,29.109945980298697
0.05,3147,84,91693,29.127382465057178
0.05,3148,59,91752,29.136868847253098
0.05,3149,-22,91730,29.12063492063492
0.05,3150,-271,91459,29.02538876547128
0.05,3151,64,91523,29.036484771573605
0.05,3152,52,91575,29.043767840152235
0.05,3153,51,91626,29.050729232720354
0.05,3154,-23,91603,29.034231378763867
0.05,3155,-122,91481,28.98637515842839
0.05,3156,-5,91476,28.975609756097562
0.05,3157,79,91555,28.9914502849905
0.05,3158,59,91614,29.000949667616336
0.05,3159,-39,91575,28.979430379746834
0.05,3160,54,91629,28.98734577665296
0.05,3161,3,91632,28.97912713472486
0.05,3162,92,91724,28.99905153335441
0.05,3163,-72,91652,28.967130214917827
0.05,3164,73,91725,28.981042654028435
0.05,3165,84,91809,28.99842072015161
0.05,3166,62,91871,29.0088411746132
0.05,3167,-35,91836,28.988636363636363
0.05,3168,86,91922,29.006626696118648
0.05,3169,68,91990,29.018927444794954
0.05,3170,89,92079,29.037842951750235
0.05,3171,94,92173,29.058322824716267
0.05,3172,13,92186,29.053261897258114
0.05,3173,-50,92136,29.02835538752363
0.05,3174,-63,92073,28.999370078740156
0.05,3175,69,92142,29.011964735516372
0.05,3176,-154,91988,28.95435945860875
0.05,3177,-41,91947,28.932347388294524
0.05,3178,44,91991,28.93708713431897
0.05,3179,83,92074,28.954088050314464
0.05,3180,-30,92044,28.93555485696322
0.05,3181,92,92136,28.955373978629794
0.05,3182,91,92227,28.974866478165254
0.05,3183,88,92315,28.993404522613066
0.05,3184,49,92364,28.999686028257457
0.05,3185,60,92424,29.009416195856875
0.05,3186,79,92503,29.02510197678067
0.05,3187,42,92545,29.02917189460477
0.05,3188,-97,92448,28.989651928504234
0.05,3189,9,92457,28.983385579937305
0.05,3190,42,92499,28.98746474459417
0.05,3191,4,92503,28.979636591478698
0.05,3192,70,92573,28.99248355778265
0.05,3193,-68,92505,28.96211646837821
0.05,3194,15,92520,28.95774647887324
0.05,3195,91,92611,28.977158948685858
0.05,3196,-8,92603,28.965592743196748
0.05,3197,48,92651,28.971544715447155
0.05,3198,48,92699,28.97749296655205
0.05,3199,83,92782,28.994375
0.05,3200,50,92832,29.000937207122774
0.05,3201,74,92906,29.014990630855714
0.05,3202,36,92942,29.017171401810803
0.05,3203,74,93016,29.031210986267165
0.05,3204,-36,92980,29.01092043681747
0.05,3205,-108,92872,28.968184653774173
0.05,3206,75,92947,28.98253819769255
0.05,3207,66,93013,28.994077306733168
0.05,3208,86,93099,29.01184169523216
0.05,3209,-436,92663,28.866978193146416
0.05,3210,87,92750,28.885082528807224
0.05,3211,-285,92465,28.7873599003736
0.05,3212,91,92556,28.80672268907563
0.05,3213,-35,92521,28.786869943995022
0.05,3214,40,92561,28.79035769828927
0.05,3215,88,92649,28.808768656716417
0.05,3216,72,92721,28.82219459123407
0.05,3217,28,92749,28.8219390926041
0.05,3218,65,92814,28.833178005591797
0.05,3219,88,92902,28.851552795031054
0.05,3220,86,92988,28.869295249922384
0.05,3221,18,93006,28.865921787709496
0.05,3222,84,93090,28.88302823456407
0.05,3223,-205,92885,28.81048387096774
0.05,3224,41,92926,28.814263565891473
0.05,3225,81,93007,28.830440173589583
0.05,3226,24,93031,28.828943290982338
0.05,3227,81,93112,28.845105328376704
0.05,3228,63,93175,28.855682873954784
0.05,3229,39,93214,28.858823529411765
0.05,3230,39,93253,28.861962240792323
0.05,3231,52,93305,28.869121287128714
0.05,3232,91,93396,28.888339004021034
0.05,3233,22,93418,28.886209029066173
0.05,3234,-157,93261,28.82874806800618
0.05,3235,37,93298,28.831273176761435
0.05,3236,68,93366,28.843373493975903
0.05,3237,-10,93356,28.831377393452748
0.05,3238,64,93420,28.842235257795615
0.05,3239,92,93512,28.86172839506173
0.05,3240,-71,93441,28.83091638383215
0.05,3241,52,93493,28.838062924120912
0.05,3242,33,93526,28.839346284304657
0.05,3243,65,93591,28.850493218249074
0.05,3244,-5,93586,28.840061633281973
0.05,3245,68,93654,28.852125693160815
0.05,3246,92,93746,28.87157376039421
0.05,3247,-7,93739,28.860529556650246
0.05,3248,86,93825,28.878116343490305
0.05,3249,69,93894,28.890461538461537
0.05,3250,-44,93850,28.86804060289142
0.05,3251,69,93919,28.88038130381304
0.05,3252,16,93935,28.876421764525055
0.05,3253,41,93976,28.880147510755993
0.05,3254,94,94070,28.90015360983103
0.05,3255,64,94134,28.91093366093366
0.05,3256,85,94219,28.928154743629108
0.05,3257,17,94236,28.924493554327807
0.05,3258,-51,94185,28.899969315741025
0.05,3259,62,94247,28.910122699386502
0.05,3260,-371,93876,28.787488500459983
0.05,3261,87,93963,28.80533415082771
0.05,3262,73,94036,28.818878332822557
0.05,3263,59,94095,28.828125
0.05,3264,82,94177,28.844410413476265
0.05,3265,-94,94083,28.806797305572566
0.05,3266,72,94155,28.82001836547291
0.05,3267,54,94209,28.827723378212973
0.05,3268,89,94298,28.846130315081066
0.05,3269,22,94320,28.844036697247706
0.05,3270,-10,94310,28.832161418526443
0.05,3271,16,94326,28.828239608801955
0.05,3272,-40,94286,28.807210510235258
0.05,3273,79,94365,28.822541233964568
0.05,3274,93,94458,28.842137404580154
0.05,3275,-87,94371,28.80677655677656
0.05,3276,71,94442,28.819652120842235
0.05,3277,31,94473,28.82031726662599
0.05,3278,-139,94334,28.76913693199146
0.05,3279,86,94420,28.786585365853657
0.05,3280,93,94513,28.806156659555015
0.05,3281,91,94604,28.825106642291285
0.05,3282,53,94657,28.832470301553457
0.05,3283,-34,94623,28.813337393422657
0.05,3284,22,94645,28.811263318112633
0.05,3285,90,94735,28.829884357881923
0.05,3286,23,94758,28.828110739275935
0.05,3287,53,94811,28.835462287104622
0.05,3288,-6,94805,28.82487078139252
0.05,3289,-57,94748,28.798784194528874
0.05,3290,-9,94739,28.78729869340626
0.05,3291,63,94802,28.797691373025515
0.05,3292,38,94840,28.800485879137565
0.05,3293,-36,94804,28.780813600485732
0.05,3294,42,94846,28.78482549317147
0.05,3295,-213,94633,28.71146844660194
0.05,3296,83,94716,28.72793448589627
0.05,3297,79,94795,28.74317768344451
0.05,3298,-253,94542,28.657775083358594
0.05,3299,-171,94371,28.597272727272728
0.05,3300,53,94424,28.60466525295365
0.05,3301,11,94435,28.59933373712901
0.05,3302,70,94505,28.61186799878898
0.05,3303,16,94521,28.608050847457626
0.05,3304,77,94598,28.62269288956127
0.05,3305,70,94668,28.63520871143376
0.05,3306,52,94720,28.642273964318115
0.05,3307,82,94802,28.658403869407497
0.05,3308,37,94839,28.660924750679964
0.05,3309,94,94933,28.680664652567977
0.05,3310,83,95016,28.697070371488977
0.05,3311,89,95105,28.71527777777778
0.05,3312,94,95199,28.73498339873227
0.05,3313,16,95215,28.731140615570308
0.05,3314,71,95286,28.743891402714933
0.05,3315,24,95310,28.742460796139927
0.05,3316,12,95322,28.73741332529394
0.05,3317,23,95345,28.73568414707655
0.05,3318,92,95437,28.75474540524254
0.05,3319,64,95501,28.76536144578313
0.05,3320,21,95522,28.763023185787414
0.05,3321,75,95597,28.776941601444914
0.05,3322,89,95686,28.79506470057177
0.05,3323,67,95753,28.80655836341757
0.05,3324,77,95830,28.821052631578947
0.05,3325,53,95883,28.828322309079976
0.05,3326,-28,95855,28.811241358581306
0.05,3327,0,95855,28.802584134615383
0.05,3328,-108,95747,28.761489936917993
0.05,3329,-95,95652,28.724324324324325
0.05,3330,-95,95557,28.687181026718704
0.05,3331,92,95649,28.706182472989195
0.05,3332,-180,95469,28.643564356435643
0.05,3333,-62,95407,28.61637672465507
0.05,3334,92,95499,28.63538230884558
0.05,3335,91,95590,28.654076738609113
0.05,3336,16,95606,28.650284686844472
0.05,3337,69,95675,28.66237267825045
0.05,3338,94,95769,28.681940700808624
0.05,3339,26,95795,28.681137724550897
0.05,3340,57,95852,28.68961388805747
0.05,3341,87,95939,28.707061639736686
0.05,3342,93,96032,28.726293748130423
0.05,3343,-20,96012,28.711722488038276
0.05,3344,89,96101,28.729745889387146
0.05,3345,87,96188,28.747160789001793
0.05,3346,92,96280,28.766059157454436
0.05,3347,-38,96242,28.74611708482676
0.05,3348,62,96304,28.756046581068976
0.05,3349,88,96392,28.773731343283583
0.05,3350,78,96470,28.788421366756193
0.05,3351,55,96525,28.79624105011933
0.05,3352,93,96618,28.81538920369818
0.05,3353,-94,96524,28.77877161598092
0.05,3354,16,96540,28.774962742175855
0.05,3355,26,96566,28.77413587604291
0.05,3356,-25,96541,28.758117366696457
0.05,3357,67,96608,28.76950565812984
0.05,3358,76,96684,28.78356653766002
0.05,3359,94,96778,28.80297619047619
0.05,3360,88,96866,28.820589110383814
0.05,3361,39,96905,28.823616894705534
0.05,3362,54,96959,28.83110318168302
0.05,3363,91,97050,28.849583828775266
0.05,3364,86,97136,28.866567607726598
0.05,3365,87,97223,28.883838383838384
0.05,3366,25,97248,28.88268488268488
0.05,3367,75,97323,28.896377672209027
0.05,3368,32,97355,28.897298901751263
0.05,3369,87,97442,28.914540059347182
0.05,3370,-9,97433,28.90329279145654
0.05,3371,16,97449,28.89946619217082
0.05,3372,16,97465,28.895641861844055
0.05,3373,-58,97407,28.86988737403675
0.05,3374,84,97491,28.886222222222223
0.05,3375,-4,97487,28.876481042654028
0.05,3376,93,97580,28.89546935149541
0.05,3377,45,97625,28.90023682652457
0.05,3378,-176,97449,28.839597514057413
0.05,3379,64,97513,28.85
0.05,3380,23,97536,28.84826974267968
0.05,3381,-39,97497,28.828208160851567
0.05,3382,25,97522,28.827076559266924
0.05,3383,-109,97413,28.786347517730498
0.05,3384,17,97430,28.782865583456424
0.05,3385,-85,97345,28.74926166568222
0.05,3386,-32,97313,28.73132565692353
0.05,3387,94,97407,28.750590318772137
0.05,3388,94,97501,28.769843611684863
0.05,3389,93,97594,28.788790560471977
0.05,3390,75,97669,28.80241816573282
0.05,3391,55,97724,28.81014150943396
0.05,3392,-2,97722,28.80106100795756
0.05,3393,56,97778,28.80907483794932
0.05,3394,3,97781,28.801472754050074
0.05,3395,62,97843,28.811248527679624
0.05,3396,24,97867,28.809832204886664
0.05,3397,41,97908,28.81341965862272
0.05,3398,90,97998,28.83142100617829
0.05,3399,37,98035,28.833823529411763
0.05,3400,89,98124,28.851514260511614
0.05,3401,28,98152,28.851263962375075
0.05,3402,68,98220,28.862768145753748
0.05,3403,-123,98097,28.818155111633374
0.05,3404,85,98182,28.834654919236417
0.05,3405,11,98193,28.829418672930125
0.05,3406,49,98242,28.835339007924862
0.05,3407,89,98331,28.85299295774648
0.05,3408,-56,98275,28.828102082722207
0.05,3409,11,98286,28.822873900293256
0.05,3410,33,98319,28.82409850483729
0.05,3411,57,98376,28.83235638921454
0.05,3412,-19,98357,28.818341634925286
0.05,3413,71,98428,28.830697129466902
0.05,3414,-4,98424,28.82108345534407
0.05,3415,39,98463,28.82406323185012
0.05,3416,33,98496,28.825285338015803
0.05,3417,30,98526,28.82562902282036
0.05,3418,80,98606,28.840596665691724
0.05,3419,84,98690,28.85672514619883
0.05,3420,72,98762,28.86933645133002
0.05,3421,64,98826,28.87960257159556
0.05,3422,-126,98700,28.834355828220858
0.05,3423,74,98774,28.847546728971963
0.05,3424,-49,98725,28.824817518248175
0.05,3425,72,98797,28.837419731465264
0.05,3426,-65,98732,28.810037934053106
0.05,3427,-6,98726,28.799883313885648
0.05,3428,90,98816,28.817731116943715
0.05,3429,92,98908,28.836151603498543
0.05,3430,-18,98890,28.82250072865054
0.05,3431,77,98967,28.83653846153846
0.05,3432,-88,98879,28.80250509758229
0.05,3433,73,98952,28.81537565521258
0.05,3434,46,98998,28.82037845705968
0.05,3435,46,99044,28.825378346915016
0.05,3436,35,99079,28.82717486179808
0.05,3437,20,99099,28.82460732984293
0.05,3438,-8,99091,28.81389938935737
0.05,3439,93,99184,28.832558139534882
0.05,3440,6,99190,28.825922696890437
0.05,3441,89,99279,28.843404997094712
0.05,3442,82,99361,28.858844031367994
0.05,3443,44,99405,28.863240418118465
0.05,3444,42,99447,28.867053701015966
0.05,3445,20,99467,28.86448055716773
0.05,3446,75,99542,28.87786480997969
0.05,3447,37,99579,28.88022041763341
0.05,3448,-7,99572,28.869817338358946
0.05,3449,75,99647,28.883188405797103
0.05,3450,89,99736,28.900608519269777
0.05,3451,67,99803,28.91164542294322
0.05,3452,92,99895,28.92991601505937
0.05,3453,17,99912,28.926462072958888
0.05,3454,92,100004,28.944717800289435
0.05,3455,86,100090,28.96122685185185
0.05,3456,-23,100067,28.946196123806768
0.05,3457,86,100153,28.962695199537304
0.05,3458,46,100199,28.96762069962417
0.05,3459,75,100274,28.98092485549133
0.05,3460,17,100291,28.977463160936146
0.05,3461,-277,100014,28.889081455805893
0.05,3462,70,100084,28.900952930984694
0.05,3463,-463,99621,28.75894919168591
0.05,3464,2,99623,28.75122655122655
0.05,3465,65,99688,28.761684939411424
0.05,3466,-6,99682,28.75165849437554
0.05,3467,80,99762,28.76643598615917
0.05,3468,94,99856,28.78524070337273
0.05,3469,93,99949,28.803746397694525
0.05,3470,-43,99906,28.78305963699222
0.05,3471,-115,99791,28.741647465437786
0.05,3472,16,99807,28.73797869277282
0.05,3473,-191,99616,28.674726540011513
0.05,3474,-60,99556,28.649208633093526
0.05,3475,84,99640,28.665132336018413
0.05,3476,94,99734,28.683922922059246
0.05,3477,5,99739,28.67711328349626
0.05,3478,44,99783,28.68151767749353
0.05,3479,49,99832,28.68735632183908
0.05,3480,-17,99815,28.674231542660156
0.05,3481,62,99877,28.683802412406664
0.05,3482,44,99921,28.68819982773471
0.05,3483,93,100014,28.706659012629164
0.05,3484,30,100044,28.70703012912482
0.05,3485,43,100087,28.71113023522662
0.05,3486,-76,100011,28.681101233151708
0.05,3487,-6,100005,28.671158256880734
0.05,3488,84,100089,28.68701633705933
0.05,3489,-13,100076,28.675071633237824
0.05,3490,75,100151,28.68834144944142
0.05,3491,94,100245,28.707044673539517
0.05,3492,0,100245,28.698826223876324
0.05,3493,94,100339,28.71751574127075
0.05,3494,88,100427,28.73447782546495
0.05,3495,-4,100423,28.72511441647597
0.05,3496,61,100484,28.73434372319131
0.05,3497,84,100568,28.750142938822183
0.05,3498,88,100656,28.767076307516433
0.05,3499,12,100668,28.762285714285714
0.05,3500,86,100754,28.778634675806913
0.05,3501,93,100847,28.796973158195318
0.05,3502,86,100933,28.813302883242933
0.05,3503,71,101004,28.825342465753426
0.05,3504,52,101056,28.831954350927248
0.05,3505,36,101092,28.83399885909869
0.05,3506,61,101153,28.843170801254633
0.05,3507,9,101162,28.83751425313569
0.05,3508,-179,100983,28.77828441151325
0.05,3509,89,101072,28.795441595441595
0.05,3510,87,101159,28.81201936770151
0.05,3511,67,101226,28.822892938496583
0.05,3512,-40,101186,28.803302021064617
0.05,3513,50,101236,28.80933409220262
0.05,3514,41,101277,28.81280227596017
0.05,3515,87,101364,28.829351535836178
0.05,3516,-14,101350,28.817173727608758
0.05,3517,94,101444,28.83570210346788
0.05,3518,94,101538,28.854219948849106
0.05,3519,21,101559,28.851988636363636
0.05,3520,66,101625,28.86253905140585
0.05,3521,-65,101560,28.8358886996025
0.05,3522,28,101588,28.835651433437413
0.05,3523,-69,101519,28.80788876276958
0.05,3524,-35,101484,28.789787234042553
0.05,3525,68,101552,28.80090754395916
0.05,3526,77,101629,28.81457329174936
0.05,3527,-123,101506,28.771541950113377
0.05,3528,-83,101423,28.739869651459337
0.05,3529,-69,101354,28.712181303116147
0.05,3530,-164,101190,28.657604078164827
0.05,3531,94,101284,28.676104190260475
0.05,3532,65,101349,28.6863855080668
0.05,3533,43,101392,28.690435766836448
0.05,3534,-120,101272,28.648373408769448
0.05,3535,6,101278,28.641968325791854
0.05,3536,-23,101255,28.62736782584111
0.05,3537,-11,101244,28.616167326172977
0.05,3538,93,101337,28.634359988697373
0.05,3539,94,101431,28.65282485875706
0.05,3540,80,101511,28.667325614233267
0.05,3541,-151,101360,28.616600790513836
0.05,3542,12,101372,28.61191081004798
0.05,3543,94,101466,28.630361173814897
0.05,3544,58,101524,28.63864598025388
0.05,3545,45,101569,28.643260011280315
0.05,3546,94,101663,28.66168593177333
0.05,3547,81,101744,28.676437429537767
0.05,3548,95,101839,28.69512538743308
0.05,3549,83,101922,28.71042253521127
0.05,3550,30,101952,28.710785694170657
0.05,3551,-39,101913,28.691722972972972
0.05,3552,-3,101910,28.68280326484661
0.05,3553,88,101998,28.69949352841868
0.05,3554,-26,101972,28.684106891701827
0.05,3555,-122,101850,28.641732283464567
0.05,3556,53,101903,28.64858026426764
0.05,3557,-202,101701,28.583754918493536
0.05,3558,-31,101670,28.56701320595673
0.05,3559,43,101713,28.571067415730337
0.05,3560,-53,101660,28.548160629036786
0.05,3561,80,101740,28.562605277933745
0.05,3562,64,101804,28.57255122088128
0.05,3563,3,101807,28.56537598204265
0.05,3564,27,101834,28.56493688639551
0.05,3565,92,101926,28.582725743129558
0.05,3566,-39,101887,28.563779086066724
0.05,3567,-57,101830,28.53979820627803
0.05,3568,88,101918,28.55645839170636
0.05,3569,69,101987,28.567787114845938
0.05,3570,-40,101947,28.548585830299636
0.05,3571,93,102040,28.56662933930571
0.05,3572,42,102082,28.570389028827314
0.05,3573,92,102174,28.588136541689984
0.05,3574,25,102199,28.587132867132865
0.05,3575,-102,102097,28.550615212527966
0.05,3576,-7,102090,28.54067654459044
0.05,3577,73,102163,28.55310229178312
0.05,3578,73,102236,28.56552109527801
0.05,3579,89,102325,28.58240223463687
0.05,3580,83,102408,28.597598436191006
0.05,3581,74,102482,28.610273590173087
0.05,3582,88,102570,28.626849009210158
0.05,3583,-3,102567,28.618024553571427
0.05,3584,91,102658,28.63542538354254
0.05,3585,91,102749,28.65281650864473
0.05,3586,-9,102740,28.64231948703652
0.05,3587,41,102781,28.64576365663322
0.05,3588,-95,102686,28.611312343271106
0.05,3589,-45,102641,28.590807799442896
0.05,3590,-11,102630,28.579782790309107
0.05,3591,65,102695,28.589922048997774
0.05,3592,-51,102644,28.567770665182298
0.05,3593,84,102728,28.583194212576515
0.05,3594,92,102820,28.600834492350486
0.05,3595,49,102869,28.60650723025584
0.05,3596,66,102935,28.61690297470114
0.05,3597,-43,102892,28.596998332406894
0.05,3598,-304,102588,28.50458460683523
0.05,3599,-62,102526,28.479444444444443
0.05,3600,61,102587,28.488475423493473
0.05,3601,42,102629,28.49222654081066
0.05,3602,24,102653,28.4909797391063
0.05,3603,8,102661,28.485294117647058
0.05,3604,81,102742,28.499861303744797
0.05,3605,89,102831,28.516638935108155
0.05,3606,49,102880,28.52231771555309
0.05,3607,36,102916,28.524390243902438
0.05,3608,-22,102894,28.51039068994181
0.05,3609,91,102985,28.52770083102493
0.05,3610,78,103063,28.54140127388535
0.05,3611,83,103146,28.556478405315616
0.05,3612,28,103174,28.55632438416828
0.05,3613,80,103254,28.570558937465414
0.05,3614,92,103346,28.5881051175657
0.05,3615,87,103433,28.60425884955752
0.05,3616,84,103517,28.619574232789606
0.05,3617,16,103533,28.61608623548922
0.05,3618,73,103606,28.628350373031225
0.05,3619,58,103664,28.63646408839779
0.05,3620,63,103727,28.645954156310413
0.05,3621,26,103753,28.64522363335174
0.05,3622,63,103816,28.654706044714324
0.05,3623,60,103876,28.663355408388522
0.05,3624,39,103915,28.666206896551724
0.05,3625,85,104000,28.681742967457254
0.05,3626,67,104067,28.692307692307693
0.05,3627,92,104159,28.709757442116867
0.05,3628,-54,104105,28.68696610636539
0.05,3629,-46,104059,28.666391184573
0.05,3630,15,104074,28.662627375378683
0.05,3631,67,104141,28.67318281938326
0.05,3632,73,104214,28.68538398018167
0.05,3633,58,104272,28.69345074298294
0.05,3634,47,104319,28.698486932599724
0.05,3635,-211,104108,28.632563256325632
0.05,3636,88,104196,28.648886444872147
0.05,3637,87,104283,28.66492578339747
0.05,3638,-57,104226,28.64138499587799
0.05,3639,-2,104224,28.632967032967034
0.05,3640,29,104253,28.633067838505905
0.05,3641,2,104255,28.62575507962658
0.05,3642,-73,104182,28.597858907493823
0.05,3643,1,104183,28.590285400658615
0.05,3644,64,104247,28.6
0.05,3645,22,104269,28.59818979703785
0.05,3646,-52,104217,28.576089936934466
0.05,3647,29,104246,28.576206140350877
0.05,3648,94,104340,28.594135379556043
0.05,3649,-35,104305,28.576712328767123
0.05,3650,-75,104230,28.548342919748013
0.05,3651,85,104315,28.563800657174152
0.05,3652,58,104373,28.57185874623597
0.05,3653,49,104422,28.57744937055282
0.05,3654,90,104512,28.59425444596443
0.05,3655,-54,104458,28.571663019693656
0.05,3656,-74,104384,28.54361498496035
0.05,3657,-40,104344,28.524876981957355
0.05,3658,-215,104129,28.458321945886855
0.05,3659,68,104197,28.46912568306011
0.05,3660,90,104287,28.48593280524447
0.05,3661,78,104365,28.499453850354996
0.05,3662,5,104370,28.493038493038494
0.05,3663,78,104448,28.50655021834061
0.05,3664,85,104533,28.521964529331516
0.05,3665,-10,104523,28.511456628477905
0.05,3666,89,104612,28.52795200436324
0.05,3667,85,104697,28.543347873500544
0.05,3668,72,104769,28.555192150449713
0.05,3669,36,104805,28.557220708446867
0.05,3670,92,104897,28.57450286025606
0.05,3671,71,104968,28.586056644880173
0.05,3672,72,105040,28.59787639531718
0.05,3673,-64,104976,28.57267283614589
0.05,3674,94,105070,28.590476190476192
0.05,3675,33,105103,28.591675734494014
0.05,3676,0,105103,28.58389991841175
0.05,3677,-61,105042,28.559543230016313
0.05,3678,93,105135,28.57705898341941
0.05,3679,87,105222,28.592934782608694
0.05,3680,-15,105207,28.581092094539528
0.05,3681,42,105249,28.584736556219447
0.05,3682,72,105321,28.59652457235949
0.05,3683,-28,105293,28.58116178067318
0.05,3684,78,105371,28.594572591587518
0.05,3685,93,105464,28.61204557786218
0.05,3686,84,105548,28.627068077027392
0.05,3687,21,105569,28.625
0.05,3688,86,105655,28.640552995391705
0.05,3689,-23,105632,28.626558265582656
0.05,3690,4,105636,28.619886209699267
0.05,3691,-160,105476,28.568797399783314
0.05,3692,23,105499,28.567289466558353
0.05,3693,-8,105491,28.557390362750407
0.05,3694,-40,105451,28.538836265223274
0.05,3695,83,105534,28.553571428571427
0.05,3696,91,105625,28.570462537192316
0.05,3697,-9,105616,28.56030286641428
0.05,3698,-113,105503,28.522032981886998
0.05,3699,40,105543,28.525135135135134
0.05,3700,-140,105403,28.4796001080789
0.05,3701,63,105466,28.48892490545651
0.05,3702,63,105529,28.49824466648663
0.05,3703,59,105588,28.50647948164147
0.05,3704,30,105618,28.506882591093117
0.05,3705,4,105622,28.500269832703722
0.05,3706,-36,105586,28.48287024548152
0.05,3707,46,105632,28.487594390507013
0.05,3708,-26,105606,28.472903747640874
0.05,3709,22,105628,28.471159029649595
0.05,3710,-74,105554,28.443546213958502
0.05,3711,4,105558,28.43696120689655
0.05,3712,85,105643,28.45219499057366
0.05,3713,67,105710,28.462574044157243
0.05,3714,89,105799,28.47886944818304
0.05,3715,16,105815,28.47551130247578
0.05,3716,30,105845,28.475921442023136
0.05,3717,22,105867,28.47417966648736
0.05,3718,76,105943,28.486958859908576
0.05,3719,-11,105932,28.476344086021506
0.05,3720,76,106008,28.489115829078205
0.05,3721,94,106102,28.506716818914562
0.05,3722,67,106169,28.517056137523504
0.05,3723,70,106239,28.528195488721803
0.05,3724,-139,106100,28.483221476510067
0.05,3725,-29,106071,28.46779388083736
0.05,3726,94,106165,28.485376978803327
0.05,3727,44,106209,28.48953862660944
0.05,3728,48,106257,28.494770716009654
0.05,3729,54,106311,28.501608579088472
0.05,3730,92,106403,28.518627713749666
0.05,3731,80,106483,28.532422293676312
0.05,3732,42,106525,28.53603000267881
0.05,3733,34,106559,28.537493304767008
0.05,3734,90,106649,28.553949129852743
0.05,3735,74,106723,28.566113490364025
0.05,3736,-177,106546,28.511105164570512
0.05,3737,26,106572,28.51043338683788
0.05,3738,11,106583,28.50575020058839
0.05,3739,-146,106437,28.45909090909091
0.05,3740,67,106504,28.469393210371557
0.05,3741,40,106544,28.47247461250668
0.05,3742,83,106627,28.487042479294683
0.05,3743,93,106720,28.504273504273506
0.05,3744,23,106743,28.502803738317755
0.05,3745,65,106808,28.512546716497596
0.05,3746,-27,106781,28.49773151854817
0.05,3747,0,106781,28.490128068303093
0.05,3748,80,106861,28.503867698052815
0.05,3749,41,106902,28.5072
0.05,3750,-64,106838,28.482537989869368
0.05,3751,91,106929,28.49920042643923
0.05,3752,-24,106905,28.485211830535572
0.05,3753,54,106959,28.49200852424081
0.05,3754,-135,106824,28.448468708388816
0.05,3755,70,106894,28.459531416400427
0.05,3756,79,106973,28.472983763641203
0.05,3757,-20,106953,28.460085151676424
0.05,3758,10,106963,28.45517424847034
0.05,3759,92,107055,28.472074468085108
0.05,3760,-184,106871,28.41558096250997
0.05,3761,86,106957,28.43088782562467
0.05,3762,-161,106796,28.380547435556736
0.05,3763,-63,106733,28.356269925611052
0.05,3764,86,106819,28.371580345285526
0.05,3765,-2,106817,28.363515666489644
0.05,3766,-29,106788,28.348287762144942
0.05,3767,69,106857,28.359076433121018
0.05,3768,-47,106810,28.3390819846113
0.05,3769,74,106884,28.351193633952256
0.05,3770,-3,106881,28.342879872712807
0.05,3771,76,106957,28.355514316012727
0.05,3772,92,107049,28.372382719321497
0.05,3773,16,107065,28.369104398516164
0.05,3774,89,107154,28.385165562913908
0.05,3775,85,107239,28.400158898305083
0.05,3776,10,107249,28.395287265025154
0.05,3777,56,107305,28.40259396506088
0.05,3778,51,107356,28.408573696745172
0.05,3779,54,107410,28.415343915343914
0.05,3780,90,107500,28.431631843427663
0.05,3781,30,107530,28.43204653622422
0.05,3782,-10,107520,28.421887390959554
0.05,3783,34,107554,28.423361522198732
0.05,3784,18,107572,28.420607661822984
0.05,3785,-18,107554,28.408346539883784
0.05,3786,85,107639,28.423290203327173
0.05,3787,93,107732,28.440337909186905
0.05,3788,84,107816,28.455001319609394
0.05,3789,20,107836,28.45277044854881
0.05,3790,93,107929,28.46979688736481
0.05,3791,85,108014,28.484704641350213
0.05,3792,24,108038,28.483522277880304
0.05,3793,90,108128,28.499736425935687
0.05,3794,-94,108034,28.46745718050066
0.05,3795,77,108111,28.480242360379346
0.05,3796,71,108182,28.49144061100869
0.05,3797,62,108244,28.50026329647183
0.05,3798,-8,108236,28.490655435640956
0.05,3799,42,108278,28.49421052631579
0.05,3800,50,108328,28.49986845566956
0.05,3801,84,108412,28.514466070489217
0.05,3802,75,108487,28.526689455692875
0.05,3803,-82,108405,28.497634069400632
0.05,3804,-120,108285,28.458607095926414
0.05,3805,78,108363,28.471623751970572
0.05,3806,71,108434,28.482794851589176
0.05,3807,28,108462,28.48266806722689
0.05,3808,35,108497,28.484379102126542
0.05,3809,-166,108331,28.433333333333334
0.05,3810,94,108425,28.450537916557334
0.05,3811,93,108518,28.46747114375656
0.05,3812,69,108587,28.478101232625228
0.05,3813,-114,108473,28.44074462506555
0.05,3814,63,108536,28.44980340760157
0.05,3815,-133,108403,28.407494758909852
0.05,3816,75,108478,28.41970133612785
0.05,3817,76,108554,28.432163436354113
0.05,3818,67,108621,28.442262372348782
0.05,3819,-62,108559,28.418586387434555
0.05,3820,67,108626,28.428683590683068
0.05,3821,94,108720,28.445839874411302
0.05,3822,32,108752,28.4467695527073
0.05,3823,81,108833,28.460512552301257
0.05,3824,-41,108792,28.44235294117647
0.05,3825,86,108878,28.45739675901725
0.05,3826,65,108943,28.4669453880324
0.05,3827,93,109036,28.48380355276907
0.05,3828,-53,108983,28.462522851919562
0.05,3829,73,109056,28.47415143603133
0.05,3830,-72,108984,28.447924823805796
0.05,3831,91,109075,28.464248434237994
0.05,3832,90,109165,28.48030263501174
0.05,3833,78,109243,28.49321857068336
0.05,3834,84,109327,28.50769230769231
0.05,3835,-14,109313,28.496611053180395
0.05,3836,21,109334,28.49465728433672
0.05,3837,5,109339,28.48853569567483
0.05,3838,72,109411,28.499869757749416
0.05,3839,20,109431,28.49765625
0.05,3840,55,109486,28.504556105180942
0.05,3841,-5,109481,28.49583550234253
0.05,3842,76,109557,28.508196721311474
0.05,3843,-55,109502,28.486472424557753
0.05,3844,92,109594,28.502990897269182
0.05,3845,94,109688,28.520020800832032
0.05,3846,81,109769,28.53366259422927
0.05,3847,54,109823,28.540280665280665
0.05,3848,-137,109686,28.49727201870616
0.05,3849,53,109739,28.503636363636364
0.05,3850,88,109827,28.519085951700855
0.05,3851,80,109907,28.53245067497404
0.05,3852,88,109995,28.54788476511809
0.05,3853,5,110000,28.541774779449923
0.05,3854,91,110091,28.5579766536965
0.05,3855,33,110124,28.559128630705395
0.05,3856,-83,110041,28.53020482240083
0.05,3857,74,110115,28.54199066874028
0.05,3858,94,110209,28.558953096657167
0.05,3859,83,110292,28.573056994818653
0.05,3860,-74,110218,28.546490546490546
0.05,3861,73,110291,28.55800103573278
0.05,3862,21,110312,28.556044524980585
0.05,3863,78,110390,28.568840579710145
0.05,3864,73,110463,28.580336351875808
0.05,3865,89,110552,28.59596482152095
0.05,3866,56,110608,28.60305146108094
0.05,3867,78,110686,28.615822130299897
0.05,3868,17,110703,28.612819850090464
0.05,3869,62,110765,28.621447028423773
0.05,3870,91,110856,28.637561353655386
0.05,3871,-4,110852,28.62913223140496
0.05,3872,47,110899,28.633875548670282
0.05,3873,-108,110791,28.598606091894684
0.05,3874,43,110834,28.60232258064516
0.05,3875,11,110845,28.597781217750256
0.05,3876,62,110907,28.606396698478203
0.05,3877,33,110940,28.60752965446106
0.05,3878,-33,110907,28.591647331786543
0.05,3879,-57,110850,28.56958762886598
0.05,3880,91,110941,28.585673795413552
0.05,3881,87,111028,28.60072127769191
0.05,3882,43,111071,28.604429564769507
0.05,3883,56,111127,28.611483007209063
0.05,3884,87,111214,28.626512226512226
0.05,3885,42,111256,28.62995367987648
0.05,3886,91,111347,28.64599948546437
0.05,3887,59,111406,28.65380658436214
0.05,3888,89,111495,28.669323733607612
0.05,3889,-96,111399,28.637275064267353
0.05,3890,54,111453,28.6437933693138
0.05,3891,68,111521,28.653905447070915
0.05,3892,94,111615,28.670690983817106
0.05,3893,76,111691,28.682845403184388
0.05,3894,84,111775,28.697047496790756
0.05,3895,91,111866,28.713039014373717
0.05,3896,91,111957,28.72902232486528
0.05,3897,29,111986,28.72909184197024
0.05,3898,6,111992,28.72326237496794
0.05,3899,6,111998,28.717435897435898
0.05,3900,-111,111887,28.68162009741092
0.05,3901,68,111955,28.69169656586366
0.05,3902,-20,111935,28.679221111965155
0.05,3903,-250,111685,28.6078381147541
0.05,3904,13,111698,28.603841229193343
0.05,3905,-1,111697,28.59626216077829
0.05,3906,-225,111472,28.531353980035835
0.05,3907,44,111516,28.535312180143297
0.05,3908,-202,111314,28.476336658992068
0.05,3909,-133,111181,28.435038363171355
0.05,3910,85,111266,28.44950140628995
0.05,3911,70,111336,28.460122699386503
0.05,3912,93,111429,28.476616406848965
0.05,3913,86,111515,28.491313234542666
0.05,3914,-76,111439,28.464623243933588
0.05,3915,68,111507,28.474719101123597
0.05,3916,-91,111416,28.444217513403114
0.05,3917,87,111503,28.459162838182746
0.05,3918,-44,111459,28.44067364123501
0.05,3919,45,111504,28.444897959183674
0.05,3920,56,111560,28.451925529201734
0.05,3921,94,111654,28.468638449770527
0.05,3922,57,111711,28.47591129237828
0.05,3923,-11,111700,28.46585117227319
0.05,3924,85,111785,28.480254777070062
0.05,3925,68,111853,28.490320937340805
0.05,3926,58,111911,28.4978354978355
0.05,3927,-190,111721,28.442209775967413
0.05,3928,-9,111712,28.432680071264954
0.05,3929,55,111767,28.43944020356234
0.05,3930,89,111856,28.454846095141185
0.05,3931,89,111945,28.470244150559513
0.05,3932,62,112007,28.478769387236206
0.05,3933,23,112030,28.47737671581088
0.05,3934,-12,112018,28.467090216010167
0.05,3935,10,112028,28.46239837398374
0.05,3936,91,112119,28.478282956565913
0.05,3937,42,112161,28.48171660741493
0.05,3938,18,112179,28.47905559786748
0.05,3939,-28,112151,28.46472081218274
0.05,3940,87,112238,28.47957371225577
0.05,3941,26,112264,28.47894469812278
0.05,3942,90,112354,28.494547299010904
0.05,3943,11,112365,28.490111561866126
0.05,3944,79,112444,28.502915082382764
0.05,3945,-8,112436,28.49366447034972
0.05,3946,-40,112396,28.47631112237142
0.05,3947,-80,112316,28.448834853090172
0.05,3948,87,112403,28.463661686502913
0.05,3949,13,112416,28.45974683544304
0.05,3950,65,112481,28.468995191090862
0.05,3951,91,112572,28.484817813765183
0.05,3952,44,112616,28.48874272704275
0.05,3953,-56,112560,28.467374810318663
0.05,3954,68,112628,28.477370417193427
0.05,3955,93,112721,28.493680485338725
0.05,3956,20,112741,28.491533990396764
0.05,3957,82,112823,28.505053057099545
0.05,3958,-25,112798,28.491538267239203
0.05,3959,46,112844,28.495959595959597
0.05,3960,-206,112638,28.436758394344864
0.05,3961,0,112638,28.429581019687028
0.05,3962,94,112732,28.446126671713348
0.05,3963,59,112791,28.453834510595357
0.05,3964,79,112870,28.466582597730138
0.05,3965,43,112913,28.470247100353
0.05,3966,-454,112459,28.348626165868414
0.05,3967,-71,112388,28.32358870967742
0.05,3968,-107,112281,28.28949357520786
0.05,3969,58,112339,28.296977329974812
0.05,3970,93,112432,28.31327121631831
0.05,3971,94,112526,28.32980866062437
0.05,3972,50,112576,28.335263025421597
0.05,3973,61,112637,28.34348263714142
0.05,3974,94,112731,28.36
0.05,3975,-76,112655,28.333752515090545
0.05,3976,-33,112622,28.318330399798842
0.05,3977,29,112651,28.31850175967823
0.05,3978,94,112745,28.335008796179945
0.05,3979,91,112836,28.35075376884422
0.05,3980,63,112899,28.3594574227581
0.05,3981,34,112933,28.36087393269714
0.05,3982,49,112982,28.366055736881748
0.05,3983,55,113037,28.37274096385542
0.05,3984,54,113091,28.379171894604767
0.05,3985,-247,112844,28.31008529854491
0.05,3986,38,112882,28.312515675946827
0.05,3987,-12,112870,28.302407221664996
0.05,3988,70,112940,28.312860366006518
0.05,3989,-85,112855,28.284461152882205
0.05,3990,88,112943,28.299423703332497
0.05,3991,67,113010,28.309118236472944
0.05,3992,5,113015,28.30328074129727
0.05,3993,-27,112988,28.28943415122684
0.05,3994,78,113066,28.301877346683355
0.05,3995,85,113151,28.316066066066067
0.05,3996,63,113214,28.324743557668253
0.05,3997,52,113266,28.33066533266633
0.05,3998,21,113287,28.328832208052013
0.05,3999,-53,113234,28.3085
0.05,4000,43,113277,28.312171957010747
0.05,4001,36,113313,28.31409295352324
0.05,4002,71,113384,28.324756432675493
0.05,4003,48,113432,28.32967032967033
0.05,4004,94,113526,28.34606741573034
0.05,4005,22,113548,28.34448327508737
0.05,4006,-74,113474,28.318941851759423
0.05,4007,-101,113373,28.286676646706585
0.05,4008,94,113467,28.30306809678224
0.05,4009,57,113524,28.310224438902743
0.05,4010,9,113533,28.305410122164048
0.05,4011,-31,113502,28.290628115653043
0.05,4012,-11,113491,28.28083727884376
0.05,4013,68,113559,28.290732436472346
0.05,4014,50,113609,28.296139476961393
0.05,4015,93,113702,28.312250996015937
0.05,4016,56,113758,28.31914363953199
0.05,4017,80,113838,28.332005973120957
0.05,4018,-44,113794,28.314008459815874
0.05,4019,91,113885,28.329601990049753
0.05,4020,92,113977,28.34543645859239
0.05,4021,-118,113859,28.30905022376927
0.05,4022,-158,113701,28.262739249316432
0.05,4023,88,113789,28.27758449304175
0.05,4024,-43,113746,28.259875776397514
0.05,4025,67,113813,28.26949826130154
0.05,4026,86,113899,28.283834119692077
0.05,4027,92,113991,28.299652432969214
0.05,4028,82,114073,28.312980888557956
0.05,4029,-2,114071,28.30545905707196
0.05,4030,52,114123,28.3113371371868
0.05,4031,92,114215,28.327132936507937
0.05,4032,68,114283,28.336969997520455
0.05,4033,80,114363,28.349776896380764
0.05,4034,-20,114343,28.337794299876084
0.05,4035,17,114360,28.334985133795836
0.05,4036,66,114426,28.3443150854595
0.05,4037,-38,114388,28.32788509162952
0.05,4038,84,114472,28.341668729883633
0.05,4039,91,114563,28.357178217821783
0.05,4040,74,114637,28.368473150210345
0.05,4041,88,114725,28.383226125680356
0.05,4042,42,114767,28.386594113282218
0.05,4043,-38,114729,28.370178041543028
0.05,4044,58,114787,28.377503090234857
0.05,4045,11,114798,28.373208106772122
0.05,4046,82,114880,28.386459105510255
0.05,4047,94,114974,28.402667984189723
0.05,4048,67,115041,28.412200543344035
0.05,4049,-34,115007,28.39679012345679
0.05,4050,32,115039,28.397679585287584
0.05,4051,49,115088,28.402764067127343
0.05,4052,5,115093,28.396989884036515
0.05,4053,2,115095,28.390478539713865
0.05,4054,-206,114889,28.332675709001233
0.05,4055,-202,114687,28.275887573964496
0.05,4056,-29,114658,28.26176978062608
0.05,4057,-1,114657,28.254558896007886
0.05,4058,91,114748,28.270017245627002
0.05,4059,89,114837,28.284975369458127
0.05,4060,65,114902,28.29401625215464
0.05,4061,68,114970,28.30379123584441
0.05,4062,90,115060,28.318976126015258
0.05,4063,86,115146,28.33316929133858
0.05,4064,44,115190,28.3370233702337
0.05,4065,91,115281,28.35243482538121
0.05,4066,-133,115148,28.312761249077944
0.05,4067,-39,115109,28.29621435594887
0.05,4068,20,115129,28.29417547308921
0.05,4069,81,115210,28.307125307125308
0.05,4070,-6,115204,28.298698108572832
0.05,4071,93,115297,28.31458742632613
0.05,4072,-100,115197,28.28308372207218
0.05,4073,-175,115022,28.233186057928325
0.05,4074,50,115072,28.238527607361963
0.05,4075,92,115164,28.254170755642786
0.05,4076,72,115236,28.264900662251655
0.05,4077,43,115279,28.268513977439923
0.05,4078,46,115325,28.272860995341997
0.05,4079,92,115417,28.288480392156863
0.05,4080,61,115478,28.296495956873315
0.05,4081,66,115544,28.305732484076433
0.05,4082,94,115638,28.321822189566497
0.05,4083,89,115727,28.33667972575906
0.05,4084,-12,115715,28.326805385556916
0.05,4085,90,115805,28.341899167890357
0.05,4086,90,115895,28.35698556398336
0.05,4087,78,115973,28.36912915851272
0.05,4088,4,115977,28.363169479090242
0.05,4089,89,116066,28.37799511002445
0.05,4090,48,116114,28.382791493522365
0.05,4091,-162,115952,28.33626588465298
0.05,4092,-59,115893,28.314927925726852
0.05,4093,85,115978,28.32877381533952
0.05,4094,-1,115977,28.32161172161172
0.05,4095,21,115998,28.31982421875
0.05,4096,-54,115944,28.299731510861605
0.05,4097,71,116015,28.31015129331381
0.05,4098,43,116058,28.313735057331055
0.05,4099,88,116146,28.32829268292683
0.05,4100,57,116203,28.33528407705438
0.05,4101,92,116295,28.350804485616774
0.05,4102,88,116383,28.36534243236656
0.05,4103,-216,116167,28.305799220272906
0.05,4104,90,116257,28.32082825822168
0.05,4105,92,116349,28.336337067705795
0.05,4106,13,116362,28.332602873143415
0.05,4107,90,116452,28.34761441090555
0.05,4108,23,116475,28.34631297152592
0.05,4109,73,116548,28.357177615571775
0.05,4110,-70,116478,28.333252250060813
0.05,4111,56,116534,28.339980544747082
0.05,4112,51,116585,28.345489910041334
0.05,4113,-35,116550,28.330092367525523
0.05,4114,94,116644,28.346051032806805
0.05,4115,93,116737,28.361758989310008
0.05,4116,-2,116735,28.354384260383775
0.05,4117,81,116816,28.36716852841185
0.05,4118,-137,116679,28.327021121631464
0.05,4119,85,116764,28.340776699029128
0.05,4120,-55,116709,28.32055326377093
0.05,4121,45,116754,28.324599708879184
0.05,4122,55,116809,28.33106960950764
0.05,4123,-36,116773,28.315470417070806
0.05,4124,-87,116686,28.28751515151515
0.05,4125,-95,116591,28.25763451284537
0.05,4126,3,116594,28.251514417252242
0.05,4127,47,116641,28.256056201550386
0.05,4128,76,116717,28.26761927827561
0.05,4129,62,116779,28.275786924939467
0.05,4130,33,116812,28.27693052529654
0.05,4131,-30,116782,28.262826718296225
0.05,4132,94,116876,28.278732155819018
0.05,4133,79,116955,28.29100145137881
0.05,4134,84,117039,28.30447400241838
0.05,4135,77,117116,28.31624758220503
0.05,4136,82,117198,28.32922407541697
0.05,4137,78,117276,28.341227646205898
0.05,4138,-14,117262,28.33099782556173
0.05,4139,21,117283,28.329227053140098
0.05,4140,-68,117215,28.305964742815746
0.05,4141,-21,117194,28.294060840173827
0.05,4142,-50,117144,28.275162925416364
0.05,4143,-32,117112,28.26061776061776
0.05,4144,16,117128,28.257659831121835
0.05,4145,-9,117119,28.248673420164014
0.05,4146,39,117158,28.251265975403907
0.05,4147,56,117214,28.257955641272904
0.05,4148,-59,117155,28.236924560134973
0.05,4149,94,117249,28.25277108433735
0.05,4150,-263,116986,28.18260660081908
0.05,4151,18,117004,28.180154142581888
0.05,4152,13,117017,28.176498916445944
0.05,4153,87,117104,28.19065960519981
0.05,4154,82,117186,28.20361010830325
0.05,4155,-51,117135,28.184552454282965
0.05,4156,8,117143,28.17969689680058
0.05,4157,13,117156,28.176046176046174
0.05,4158,71,117227,28.186342870882424
0.05,4159,88,117315,28.200721153846153
0.05,4160,-104,117211,28.168949771689498
0.05,4161,57,117268,28.175876982220085
0.05,4162,74,117342,28.186884458323323
0.05,4163,93,117435,28.20244956772334
0.05,4164,53,117488,28.208403361344537
0.05,4165,93,117581,28.22395583293327
0.05,4166,-81,117500,28.197744180465563
0.05,4167,89,117589,28.212332053742802
0.05,4168,-54,117535,28.192612137203167
0.05,4169,-89,117446,28.16450839328537
0.05,4170,91,117537,28.17957324382642
0.05,4171,62,117599,28.187679769894537
0.05,4172,-28,117571,28.174215192906782
0.05,4173,92,117663,28.18950646861524
0.05,4174,9,117672,28.184910179640717
0.05,4175,42,117714,28.188218390804597
0.05,4176,76,117790,28.199664831218577
0.05,4177,89,117879,28.214217328865487
0.05,4178,-97,117782,28.18425460636516
0.05,4179,70,117852,28.19425837320574
0.05,4180,-3,117849,28.186797416885913
0.05,4181,92,117941,28.20205643232903
0.05,4182,-40,117901,28.18575185273727
0.05,4183,19,117920,28.183556405353727
0.05,4184,6,117926,28.17825567502987
0.05,4185,87,118013,28.192307692307693
0.05,4186,45,118058,28.19632194888942
0.05,4187,63,118121,28.204632282712513
0.05,4188,89,118210,28.21914538075913
0.05,4189,-74,118136,28.194749403341287
0.05,4190,14,118150,28.19136244333095
0.05,4191,79,118229,28.203482824427482
0.05,4192,91,118320,28.21845933699022
0.05,4193,66,118386,28.2274678111588
0.05,4194,-119,118267,28.192371871275327
0.05,4195,-36,118231,28.17707340324118
0.05,4196,72,118303,28.18751489158923
0.05,4197,70,118373,28.197474988089567
0.05,4198,94,118467,28.213145987139796
0.05,4199,78,118545,28.225
0.05,4200,40,118585,28.227802904070458
0.05,4201,93,118678,28.243217515468825
0.05,4202,-167,118511,28.196764216036165
0.05,4203,93,118604,28.212178877259753
0.05,4204,82,118686,28.224970273483947
0.05,4205,-28,118658,28.211602472658107
0.05,4206,86,118744,28.225338721178986
0.05,4207,32,118776,28.226235741444867
0.05,4208,6,118782,28.22095509622238
0.05,4209,21,118803,28.219239904988125
0.05,4210,41,118844,28.222274994063167
0.05,4211,1,118845,28.215811965811966
0.05,4212,69,118914,28.225492523142655
0.05,4213,63,118977,28.23374466065496
0.05,4214,38,119015,28.23606168446026
0.05,4215,-115,118900,28.202087286527515
0.05,4216,43,118943,28.205596395541853
0.05,4217,23,118966,28.204362256993836
0.05,4218,31,118997,28.20502488741408
0.05,4219,94,119091,28.220616113744075
0.05,4220,79,119170,28.232646292347784
0.05,4221,70,119240,28.242539081004264
0.05,4222,60,119300,28.250059199621123
0.05,4223,91,119391,28.264914772727273
0.05,4224,94,119485,28.280473372781064
0.05,4225,-77,119408,28.25556081400852
0.05,4226,-22,119386,28.24367163472912
0.05,4227,-118,119268,28.209082308420058
0.05,4228,81,119349,28.221565381886972
0.05,4229,64,119413,28.230023640661937
0.05,4230,-142,119271,28.18978964783739
0.05,4231,80,119351,28.20203213610586
0.05,4232,-51,119300,28.183321521379636
0.05,4233,84,119384,28.196504487482287
0.05,4234,30,119414,28.19693034238489
0.05,4235,88,119502,28.211048158640228
0.05,4236,58,119560,28.218078829360397
0.05,4237,-172,119388,28.170835299669655
0.05,4238,-142,119246,28.130691200754896
0.05,4239,65,119311,28.13938679245283
0.05,4240,-15,119296,28.129214807828344
0.05,4241,94,119390,28.144743045733144
0.05,4242,-67,119323,28.12231911383455
0.05,4243,87,119410,28.136192271442034
0.05,4244,77,119487,28.147703180212016
0.05,4245,27,119514,28.147432878002824
0.05,4246,89,119603,28.161761243230515
0.05,4247,10,119613,28.157485875706215
0.05,4248,93,119706,28.172746528594963
0.05,4249,-6,119700,28.16470588235294
0.05,4250,30,119730,28.165137614678898
0.05,4251,16,119746,28.16227657572907
0.05,4252,57,119803,28.169057136139195
0.05,4253,-57,119746,28.14903620122238
0.05,4254,-66,119680,28.126909518213868
0.05,4255,94,119774,28.142387218045112
0.05,4256,-142,119632,28.10241954428001
0.05,4257,46,119678,28.1066228276186
0.05,4258,59,119737,28.11387649683024
0.05,4259,51,119788,28.11924882629108
0.05,4260,79,119867,28.13118986153485
0.05,4261,88,119955,28.145236977944627
0.05,4262,32,119987,28.14614121510673
0.05,4263,87,120074,28.159943714821765
0.05,4264,35,120109,28.161547479484174
0.05,4265,84,120193,28.174636661978433
0.05,4266,42,120235,28.177876728380596
0.05,4267,-451,119784,28.06560449859419
0.05,4268,93,119877,28.080815179198876
0.05,4269,91,119968,28.095550351288058
0.05,4270,50,120018,28.100678997892764
0.05,4271,71,120089,28.110720973782772
0.05,4272,81,120170,28.123098525626023
0.05,4273,-152,120018,28.080954609265326
0.05,4274,93,120111,28.096140350877192
0.05,4275,4,120115,28.090505144995323
0.05,4276,-131,119984,28.053308393733925
0.05,4277,-13,119971,28.043712014960263
0.05,4278,88,120059,28.057723767235334
0.05,4279,-55,120004,28.038317757009345
0.05,4280,36,120040,28.04017752861481
0.05,4281,88,120128,28.054180289584306
0.05,4282,90,120218,28.06864347420033
0.05,4283,91,120309,28.083333333333332
0.05,4284,84,120393,28.096382730455076
0.05,4285,87,120480,28.11012599160056
0.05,4286,82,120562,28.12269652437602
0.05,4287,90,120652,28.137126865671643
0.05,4288,50,120702,28.14222429470739
0.05,4289,41,120743,28.145221445221445
0.05,4290,-127,120616,28.10906548590072
0.05,4291,-7,120609,28.100885368126747
0.05,4292,70,120679,28.1106452364314
0.05,4293,75,120754,28.12156497438286
0.05,4294,43,120797,28.12502910360885
0.05,4295,93,120890,28.140130353817504
0.05,4296,-67,120823,28.117989294856876
0.05,4297,74,120897,28.128664495114005
0.05,4298,-21,120876,28.117236566643406
0.05,4299,72,120948,28.127441860465115
0.05,4300,82,121030,28.139967449430365
0.05,4301,-194,120836,28.0883310088331
0.05,4302,32,120868,28.089240065070882
0.05,4303,6,120874,28.08410780669145
0.05,4304,34,120908,28.08548199767712
0.05,4305,-40,120868,28.06967022758941
0.05,4306,49,120917,28.074529835152077
0.05,4307,-62,120855,28.053621169916436
0.05,4308,80,120935,28.06567649106521
0.05,4309,10,120945,28.061484918793504
0.05,4310,65,121010,28.07005335189051
0.05,4311,11,121021,28.06609461966605
0.05,4312,76,121097,28.077208439601204
0.05,4313,-361,120736,27.987019007881315
0.05,4314,-2,120734,27.980069524913095
0.05,4315,35,120769,27.981696014828543
0.05,4316,89,120858,27.99583043780403
0.05,4317,-62,120796,27.974988420565076
0.05,4318,9,120805,27.97059504514934
0.05,4319,15,120820,27.96759259259259
0.05,4320,84,120904,27.9805600555427
0.05,4321,-214,120690,27.924571957427116
0.05,4322,-23,120667,27.912792042563034
0.05,4323,60,120727,27.920212765957448
0.05,4324,73,120800,27.930635838150287
0.05,4325,42,120842,27.933888118354137
0.05,4326,91,120933,27.948463138433095
0.05,4327,71,121004,27.95841035120148
0.05,4328,89,121093,27.97251097251097
0.05,4329,90,121183,27.986836027713625
0.05,4330,74,121257,27.997460170861235
0.05,4331,-124,121133,27.9623730378578
0.05,4332,49,121182,27.967228248326794
0.05,4333,-15,121167,27.957314259344717
0.05,4334,92,121259,27.972087658592848
0.05,4335,38,121297,27.97440036900369
0.05,4336,80,121377,27.986396126354624
0.05,4337,78,121455,27.997925311203318
0.05,4338,81,121536,28.01014058538834
0.05,4339,85,121621,28.02327188940092
0.05,4340,62,121683,28.031098825155492
0.05,4341,19,121702,28.02901888530631
0.05,4342,-65,121637,28.007598434262032
0.05,4343,42,121679,28.010819521178636
0.05,4344,34,121713,28.012197928653624
0.05,4345,93,121806,28.027151403589507
0.05,4346,10,121816,28.023004370830456
0.05,4347,-45,121771,28.006209751609937
0.05,4348,-30,121741,27.992871924580363
0.05,4349,83,121824,28.00551724137931
0.05,4350,-139,121685,27.967133992185705
0.05,4351,8,121693,27.96254595588235
0.05,4352,-63,121630,27.94164943716977
0.05,4353,89,121719,27.955672944418925
0.05,4354,73,121792,27.96601607347876
0.05,4355,-64,121728,27.94490358126722
0.05,4356,-71,121657,27.922194170300667
0.05,4357,-54,121603,27.90339605323543
0.05,4358,87,121690,27.91695342968571
0.05,4359,70,121760,27.926605504587155
0.05,4360,42,121802,27.929832607200183
0.05,4361,91,121893,27.944291609353506
0.05,4362,88,121981,27.958056383222555
0.05,4363,92,122073,27.972731439046747
0.05,4364,16,122089,27.969988545246277
0.05,4365,20,122109,27.96816307833257
0.05,4366,16,122125,27.965422486833067
0.05,4367,78,122203,27.97687728937729
0.05,4368,82,122285,27.98924238956283
0.05,4369,-97,122188,27.960640732265446
0.05,4370,83,122271,27.973232669869596
0.05,4371,63,122334,27.98124428179323
0.05,4372,-5,122329,27.973702263892065
0.05,4373,14,122343,27.97050754458162
0.05,4374,-25,122318,27.9584
0.05,4375,63,122381,27.966407678244973
0.05,4376,72,122453,27.976467900388393
0.05,4377,54,122507,27.982412060301506
0.05,4378,19,122526,27.980360812970996
0.05,4379,53,122579,27.98607305936073
0.05,4380,87,122666,27.999543483223007
0.05,4381,90,122756,28.01369237790963
0.05,4382,-272,122484,27.94524298425736
0.05,4383,92,122576,27.95985401459854
0.05,4384,22,122598,27.958494868871153
0.05,4385,68,122666,27.967624259005927
0.05,4386,15,122681,27.96466833827217
0.05,4387,-25,122656,27.95259799453054
0.05,4388,76,122732,27.963545226703122
0.05,4389,-125,122607,27.92870159453303
0.05,4390,90,122697,27.942837622409474
0.05,4391,9,122706,27.938524590163933
0.05,4392,86,122792,27.95174140678352
0.05,4393,87,122879,27.965179790623576
0.05,4394,-66,122813,27.943799772468715
0.05,4395,-144,122669,27.904686078252958
0.05,4396,44,122713,27.908346599954516
0.05,4397,40,122753,27.911095952705775
0.05,4398,23,122776,27.909979540804727
0.05,4399,84,122860,27.922727272727272
0.05,4400,88,122948,27.9363780958873
0.05,4401,34,122982,27.937755565651976
0.05,4402,79,123061,27.949352714058595
0.05,4403,75,123136,27.96003633060854
0.05,4404,70,123206,27.969580022701475
0.05,4405,91,123297,27.983885610531093
0.05,4406,92,123389,27.998411617880645
0.05,4407,92,123481,28.012931034482758
0.05,4408,76,123557,28.023814924019053
0.05,4409,72,123629,28.033786848072562
0.05,4410,-53,123576,28.015416005440944
0.05,4411,88,123664,28.02901178603808
0.05,4412,-121,123543,27.99524133242692
0.05,4413,54,123597,28.0011327594019
0.05,4414,91,123688,28.015402038505098
0.05,4415,77,123765,28.02649456521739
0.05,4416,68,123833,28.03554448720851
0.05,4417,31,123864,28.036215482118607
0.05,4418,94,123958,28.05114279248699
0.05,4419,44,124002,28.05475113122172
0.05,4420,41,124043,28.057679258086406
0.05,4421,90,124133,28.071687019448213
0.05,4422,13,124146,28.06827944833823
0.05,4423,63,124209,28.07617540687161
0.05,4424,-234,123975,28.016949152542374
0.05,4425,-3,123972,28.009941256213285
0.05,4426,41,124013,28.012875536480685
0.05,4427,88,124101,28.026422764227643
0.05,4428,-74,124027,28.003386769022352
0.05,4429,81,124108,28.015349887133183
0.05,4430,84,124192,28.02798465357707
0.05,4431,57,124249,28.03452166064982
0.05,4432,90,124339,28.048499887209566
0.05,4433,9,124348,28.044203879115923
0.05,4434,40,124388,28.046899661781286
0.05,4435,64,124452,28.055004508566277
0.05,4436,-150,124302,28.014874915483436
0.05,4437,5,124307,28.009689049121224
0.05,4438,-39,124268,27.994593376886687
0.05,4439,81,124349,28.006531531531532
0.05,4440,-52,124297,27.98851609997748
0.05,4441,12,124309,27.984916704187302
0.05,4442,52,124361,27.990321854602747
0.05,4443,84,124445,28.002925292529252
0.05,4444,84,124529,28.015523059617546
0.05,4445,91,124620,28.02968960863698
0.05,4446,-33,124587,28.015965819653697
0.05,4447,52,124639,28.021357913669064
0.05,4448,52,124691,28.02674758372668
0.05,4449,82,124773,28.03887640449438
0.05,4450,93,124866,28.05347113008313
0.05,4451,38,124904,28.05570530098832
0.05,4452,87,124991,28.068942286099258
0.05,4453,7,124998,28.064211944319712
0.05,4454,-18,124980,28.053872053872055
0.05,4455,89,125069,28.067549371633753
0.05,4456,78,125147,28.078752524119363
0.05,4457,89,125236,28.092418124719604
0.05,4458,90,125326,28.106301861403903
0.05,4459,25,125351,28.10560538116592
0.05,4460,69,125420,28.11477247253979
0.05,4461,92,125512,28.129090094128195
0.05,4462,-7,125505,28.12121891104638
0.05,4463,95,125600,28.136200716845877
0.05,4464,14,125614,28.13303471444569
0.05,4465,92,125706,28.147335423197493
0.05,4466,71,125777,28.15692858741885
0.05,4467,90,125867,28.170769919427038
0.05,4468,-84,125783,28.145670172298054
0.05,4469,89,125872,28.159284116331097
0.05,4470,93,125965,28.173786624916126
0.05,4471,89,126054,28.187388193202146
0.05,4472,83,126137,28.199642298233847
0.05,4473,86,126223,28.21256146624944
0.05,4474,94,126317,28.2272625698324
0.05,4475,40,126357,28.2298927613941
0.05,4476,-90,126267,28.20348447621175
0.05,4477,75,126342,28.213934792318
0.05,4478,-32,126310,28.200491181067203
0.05,4479,-151,126159,28.16049107142857
0.05,4480,6,126165,28.15554563713457
0.05,4481,73,126238,28.165551093261936
0.05,4482,89,126327,28.179121124247157
0.05,4483,18,126345,28.17685102586976
0.05,4484,35,126380,28.178372352285397
0.05,4485,26,126406,28.177886758805172
0.05,4486,66,126472,28.186316024069534
0.05,4487,-82,126390,28.16176470588235
0.05,4488,90,126480,28.175540209400758
0.05,4489,74,126554,28.18574610244989
0.05,4490,-26,126528,28.17368069472278
0.05,4491,11,126539,28.169857524487977
0.05,4492,66,126605,28.178277320275985
0.05,4493,84,126689,28.190698709390297
0.05,4494,-233,126456,28.132591768631812
0.05,4495,20,126476,28.130782918149468
0.05,4496,-187,126289,28.08294418501223
0.05,4497,87,126376,28.09604268563806
0.05,4498,79,126455,28.107357190486773
0.05,4499,36,126491,28.109111111111112
0.05,4500,-12,126479,28.10019995556543
0.05,4501,94,126573,28.114837849844513
0.05,4502,93,126666,28.129247168554297
0.05,4503,-62,126604,28.10923623445826
0.05,4504,82,126686,28.121198668146505
0.05,4505,75,126761,28.131602308033735
0.05,4506,92,126853,28.14577324162414
0.05,4507,-308,126545,28.071206743566993
0.05,4508,63,126608,28.07895320470171
0.05,4509,89,126697,28.092461197339247
0.05,4510,28,126725,28.092440700509865
0.05,4511,81,126806,28.104166666666668
0.05,4512,27,126833,28.10392200310215
0.05,4513,95,126928,28.118741692512184
0.05,4514,31,126959,28.11937984496124
0.05,4515,-20,126939,28.108724534986713
0.05,4516,7,126946,28.104051361523133
0.05,4517,77,127023,28.114873837981406
0.05,4518,80,127103,28.126355388360256
0.05,4519,67,127170,28.134955752212388
0.05,4520,74,127244,28.145100641451005
0.05,4521,77,127321,28.15590446704998
0.05,4522,84,127405,28.168251160734027
0.05,4523,-90,127315,28.142130857648098
0.05,4524,67,127382,28.1507182320442
0.05,4525,-103,127279,28.12174105170128
0.05,4526,79,127358,28.132979898387454
0.05,4527,84,127442,28.145318021201412
0.05,4528,4,127446,28.139986752042393
0.05,4529,-35,127411,28.126048565121412
0.05,4530,-17,127394,28.116089163540057
0.05,4531,93,127487,28.130406001765223
0.05,4532,69,127556,28.13942201632473
0.05,4533,74,127630,28.149536832818704
0.05,4534,0,127630,28.143329658213894
0.05,4535,77,127707,28.15410052910053
0.05,4536,87,127794,28.167070751597972
0.05,4537,-3,127791,28.16020273248127
0.05,4538,60,127851,28.167217448777265
0.05,4539,53,127904,28.172687224669602
0.05,4540,90,127994,28.186302576524994
0.05,4541,59,128053,28.193086745926905
0.05,4542,76,128129,28.203609949372662
0.05,4543,43,128172,28.2068661971831
0.05,4544,58,128230,28.213421342134215
0.05,4545,-19,128211,28.20303563572371
0.05,4546,-3,128208,28.196173301077632
0.05,4547,17,128225,28.193711521547932
0.05,4548,94,128319,28.208177621455263
0.05,4549,77,128396,28.2189010989011
0.05,4550,-134,128262,28.183256427158867
0.05,4551,93,128355,28.19749560632689
0.05,4552,16,128371,28.194816604436635
0.05,4553,-25,128346,28.183135704874836
0.05,4554,2,128348,28.177387486278814
0.05,4555,67,128415,28.185908691834943
0.05,4556,-193,128222,28.137371077463243
0.05,4557,63,128285,28.145019745502413
0.05,4558,44,128329,28.148497477517
0.05,4559,75,128404,28.15877192982456
0.05,4560,56,128460,28.16487612365709
0.05,4561,-240,128220,28.106093818500657
0.05,4562,94,128314,28.12053473591935
0.05,4563,-32,128282,28.107361963190183
0.05,4564,51,128333,28.11237677984666
0.05,4565,8,128341,28.10797196671047
0.05,4566,70,128411,28.117144733961023
0.05,4567,-149,128262,28.078371278458842
0.05,4568,79,128341,28.089516305537316
0.05,4569,-1,128340,28.083150984682714
0.05,4570,-7,128333,28.075475825858675
0.05,4571,56,128389,28.081583552055992
0.05,4572,74,128463,28.091624753990814
0.05,4573,64,128527,28.09947529514648
0.05,4574,66,128593,28.10775956284153
0.05,4575,84,128677,28.119973776223777
0.05,4576,85,128762,28.13240113611536
0.05,4577,9,128771,28.128221930974224
0.05,4578,8,128779,28.123826162917666
0.05,4579,46,128825,28.12772925764192
0.05,4580,87,128912,28.140580659244705
0.05,4581,88,129000,28.153644696639024
0.05,4582,74,129074,28.163648265328387
0.05,4583,85,129159,28.176047120418847
0.05,4584,84,129243,28.188222464558343
0.05,4585,81,129324,28.199738334060182
0.05,4586,62,129386,28.207107041639414
0.05,4587,76,129462,28.21752397558849
0.05,4588,93,129555,28.231640880366093
0.05,4589,90,129645,28.245098039215687
0.05,4590,91,129736,28.25876715312568
0.05,4591,4,129740,28.25348432055749
0.05,4592,5,129745,28.24842151099499
0.05,4593,10,129755,28.244449281671745
0.05,4594,86,129841,28.257018498367792
0.05,4595,-39,129802,28.242384682332464
0.05,4596,-61,129741,28.22297150315423
0.05,4597,84,129825,28.235102218355806
0.05,4598,77,129902,28.24570558817134
0.05,4599,27,129929,28.245434782608697
0.05,4600,90,130019,28.258856770267332
0.05,4601,91,130110,28.272490221642762
0.05,4602,36,130146,28.274169020204216
0.05,4603,55,130201,28.279973935708078
0.05,4604,10,130211,28.27600434310532
0.05,4605,62,130273,28.283326096396006
0.05,4606,-131,130142,28.2487518992837
0.05,4607,-44,130098,28.233072916666668
0.05,4608,-41,130057,28.21805163809937
0.05,4609,77,130134,28.228633405639915
0.05,4610,83,130217,28.240511819561917
0.05,4611,90,130307,28.253902862098872
0.05,4612,49,130356,28.258400173422935
0.05,4613,60,130416,28.265279583875163
0.05,4614,91,130507,28.27887323943662
0.05,4615,-98,130409,28.251516464471404
0.05,4616,60,130469,28.258392895819796
0.05,4617,56,130525,28.264400173235167
0.05,4618,74,130599,28.27430179692574
0.05,4619,22,130621,28.272943722943722
0.05,4620,72,130693,28.282406405539927
0.05,4621,78,130771,28.293163132842924
0.05,4622,19,130790,28.29115293099719
0.05,4623,-65,130725,28.270977508650518
0.05,4624,64,130789,28.278702702702702
0.05,4625,-332,130457,28.200821444012107
0.05,4626,60,130517,28.20769397017506
0.05,4627,-31,130486,28.194900605012965
0.05,4628,-176,130310,28.150788507236985
0.05,4629,83,130393,28.162634989200864
0.05,4630,68,130461,28.171237313755128
0.05,4631,85,130546,28.18350604490501
0.05,4632,-17,130529,28.17375350744658
0.05,4633,-202,130327,28.12408286577471
0.05,4634,40,130367,28.126645091693636
0.05,4635,49,130416,28.131147540983605
0.05,4636,85,130501,28.143411688591762
0.05,4637,94,130595,28.15761103924105
0.05,4638,9,130604,28.15348135374003
0.05,4639,60,130664,28.160344827586208
0.05,4640,90,130754,28.173669467787114
0.05,4641,-18,130736,28.16372253339078
0.05,4642,89,130825,28.176825328451432
0.05,4643,20,130845,28.175064599483203
0.05,4644,-23,130822,28.16404736275565
0.05,4645,42,130864,28.167025398191992
0.05,4646,-5,130859,28.159888099849365
0.05,4647,82,130941,28.171471600688466
0.05,4648,-182,130759,28.126263712626372
0.05,4649,-1,130758,28.12
0.05,4650,84,130842,28.13201462051172
0.05,4651,-21,130821,28.121453138435083
0.05,4652,27,130848,28.12121212121212
0.05,4653,-186,130662,28.075204125483456
0.05,4654,89,130751,28.08829215896885
0.05,4655,84,130835,28.100300687285223
0.05,4656,-269,130566,28.036504187245008
0.05,4657,-67,130499,28.016101331043366
0.05,4658,-136,130363,27.98089718823782
0.05,4659,27,130390,27.98068669527897
0.05,4660,73,130463,27.99034541943789
0.05,4661,89,130552,28.003432003432003
0.05,4662,88,130640,28.016298520265924
0.05,4663,34,130674,28.017581475128644
0.05,4664,-50,130624,28.00085744908896
0.05,4665,87,130711,28.013501928846978
0.05,4666,54,130765,28.019070066423826
0.05,4667,-16,130749,28.009640102827763
0.05,4668,-72,130677,27.988220175626473
0.05,4669,27,130704,27.988008565310494
0.05,4670,-16,130688,27.978591308071078
0.05,4671,13,130701,27.975385273972602
0.05,4672,84,130785,27.987374277765888
0.05,4673,91,130876,28.000855798031665
0.05,4674,74,130950,28.010695187165776
0.05,4675,70,131020,28.019674935842602
0.05,4676,-234,130786,27.96365191361984
0.05,4677,90,130876,27.976913210773834
0.05,4678,-12,130864,27.968369309681556
0.05,4679,26,130890,27.96794871794872
0.05,4680,63,130953,27.975432599871823
0.05,4681,65,131018,27.98334045279795
0.05,4682,86,131104,27.995729233397395
0.05,4683,-28,131076,27.983774551665242
0.05,4684,9,131085,27.979722518676628
0.05,4685,18,131103,27.977592829705507
0.05,4686,-64,131039,27.95796885001067
0.05,4687,29,131068,27.958191126279864
0.05,4688,95,131163,27.972488803582852
0.05,4689,-97,131066,27.94584221748401
0.05,4690,-22,131044,27.93519505435941
0.05,4691,90,131134,27.94842284739983
0.05,4692,51,131185,27.95333475388877
0.05,4693,54,131239,27.95888368129527
0.05,4694,68,131307,27.967412140575078
0.05,4695,84,131391,27.97934412265758
0.05,4696,70,131461,27.988290398126463
0.05,4697,90,131551,28.00148999574287
0.05,4698,93,131644,28.015322409023195
0.05,4699,66,131710,28.02340425531915
0.05,4700,78,131788,28.034035311635822
0.05,4701,-117,131671,28.003190131858783
0.05,4702,31,131702,28.003827344248354
0.05,4703,62,131764,28.01105442176871
0.05,4704,-15,131749,28.001912858660997
0.05,4705,-11,131738,27.993625159371017
0.05,4706,94,131832,28.007648183556405
0.05,4707,76,131908,28.017841971113
0.05,4708,81,131989,28.02909322573795
0.05,4709,91,132080,28.042462845010615
0.05,4710,-4,132076,28.035661218424963
0.05,4711,21,132097,28.03416808149406
0.05,4712,34,132131,28.03543390621685
0.05,4713,85,132216,28.047518031395843
0.05,4714,90,132306,28.06065747613998
0.05,4715,-131,132175,28.026929601357082
0.05,4716,0,132175,28.020987916048337
0.05,4717,90,132265,28.034124629080118
0.05,4718,90,132355,28.0472557745285
0.05,4719,31,132386,28.047881355932205
0.05,4720,83,132469,28.05952128786274
0.05,4721,91,132560,28.072850487081745
0.05,4722,48,132608,28.07706965911497
0.05,4723,83,132691,28.088696020321763
0.05,4724,93,132784,28.102433862433863
0.05,4725,-112,132672,28.072788827761322
0.05,4726,81,132753,28.083985614554685
0.05,4727,88,132841,28.09665820642978
0.05,4728,13,132854,28.093465849016706
0.05,4729,57,132911,28.099577167019028
0.05,4730,81,132992,28.110758824772777
0.05,4731,84,133076,28.122569737954354
0.05,4732,92,133168,28.13606592013522
0.05,4733,89,133257,28.1489226869455
0.05,4734,90,133347,28.161985216473074
0.05,4735,88,133435,28.17461993243243
0.05,4736,69,133504,28.183238336499894
0.05,4737,42,133546,28.18615449556775
0.05,4738,91,133637,28.199409158050223
0.05,4739,86,133723,28.211603375527424
0.05,4740,-54,133669,28.194262813752374
0.05,4741,94,133763,28.208140025305777
0.05,4742,93,133856,28.221800548176258
0.05,4743,79,133935,28.232504215851602
0.05,4744,8,133943,28.228240252897788
0.05,4745,-84,133859,28.204593341761484
0.05,4746,54,133913,28.210027385717297
0.05,4747,93,134006,28.22367312552654
0.05,4748,2,134008,28.218151189724153
0.05,4749,93,134101,28.23178947368421
0.05,4750,85,134186,28.243738160387288
0.05,4751,-3,134183,28.2371632996633
0.05,4752,86,134269,28.249316221333896
0.05,4753,92,134361,28.26272612536811
0.05,4754,84,134445,28.274447949526813
0.05,4755,60,134505,28.28111858704794
0.05,4756,25,134530,28.280428841706957
0.05,4757,36,134566,28.28205128205128
0.05,4758,63,134629,28.289346501365834
0.05,4759,-244,134385,28.232142857142858
0.05,4760,-24,134361,28.22117202268431
0.05,4761,93,134454,28.234775304493912
0.05,4762,79,134533,28.245433550283433
0.05,4763,80,134613,28.256297229219143
0.05,4764,60,134673,28.26295907660021
0.05,4765,92,134765,28.27633235417541
0.05,4766,67,134832,28.284455632473254
0.05,4767,-54,134778,28.26719798657718
0.05,4768,88,134866,28.279723212413504
0.05,4769,4,134870,28.27463312368973
0.05,4770,-158,134712,28.235590023055963
0.05,4771,-79,134633,28.21311818943839
0.05,4772,92,134725,28.22648229624974
0.05,4773,-88,134637,28.202136573104315
0.05,4774,-46,134591,28.186596858638744
0.05,4775,13,134604,28.183417085427134
0.05,4776,-123,134481,28.151768892610423
0.05,4777,94,134575,28.16555043951444
0.05,4778,-100,134475,28.138731952291273
0.05,4779,84,134559,28.15041841004184
0.05,4780,22,134581,28.149131980757165
0.05,4781,19,134600,28.147218736930153
0.05,4782,-18,134582,28.13757056240853
0.05,4783,-6,134576,28.130434782608695
0.05,4784,-60,134516,28.11201671891327
0.05,4785,91,134607,28.125156707062263
0.05,4786,76,134683,28.13515771882181
0.05,4787,-87,134596,28.11111111111111
0.05,4788,57,134653,28.117143453748174
0.05,4789,-224,134429,28.064509394572024
0.05,4790,-22,134407,28.054059695261948
0.05,4791,6,134413,28.049457429048413
0.05,4792,73,134486,28.058835802211558
0.05,4793,63,134549,28.066124322069253
0.05,4794,-46,134503,28.05067778936392
0.05,4795,88,134591,28.063177648040032
0.05,4796,87,134678,28.075463831561393
0.05,4797,66,134744,28.083368070029177
0.05,4798,-23,134721,28.07272348405918
0.05,4799,-25,134696,28.061666666666667
0.05,4800,67,134763,28.06977712976463
0.05,4801,49,134812,28.074135776759682
0.05,4802,16,134828,28.071621902977306
0.05,4803,64,134892,28.07910074937552
0.05,4804,62,134954,28.086160249739855
0.05,4805,-59,134895,28.06803995006242
0.05,4806,81,134976,28.07905138339921
0.05,4807,61,135037,28.08589850249584
0.05,4808,23,135060,28.08484092326887
0.05,4809,-56,135004,28.067359667359668
0.05,4810,-67,134937,28.04759925171482
0.05,4811,91,135028,28.060681629260184
0.05,4812,93,135121,28.074174111780593
0.05,4813,60,135181,28.080805982550892
0.05,4814,59,135240,28.08722741433022
0.05,4815,-1,135239,28.081187707641195
0.05,4816,94,135333,28.09487232717459
0.05,4817,2,135335,28.089456205894564
0.05,4818,75,135410,28.09919070346545
0.05,4819,49,135459,28.103526970954356
0.05,4820,92,135551,28.11678075088156
0.05,4821,91,135642,28.129821650767315
0.05,4822,38,135680,28.13186813186813
0.05,4823,-35,135645,28.118781094527364
0.05,4824,86,135731,28.13077720207254
0.05,4825,87,135818,28.142975549108993
0.05,4826,36,135854,28.14460327325461
0.05,4827,-8,135846,28.137116818558408
0.05,4828,72,135918,28.146200041416442
0.05,4829,33,135951,28.1472049689441
0.05,4830,4,135955,28.142206582488097
0.05,4831,75,136030,28.151903973509935
0.05,4832,90,136120,28.164701013863024
0.05,4833,47,136167,28.168597434836574
0.05,4834,-106,136061,28.14084798345398
0.05,4835,-107,135954,28.112903225806452
0.05,4836,46,136000,28.116601199090343
0.05,4837,81,136081,28.127532038032246
0.05,4838,74,136155,28.137011779293243
0.05,4839,83,136238,28.148347107438017
0.05,4840,81,136319,28.15926461474902
0.05,4841,-23,136296,28.148698884758364
0.05,4842,-3,136293,28.142267189758414
0.05,4843,85,136378,28.15400495458299
0.05,4844,65,136443,28.16160990712074
0.05,4845,-14,136429,28.15290961617829
0.05,4846,63,136492,28.160099030328038
0.05,4847,88,136580,28.172442244224424
0.05,4848,-73,136507,28.151577644875232
0.05,4849,89,136596,28.164123711340206
0.05,4850,82,136678,28.175221603793034
0.05,4851,-153,136525,28.1378812860676
0.05,4852,-223,136302,28.086132289305585
0.05,4853,60,136362,28.092707045735477
0.05,4854,82,136444,28.103810504634396
0.05,4855,93,136537,28.11717462932455
0.05,4856,-175,136362,28.07535515750463
0.05,4857,-16,136346,28.06628242074928
0.05,4858,35,136381,28.06770940522741
0.05,4859,91,136472,28.08065843621399
0.05,4860,-152,136320,28.04361242542687
0.05,4861,-21,136299,28.03352529823118
0.05,4862,73,136372,28.042771951470286
0.05,4863,78,136450,28.053042763157894
0.05,4864,85,136535,28.06474820143885
0.05,4865,-31,136504,28.052609946568023
0.05,4866,94,136598,28.066159852064928
0.05,4867,29,136627,28.066351684470007
0.05,4868,36,136663,28.06798110494968
0.05,4869,87,136750,28.080082135523615
0.05,4870,91,136841,28.09299938411004
0.05,4871,51,136892,28.097701149425287
0.05,4872,27,136919,28.097475887543606
0.05,4873,87,137006,28.10956093557653
0.05,4874,85,137091,28.12123076923077
0.05,4875,-152,136939,28.084290401968826
0.05,4876,60,136999,28.090834529423827
0.05,4877,81,137080,28.10168101681017
0.05,4878,86,137166,28.113547858167657
0.05,4879,48,137214,28.117622950819673
0.05,4880,-81,137133,28.095267363245238
0.05,4881,-7,137126,28.088078656288406
0.05,4882,90,137216,28.100757730903133
0.05,4883,-151,137065,28.064086814086814
0.05,4884,90,137155,28.076765609007165
0.05,4885,50,137205,28.081252558329922
0.05,4886,79,137284,28.091671782279516
0.05,4887,36,137320,28.09328968903437
0.05,4888,-23,137297,28.082839026385763
0.05,4889,90,137387,28.095501022494886
0.05,4890,8,137395,28.091392353301984
0.05,4891,-114,137281,28.062346688470974
0.05,4892,-12,137269,28.054159002656856
0.05,4893,45,137314,28.057621577441765
0.05,4894,79,137393,28.06802860061287
0.05,4895,-58,137335,28.05044934640523
0.05,4896,77,137412,28.06044517051256
0.05,4897,88,137500,28.072682727643937
0.05,4898,88,137588,28.084915288834456
0.05,4899,80,137668,28.095510204081634
0.05,4900,18,137686,28.093450316261986
0.05,4901,62,137748,28.100367197062422
0.05,4902,21,137769,28.098919029165817
0.05,4903,68,137837,28.107055464926592
0.05,4904,11,137848,28.103567787971457
0.05,4905,88,137936,28.11577660008153
0.05,4906,74,138010,28.1251273690646
0.05,4907,86,138096,28.13691931540342
0.05,4908,92,138188,28.149928702383377
0.05,4909,89,138277,28.16232179226069
0.05,4910,14,138291,28.15943799633476
0.05,4911,44,138335,28.162662866449512
0.05,4912,70,138405,28.171178506004477
0.05,4913,21,138426,28.16971916971917
0.05,4914,37,138463,28.171515768056967
0.05,4915,86,138549,28.183279088689993
0.05,4916,-43,138506,28.16880211511084
0.05,4917,13,138519,28.16571777145181
0.05,4918,-95,138424,28.140678999796705
0.05,4919,86,138510,28.152439024390244
0.05,4920,82,138592,28.16338142653932
0.05,4921,57,138649,28.169240146282
0.05,4922,46,138695,28.172862075969938
0.05,4923,24,138719,28.172014622258327
0.05,4924,75,138794,28.181522842639595
0.05,4925,-1,138793,28.17559886317499
0.05,4926,75,138868,28.185102496448142
0.05,4927,-49,138819,28.169439935064936
0.05,4928,88,138907,28.181578413471293
0.05,4929,-39,138868,28.167951318458417
0.05,4930,-21,138847,28.157980125735143
0.05,4931,76,138923,28.167680454176804
0.05,4932,64,138987,28.174944252990066
0.05,4933,69,139056,28.18321848398865
0.05,4934,50,139106,28.187639311043565
0.05,4935,86,139192,28.19935170178282
0.05,4936,-56,139136,28.182296941462425
0.05,4937,83,139219,28.193398136897528
0.05,4938,91,139310,28.206114598096782
0.05,4939,-1,139309,28.200202429149797
0.05,4940,87,139396,28.21210281319571
0.05,4941,91,139487,28.22480777013355
0.05,4942,68,139555,28.23285454177625
0.05,4943,-190,139365,28.18871359223301
0.05,4944,93,139458,28.201820020222446
0.05,4945,92,139550,28.214718964820058
0.05,4946,-93,139457,28.190216292702647
0.05,4947,92,139549,28.203112368633793
0.05,4948,94,139643,28.216407355021218
0.05,4949,70,139713,28.224848484848486
0.05,4950,49,139762,28.22904463744698
0.05,4951,82,139844,28.239903069466884
0.05,4952,1,139845,28.234403391883706
0.05,4953,74,139919,28.243641501816715
0.05,4954,69,139988,28.251866801210898
0.05,4955,91,140079,28.26452784503632
0.05,4956,-116,139963,28.23542465200726
0.05,4957,52,140015,28.240217829770067
0.05,4958,82,140097,28.25105868118572
0.05,4959,46,140143,28.254637096774193
0.05,4960,76,140219,28.2642612376537
0.05,4961,-64,140155,28.245667069729947
0.05,4962,1,140156,28.240177312109612
0.05,4963,-54,140102,28.22360999194198
0.05,4964,-90,140012,28.199798590130918
0.05,4965,-192,139820,28.15545710833669
0.05,4966,54,139874,28.16066035836521
0.05,4967,94,139968,28.17391304347826
0.05,4968,23,139991,28.17287180519219
0.05,4969,41,140032,28.175452716297787
0.05,4970,-44,139988,28.16093341380004
0.05,4971,54,140042,28.166130329847142
0.05,4972,86,140128,28.177759903478787
0.05,4973,43,140171,28.18073984720547
0.05,4974,8,140179,28.176683417085428
0.05,4975,29,140208,28.176848874598072
0.05,4976,80,140288,28.187261402451277
0.05,4977,29,140317,28.18742466854158
0.05,4978,84,140401,28.198634263908417
0.05,4979,95,140496,28.212048192771086
0.05,4980,83,140579,28.223047580807066
0.05,4981,4,140583,28.21818546768366
0.05,4982,-84,140499,28.195665261890426
0.05,4983,80,140579,28.206059390048154
0.05,4984,46,140625,28.20962888665998
0.05,4985,41,140666,28.212194143602087
0.05,4986,94,140760,28.225386003609383
0.05,4987,-27,140733,28.214314354450682
0.05,4988,77,140810,28.224093004610143
0.05,4989,63,140873,28.231062124248496
0.05,4990,85,140958,28.24243638549389
0.05,4991,-40,140918,28.228766025641026
0.05,4992,-204,140714,28.18225515722011
0.05,4993,38,140752,28.184221065278333
0.05,4994,-77,140675,28.163163163163162
0.05,4995,91,140766,28.17574059247398
0.05,4996,68,140834,28.18371022613568
0.05,4997,74,140908,28.192877150860344
0.05,4998,90,140998,28.205241048209643
0.05,4999,-72,140926,28.1852
0.05,5000,-40,140886,28.17156568686263
0.05,5001,85,140971,28.182926829268293
0.05,5002,49,141020,28.18708774735159
0.05,5003,21,141041,28.185651478816947
0.05,5004,94,141135,28.1988011988012
0.05,5005,-11,141124,28.190970834998
0.05,5006,75,141199,28.200319552626322
0.05,5007,-121,141078,28.17052715654952
0.05,5008,43,141121,28.17348772210022
0.05,5009,79,141200,28.18363273453094
0.05,5010,-137,141063,28.15066852923568
0.05,5011,92,141155,28.16340782122905
0.05,5012,49,141204,28.16756433273489
0.05,5013,-7,141197,28.160550458715598
0.05,5014,-72,141125,28.140578265204386
0.05,5015,-59,141066,28.123205741626794
0.05,5016,90,141156,28.135539166832768
0.05,5017,87,141243,28.147269828616977
0.05,5018,85,141328,28.158597330145447
0.05,5019,27,141355,28.15836653386454
0.05,5020,-104,141251,28.13204540928102
0.05,5021,82,141333,28.142771804062125
0.05,5022,81,141414,28.153294843718893
0.05,5023,-97,141317,28.12838375796178
0.05,5024,86,141403,28.13990049751244
0.05,5025,69,141472,28.148030242737764
0.05,5026,-198,141274,28.103043564750347
0.05,5027,83,141357,28.113961813842483
0.05,5028,83,141440,28.124875720819247
0.05,5029,11,141451,28.121471172962227
0.05,5030,53,141504,28.126416219439474
0.05,5031,-20,141484,28.116852146263913
0.05,5032,59,141543,28.122988277369362
0.05,5033,89,141632,28.13508144616607
0.05,5034,41,141673,28.137636544190666
0.05,5035,44,141717,28.14078633836378
0.05,5036,69,141786,28.148898153662895
0.05,5037,-211,141575,28.101429138547044
0.05,5038,93,141668,28.114308394522723
0.05,5039,62,141730,28.121031746031747
0.05,5040,73,141803,28.129934536798256
0.05,5041,-290,141513,28.06683855612852
0.05,5042,65,141578,28.074162205036686
0.05,5043,10,141588,28.07057890563045
0.05,5044,-22,141566,28.06065411298315
0.05,5045,24,141590,28.059849385652
0.05,5046,42,141632,28.06261145234793
0.05,5047,69,141701,28.070721077654518
0.05,5048,-57,141644,28.053872053872055
0.05,5049,-40,141604,28.04039603960396
0.05,5050,2,141606,28.03524054642645
0.05,5051,84,141690,28.046318289786225
0.05,5052,-14,141676,28.037997229368692
0.05,5053,-89,141587,28.014839730906214
0.05,5054,88,141675,28.026706231454007
0.05,5055,91,141766,28.039161392405063
0.05,5056,33,141799,28.0401423769033
0.05,5057,94,141893,28.05318307631475
0.05,5058,-33,141860,28.041114844830993
0.05,5059,40,141900,28.043478260869566
0.05,5060,-27,141873,28.032602252519265
0.05,5061,94,141967,28.04563413670486
0.05,5062,7,141974,28.041477384949633
0.05,5063,-177,141797,28.00098736176935
0.05,5064,-162,141635,27.963474827245804
0.05,5065,-4,141631,27.95716541650217
0.05,5066,87,141718,27.968817840931518
0.05,5067,-102,141616,27.943172849250196
0.05,5068,86,141702,27.95462615900572
0.05,5069,39,141741,27.95680473372781
0.05,5070,93,141834,27.969631236442517
0.05,5071,-14,141820,27.96135646687697
0.05,5072,-2,141818,27.95545042381234
0.05,5073,-158,141660,27.91880173433189
0.05,5074,89,141749,27.930837438423644
0.05,5075,-99,141650,27.90583136327817
0.05,5076,65,141715,27.913137679732124
0.05,5077,41,141756,27.9157148483655
0.05,5078,90,141846,27.92793857058476
0.05,5079,-82,141764,27.906299212598427
0.05,5080,-184,141580,27.86459358394017
0.05,5081,88,141668,27.876426603699333
0.05,5082,92,141760,27.889041904387174
0.05,5083,51,141811,27.893587726199844
0.05,5084,69,141880,27.901671583087513
0.05,5085,-30,141850,27.89028706252458
0.05,5086,36,141886,27.891881265972085
0.05,5087,-58,141828,27.875
0.05,5088,2,141830,27.869915504028295
0.05,5089,90,141920,27.88212180746562
0.05,5090,66,141986,27.889609114122962
0.05,5091,43,142029,27.892576590730556
0.05,5092,-20,142009,27.883172982525036
0.05,5093,87,142096,27.894778170396545
0.05,5094,74,142170,27.903827281648674
0.05,5095,94,142264,27.91679748822606
0.05,5096,60,142324,27.923092014910733
0.05,5097,60,142384,27.929384072185172
0.05,5098,-23,142361,27.919395959992155
0.05,5099,-51,142310,27.90392156862745
0.05,5100,16,142326,27.901587923936482
0.05,5101,83,142409,27.91238729909839
0.05,5102,-41,142368,27.898883009994123
0.05,5103,-162,142206,27.86167711598746
0.05,5104,-158,142048,27.825269343780608
0.05,5105,90,142138,27.83744614179397
0.05,5106,93,142231,27.85020560015665
0.05,5107,92,142323,27.86276429130775
0.05,5108,20,142343,27.861225288706205
0.05,5109,49,142392,27.86536203522505
0.05,5110,42,142434,27.86812756799061
0.05,5111,-133,142301,27.836658841940533
0.05,5112,57,142358,27.842362605124194
0.05,5113,25,142383,27.841806804849433
0.05,5114,84,142467,27.852785923753665
0.05,5115,87,142554,27.864347146207976
0.05,5116,78,142632,27.874145006839946
0.05,5117,92,142724,27.886674482219618
0.05,5118,-4,142720,27.88044539949209
0.05,5119,-18,142702,27.871484375
0.05,5120,61,142763,27.877953524702207
0.05,5121,-16,142747,27.869386958219444
0.05,5122,94,142841,27.882295529962914
0.05,5123,67,142908,27.88992974238876
0.05,5124,93,143001,27.902634146341462
0.05,5125,-16,142985,27.89406944986344
0.05,5126,-53,142932,27.87829139847864
0.05,5127,17,142949,27.87617004680187
0.05,5128,88,143037,27.887892376681613
0.05,5129,-19,143018,27.878752436647172
0.05,5130,6,143024,27.874488403819917
0.05,5131,-114,142910,27.84684333593141
0.05,5132,47,142957,27.850574712643677
0.05,5133,-64,142893,27.832684067004283
0.05,5134,94,142987,27.845569620253166
0.05,5135,-49,142938,27.830607476635514
0.05,5136,-323,142615,27.762312633832977
0.05,5137,83,142698,27.773063448812767
0.05,5138,51,142749,27.777583187390544
0.05,5139,83,142832,27.788326848249028
0.05,5140,-100,142732,27.76347014199572
0.05,5141,-58,142674,27.74679113185531
0.05,5142,84,142758,27.757728951973558
0.05,5143,-81,142677,27.73658631415241
0.05,5144,90,142767,27.74868804664723
0.05,5145,-40,142727,27.735522736105715
0.05,5146,78,142805,27.74528851758306
0.05,5147,-14,142791,27.737179487179485
0.05,5148,87,142878,27.748689065838025
0.05,5149,22,142900,27.74757281553398
0.05,5150,79,142979,27.75752281110464
0.05,5151,93,143072,27.770186335403725
0.05,5152,71,143143,27.778575587036677
0.05,5153,74,143217,27.78754365541327
0.05,5154,73,143290,27.79631425800194
0.05,5155,-9,143281,27.789177657098527
0.05,5156,74,143355,27.798138452588713
0.05,5157,94,143449,27.81097324544397
0.05,5158,16,143465,27.80868385345997
0.05,5159,-36,143429,27.796317829457365
0.05,5160,78,143507,27.806045340050378
0.05,5161,88,143595,27.817706315381635
0.05,5162,86,143681,27.82897540189812
0.05,5163,67,143748,27.836560805577072
0.05,5164,-21,143727,27.827105517909004
0.05,5165,80,143807,27.837204800619435
0.05,5166,62,143869,27.843816527965938
0.05,5167,6,143875,27.839589783281735
0.05,5168,94,143969,27.852389243567423
0.05,5169,91,144060,27.86460348162476
0.05,5170,90,144150,27.876619609359892
0.05,5171,-246,143904,27.82366589327146
0.05,5172,-2,143902,27.8179006379277
0.05,5173,12,143914,27.814843448009277
0.05,5174,-104,143810,27.78937198067633
0.05,5175,15,143825,27.78690108191654
0.05,5176,90,143915,27.798918292447365
0.05,5177,-23,143892,27.789107763615295
0.05,5178,9,143901,27.78547982235953
0.05,5179,-25,143876,27.775289575289577
0.05,5180,94,143970,27.788071800810656
0.05,5181,84,144054,27.798919336163642
0.05,5182,-125,143929,27.769438549102837
0.05,5183,48,143977,27.773341049382715
0.05,5184,78,144055,27.783027965284475
0.05,5185,6,144061,27.778827612803703
0.05,5186,-16,144045,27.770387507229614
0.05,5187,75,144120,27.779491133384735
0.05,5188,-44,144076,27.7656581229524
0.05,5189,56,144132,27.771098265895954
0.05,5190,92,144224,27.78347139279522
0.05,5191,-93,144131,27.760208012326657
0.05,5192,-118,144013,27.73213941844791
0.05,5193,61,144074,27.73854447439353
0.05,5194,71,144145,27.74687199230029
0.05,5195,-66,144079,27.7288298691301
0.05,5196,-3,144076,27.722917067538965
0.05,5197,64,144140,27.729896113889957
0.05,5198,55,144195,27.735141373341026
0.05,5199,78,144273,27.744807692307692
0.05,5200,61,144334,27.75120169198231
0.05,5201,69,144403,27.759131103421762
0.05,5202,-23,144380,27.74937536036902
0.05,5203,94,144474,27.762106072252113
0.05,5204,84,144558,27.772910662824206
0.05,5205,39,144597,27.77506723011909
0.05,5206,-208,144389,27.729786825427308
0.05,5207,71,144460,27.738095238095237
0.05,5208,90,144550,27.750047993856786
0.05,5209,91,144641,27.76218809980806
0.05,5210,-146,144495,27.728842832469777
0.05,5211,-27,144468,27.71834228702993
0.05,5212,41,144509,27.720890082486093
0.05,5213,15,144524,27.718450326045264
0.05,5214,9,144533,27.714860977948227
0.05,5215,7,144540,27.710889570552148
0.05,5216,20,144560,27.709411539198772
0.05,5217,28,144588,27.709467228823303
0.05,5218,82,144670,27.71986970684039
0.05,5219,79,144749,27.729693486590037
0.05,5220,-223,144526,27.681670178126797
0.05,5221,46,144572,27.685178092684794
0.05,5222,-72,144500,27.666092284127895
0.05,5223,25,144525,27.665581929555895
0.05,5224,93,144618,27.678086124401915
0.05,5225,8,144626,27.67432070417145
0.05,5226,-139,144487,27.64243351827052
0.05,5227,48,144535,27.646327467482784
0.05,5228,52,144587,27.65098489194875
0.05,5229,60,144647,27.65717017208413
0.05,5230,81,144728,27.667367616134584
0.05,5231,88,144816,27.678899082568808
0.05,5232,-87,144729,27.65698452130709
0.05,5233,69,144798,27.664883454337026
0.05,5234,0,144798,27.659598853868196
0.05,5235,72,144870,27.668067226890756
0.05,5236,56,144926,27.673477181592514
0.05,5237,90,145016,27.68537609774723
0.05,5238,-199,144817,27.642107272380226
0.05,5239,63,144880,27.64885496183206
0.05,5240,-238,144642,27.598168288494563
0.05,5241,53,144695,27.603014116749332
0.05,5242,44,144739,27.60614152202937
0.05,5243,69,144808,27.614035087719298
0.05,5244,23,144831,27.61315538608198
0.05,5245,86,144917,27.62428516965307
0.05,5246,24,144941,27.62359443491519
0.05,5247,73,145014,27.632240853658537
0.05,5248,7,145021,27.62831015431511
0.05,5249,17,145038,27.626285714285714
0.05,5250,40,145078,27.628642163397448
0.05,5251,74,145152,27.637471439451637
0.05,5252,20,145172,27.636017513801637
0.05,5253,74,145246,27.644842025123715
0.05,5254,68,145314,27.652521408182682
0.05,5255,92,145406,27.66476407914764
0.05,5256,60,145466,27.670914970515504
0.05,5257,-87,145379,27.64910612400152
0.05,5258,26,145405,27.648792546111427
0.05,5259,31,145436,27.649429657794677
0.05,5260,19,145455,27.64778559209276
0.05,5261,5,145460,27.64348156594451
0.05,5262,39,145499,27.645639369181076
0.05,5263,34,145533,27.64684650455927
0.05,5264,93,145626,27.659259259259258
0.05,5265,94,145720,27.67185719711356
0.05,5266,-11,145709,27.664514904119994
0.05,5267,87,145796,27.67577828397874
0.05,5268,92,145888,27.687986335167963
0.05,5269,-72,145816,27.66907020872865
0.05,5270,-33,145783,27.657560235249477
0.05,5271,76,145859,27.666729893778452
0.05,5272,88,145947,27.67817181869903
0.05,5273,-15,145932,27.670079635949943
0.05,5274,69,146001,27.677914691943126
0.05,5275,-37,145964,27.66565579984837
0.05,5276,72,146036,27.67405722948645
0.05,5277,80,146116,27.683971201212582
0.05,5278,48,146164,27.687819662814928
0.05,5279,-58,146106,27.67159090909091
0.05,5280,-54,146052,27.656125733762543
0.05,5281,-58,145994,27.639909125331314
0.05,5282,-77,145917,27.620102214650768
0.05,5283,34,145951,27.62130961392884
0.05,5284,39,145990,27.623462630085147
0.05,5285,91,146081,27.635452137722286
0.05,5286,-12,146069,27.627955362209192
0.05,5287,63,146132,27.63464447806354
0.05,5288,-198,145934,27.591983361694083
0.05,5289,91,146025,27.60396975425331
0.05,5290,85,146110,27.614817614817614
0.05,5291,65,146175,27.6218820861678
0.05,5292,72,146247,27.630266389571133
0.05,5293,59,146306,27.636191915375896
0.05,5294,62,146368,27.64268177525968
0.05,5295,92,146460,27.654833836858007
0.05,5296,91,146551,27.666792524070228
0.05,5297,59,146610,27.672706681766705
0.05,5298,-49,146561,27.65823740328364
0.05,5299,-204,146357,27.614528301886793
0.05,5300,78,146435,27.624033201282778
0.05,5301,73,146508,27.632591474915127
0.05,5302,-44,146464,27.619083537620217
0.05,5303,89,146553,27.630656108597286
0.05,5304,84,146637,27.641281809613574
0.05,5305,-6,146631,27.63494157557482
0.05,5306,85,146716,27.64575089504428
0.05,5307,-35,146681,27.63394875659382
0.05,5308,53,146734,27.638726690525523
0.05,5309,-291,146443,27.578719397363464
0.05,5310,86,146529,27.589719450197702
0.05,5311,73,146602,27.598268072289155
0.05,5312,91,146693,27.61020139281009
0.05,5313,69,146762,27.617990214527662
0.05,5314,54,146816,27.622953904045154
0.05,5315,19,146835,27.62133182844244
0.05,5316,79,146914,27.630994921948467
0.05,5317,-296,146618,27.570139150056413
0.05,5318,65,146683,27.577176160932506
0.05,5319,-417,146266,27.49360902255639
0.05,5320,85,146351,27.50441646307085
0.05,5321,58,146409,27.510146561443065
0.05,5322,38,146447,27.51211722712756
0.05,5323,1,146448,27.507137490608564
0.05,5324,74,146522,27.515868544600938
0.05,5325,28,146550,27.515959444235826
0.05,5326,90,146640,27.527689130842877
0.05,5327,20,146660,27.526276276276278
0.05,5328,71,146731,27.534434227810095
0.05,5329,66,146797,27.541651031894933
0.05,5330,12,146809,27.53873569686738
0.05,5331,35,146844,27.54013503375844
0.05,5332,30,146874,27.540596287267956
0.05,5333,46,146920,27.54405699287589
0.05,5334,91,147011,27.555951265229616
0.05,5335,9,147020,27.552473763118442
0.05,5336,78,147098,27.56192617575417
0.05,5337,21,147119,27.560696890221056
0.05,5338,24,147143,27.56002996815883
0.05,5339,-16,147127,27.55187265917603
0.05,5340,53,147180,27.556637333832615
0.05,5341,61,147241,27.56289779108948
0.05,5342,-44,147197,27.54950402395658
0.05,5343,73,147270,27.55800898203593
0.05,5344,92,147362,27.570065481758654
0.05,5345,86,147448,27.58099513655069
0.05,5346,84,147532,27.591546661679445
0.05,5347,88,147620,27.602842183994017
0.05,5348,72,147692,27.611142269583098
0.05,5349,80,147772,27.620934579439254
0.05,5350,78,147850,27.630349467389273
0.05,5351,68,147918,27.637892376681613
0.05,5352,72,147990,27.646179712310854
0.05,5353,70,148060,27.654090399701158
0.05,5354,67,148127,27.661437908496733
0.05,5355,91,148218,27.673263629574308
0.05,5356,71,148289,27.68135150270674
0.05,5357,79,148368,27.690929451287793
0.05,5358,-63,148305,27.67400634446725
0.05,5359,76,148381,27.6830223880597
0.05,5360,83,148464,27.69334079462787
0.05,5361,-16,148448,27.6851920925028
0.05,5362,58,148506,27.69084467648704
0.05,5363,88,148594,27.702087994034304
0.05,5364,94,148688,27.71444547996272
0.05,5365,91,148779,27.726239284383155
0.05,5366,88,148867,27.737469722377494
0.05,5367,10,148877,27.734165424739196
0.05,5368,-68,148809,27.716334512944684
0.05,5369,-1,148808,27.71098696461825
0.05,5370,78,148886,27.72035002792776
0.05,5371,62,148948,27.726731198808636
0.05,5372,77,149025,27.735901730876606
0.05,5373,-33,148992,27.724599925567546
0.05,5374,-53,148939,27.709581395348838
0.05,5375,-6,148933,27.703311011904763
0.05,5376,34,148967,27.704482053189512
0.05,5377,0,148967,27.699330606173298
0.05,5378,69,149036,27.707008737683584
0.05,5379,34,149070,27.70817843866171
0.05,5380,44,149114,27.711206095521277
0.05,5381,-6,149108,27.704942400594575
0.05,5382,71,149179,27.712985324168677
0.05,5383,77,149256,27.7221396731055
0.05,5384,48,149304,27.72590529247911
0.05,5385,32,149336,27.726698848867436
0.05,5386,79,149415,27.736216818266197
0.05,5387,91,149506,27.747958426132147
0.05,5388,68,149574,27.75542772313973
0.05,5389,72,149646,27.763636363636362
0.05,5390,-73,149573,27.744945279168984
0.05,5391,84,149657,27.75537833827893
0.05,5392,90,149747,27.766920081587244
0.05,5393,78,149825,27.776232851316276
0.05,5394,-25,149800,27.766450417052827
0.05,5395,18,149818,27.7646404744255
0.05,5396,-41,149777,27.751899203261072
0.05,5397,61,149838,27.758058540200075
0.05,5398,15,149853,27.755695499166514
0.05,5399,88,149941,27.76685185185185
0.05,5400,92,150033,27.778744676911682
0.05,5401,-167,149866,27.742687893372825
0.05,5402,91,149957,27.75439570608921
0.05,5403,-82,149875,27.734085862324203
0.05,5404,-75,149800,27.715078630897317
0.05,5405,-9,149791,27.708287088420274
0.05,5406,-30,149761,27.697614203809877
0.05,5407,65,149826,27.704511834319526
0.05,5408,36,149862,27.70604547975596
0.05,5409,81,149943,27.715896487985212
0.05,5410,-599,149344,27.600073923489187
0.05,5411,87,149431,27.611049519586103
0.05,5412,52,149483,27.615555145021244
0.05,5413,94,149577,27.62781677133358
0.05,5414,92,149669,27.639704524469067
0.05,5415,85,149754,27.65029542097489
0.05,5416,93,149847,27.66235923943142
0.05,5417,61,149908,27.668512366186786
0.05,5418,89,149997,27.67983022697915
0.05,5419,79,150076,27.68929889298893
0.05,5420,87,150163,27.700239808153476
0.05,5421,87,150250,27.711176687569164
0.05,5422,93,150343,27.72321593214088
0.05,5423,-15,150328,27.71533923303835
0.05,5424,-86,150242,27.69437788018433
0.05,5425,92,150334,27.706229266494656
0.05,5426,-158,150176,27.672010318776486
0.05,5427,31,150207,27.67262343404569
0.05,5428,-46,150161,27.65905323263953
0.05,5429,-142,150019,27.62780847145488
0.05,5430,92,150111,27.639661204198124
0.05,5431,-5,150106,27.633652430044183
0.05,5432,92,150198,27.64549972390944
0.05,5433,63,150261,27.652005888847995
0.05,5434,64,150325,27.65869365225391
0.05,5435,-355,149970,27.58830022075055
0.05,5436,65,150035,27.595181166084238
0.05,5437,35,150070,27.596542846634794
0.05,5438,65,150135,27.603419746276888
0.05,5439,-254,149881,27.551654411764705
0.05,5440,94,149975,27.563866936224958
0.05,5441,34,150009,27.565049614112457
0.05,5442,94,150103,27.57725519015249
0.05,5443,88,150191,27.588354151359294
0.05,5444,82,150273,27.598347107438016
0.05,5445,93,150366,27.610356224752113
0.05,5446,75,150441,27.619056361299798
0.05,5447,15,150456,27.616740088105725
0.05,5448,-57,150399,27.60121123141861
0.05,5449,53,150452,27.605871559633027
0.05,5450,7,150459,27.6020913593836
0.05,5451,54,150513,27.606933235509903
0.05,5452,-46,150467,27.593434806528517
0.05,5453,71,150538,27.601393472680602
0.05,5454,78,150616,27.61063244729606
0.05,5455,92,150708,27.622434017595307
0.05,5456,-7,150701,27.616089426424775
0.05,5457,93,150794,27.628068889703187
0.05,5458,-31,150763,27.617329181168714
0.05,5459,90,150853,27.628754578754577
0.05,5460,-32,150821,27.61783556125252
0.05,5461,-154,150667,27.5845844013182
0.05,5462,56,150723,27.589785831960462
0.05,5463,90,150813,27.601207906295755
0.05,5464,12,150825,27.598353156450138
0.05,5465,78,150903,27.607574094401755
0.05,5466,20,150923,27.606182549844522
0.05,5467,78,151001,27.61539868324799
0.05,5468,-42,150959,27.60266959224721
0.05,5469,54,151013,27.607495429616087
0.05,5470,91,151104,27.619082434655457
0.05,5471,52,151156,27.623538011695906
0.05,5472,29,151185,27.62378951215056
0.05,5473,75,151260,27.63244428206065
0.05,5474,60,151320,27.638356164383563
0.05,5475,41,151361,27.640796201607014
0.05,5476,70,151431,27.648530217272228
0.05,5477,91,151522,27.660094925155168
0.05,5478,-87,151435,27.639167731337835
0.05,5479,73,151508,27.64744525547445
0.05,5480,50,151558,27.651523444626893
0.05,5481,76,151634,27.66034294053265
0.05,5482,19,151653,27.658763450665695
0.05,5483,40,151693,27.661013858497448
0.05,5484,38,151731,27.662898814949862
0.05,5485,89,151820,27.67407947502734
0.05,5486,72,151892,27.68215782759249
0.05,5487,24,151916,27.681486880466473
0.05,5488,36,151952,27.68300236837311
0.05,5489,56,152008,27.68816029143898
0.05,5490,-22,151986,27.67911127299217
0.05,5491,57,152043,27.684450109249816
0.05,5492,2,152045,27.679774258146733
0.05,5493,79,152124,27.68911539861667
0.05,5494,49,152173,27.69299363057325
0.05,5495,46,152219,27.69632459970888
0.05,5496,91,152310,27.707840640349282
0.05,5497,-23,152287,27.698617679156058
0.05,5498,92,152379,27.710310965630114
0.05,5499,-220,152159,27.66527272727273
0.05,5500,87,152246,27.676058898382113
0.05,5501,-98,152148,27.653217011995636
0.05,5502,66,152214,27.660185353443577
0.05,5503,-8,152206,27.653706395348838
0.05,5504,90,152296,27.66503178928247
0.05,5505,85,152381,27.67544496912459
0.05,5506,88,152469,27.68639912838206
0.05,5507,87,152556,27.697167755991284
0.05,5508,52,152608,27.70157923398076
0.05,5509,52,152660,27.705989110707804
0.05,5510,80,152740,27.71547813463981
0.05,5511,-171,152569,27.6794267053701
0.05,5512,-93,152476,27.657536731362235
0.05,5513,39,152515,27.659593761334783
0.05,5514,33,152548,27.660562103354486
0.05,5515,79,152627,27.669869470630893
0.05,5516,88,152715,27.680804785209354
0.05,5517,-169,152546,27.64516129032258
0.05,5518,-182,152364,27.607175212900888
0.05,5519,24,152388,27.606521739130436
0.05,5520,2,152390,27.601883716717985
0.05,5521,89,152479,27.613002535313292
0.05,5522,-69,152410,27.59550968676444
0.05,5523,-10,152400,27.588703837798697
0.05,5524,78,152478,27.597828054298642
0.05,5525,-63,152415,27.5814332247557
0.05,5526,81,152496,27.591098244979193
0.05,5527,30,152526,27.59153400868307
0.05,5528,94,152620,27.60354494483632
0.05,5529,77,152697,27.6124773960217
0.05,5530,89,152786,27.62357620683421
0.05,5531,71,152857,27.631417208966017
0.05,5532,89,152946,27.64250858485451
0.05,5533,52,152998,27.646910010842067
0.05,5534,75,153073,27.65546522131888
0.05,5535,10,153083,27.652276011560694
0.05,5536,82,153165,27.662091385226656
0.05,5537,77,153242,27.671000361141207
0.05,5538,94,153336,27.682975266293553
0.05,5539,88,153424,27.693862815884476
0.05,5540,12,153436,27.691030499909765
0.05,5541,55,153491,27.69595813785637
0.05,5542,-41,153450,27.683564856575863
0.05,5543,-95,153355,27.661435786435785
0.05,5544,69,153424,27.668890892696123
0.05,5545,41,153465,27.671294626758023
0.05,5546,15,153480,27.66901027582477
0.05,5547,-86,153394,27.64852198990627
0.05,5548,-35,153359,27.637231933681743
0.05,5549,93,153452,27.64900900900901
0.05,5550,30,153482,27.649432534678436
0.05,5551,92,153574,27.66102305475504
0.05,5552,2,153576,27.65640194489465
0.05,5553,85,153661,27.66672668347137
0.05,5554,91,153752,27.678127812781277
0.05,5555,-25,153727,27.668646508279338
0.05,5556,68,153795,27.675904264891127
0.05,5557,62,153857,27.682079884850666
0.05,5558,39,153896,27.68411584817413
0.05,5559,85,153981,27.694424460431655
0.05,5560,-111,153870,27.669483905772342
0.05,5561,81,153951,27.679072276159655
0.05,5562,81,154032,27.688657199352868
0.05,5563,42,154074,27.69122933141625
0.05,5564,60,154134,27.697035040431267
0.05,5565,84,154218,27.70715055695293
0.05,5566,69,154287,27.714567989940722
0.05,5567,14,154301,27.71210488505747
0.05,5568,-24,154277,27.702819177590232
0.05,5569,91,154368,27.714183123877916
0.05,5570,47,154415,27.71764494704721
0.05,5571,60,154475,27.72343862167983
0.05,5572,94,154569,27.735331060470124
0.05,5573,89,154658,27.74632221026193
0.05,5574,-85,154573,27.72609865470852
0.05,5575,95,154668,27.73816355810617
0.05,5576,-20,154648,27.72960372960373
0.05,5577,39,154687,27.731624238078165
0.05,5578,-6,154681,27.725578060584333
0.05,5579,81,154762,27.735125448028676
0.05,5580,-53,154709,27.720659380039418
0.05,5581,56,154765,27.72572554639914
0.05,5582,62,154827,27.731864588930684
0.05,5583,94,154921,27.743732091690543
0.05,5584,46,154967,27.747000895255148
0.05,5585,79,155046,27.756176154672396
0.05,5586,-48,154998,27.742616788974406
0.05,5587,52,155050,27.746957766642804
0.05,5588,60,155110,27.752728573984612
0.05,5589,36,155146,27.754203935599286
0.05,5590,52,155198,27.7585405115364
0.05,5591,34,155232,27.759656652360515
0.05,5592,39,155271,27.76166636867513
0.05,5593,-60,155211,27.74597783339292
0.05,5594,87,155298,27.75656836461126
0.05,5595,87,155385,27.767155110793425
0.05,5596,49,155434,27.770948722529926
0.05,5597,90,155524,27.78206502322258
0.05,5598,90,155614,27.793177353098766
0.05,5599,-35,155579,27.781964285714285
0.05,5600,-132,155447,27.753436886270308
0.05,5601,26,155473,27.753123884327024
0.05,5602,-34,155439,27.742102445118686
0.05,5603,90,155529,27.75321199143469
0.05,5604,23,155552,27.75236396074933
0.05,5605,-17,155535,27.744381020335354
0.05,5606,81,155616,27.753879079721777
0.05,5607,82,155698,27.763552068473608
0.05,5608,-1,155697,27.75842396149046
0.05,5609,-101,155596,27.735472370766487
0.05,5610,-47,155549,27.72215291391909
0.05,5611,-28,155521,27.71222380612972
0.05,5612,92,155613,27.723677177979692
0.05,5613,12,155625,27.720876380477378
0.05,5614,-96,155529,27.698842386464825
0.05,5615,62,155591,27.70495014245014
0.05,5616,18,155609,27.70322236069076
0.05,5617,50,155659,27.707191171235316
0.05,5618,79,155738,27.71631962982737
0.05,5619,92,155830,27.727758007117437
0.05,5620,61,155891,27.733677281622487
0.05,5621,87,155978,27.74421913909641
0.05,5622,58,156036,27.74959985772719
0.05,5623,52,156088,27.753911806543385
0.05,5624,87,156175,27.764444444444443
0.05,5625,22,156197,27.763419836473517
0.05,5626,-24,156173,27.754220721521236
0.05,5627,12,156185,27.75142146410803
0.05,5628,77,156262,27.760170545389943
0.05,5629,-45,156217,27.747246891651866
0.05,5630,66,156283,27.754040134967145
0.05,5631,-33,156250,27.74325284090909
0.05,5632,88,156338,27.753949937866146
0.05,5633,58,156396,27.759318423855166
0.05,5634,58,156454,27.764685004436558
0.05,5635,78,156532,27.7735982966643
0.05,5636,50,156582,27.77754124534327
0.05,5637,-66,156516,27.760908123448033
0.05,5638,92,156608,27.772300053200922
0.05,5639,55,156663,27.777127659574468
0.05,5640,90,156753,27.78815812799149
0.05,5641,66,156819,27.794930875576036
0.05,5642,62,156881,27.80099237993975
0.05,5643,84,156965,27.81094968107725
0.05,5644,51,157016,27.815057573073517
0.05,5645,62,157078,27.821112291888063
0.05,5646,-14,157064,27.813706392774925
0.05,5647,74,157138,27.82188385269122
0.05,5648,58,157196,27.82722605770933
0.05,5649,85,157281,27.837345132743362
0.05,5650,46,157327,27.840559193063175
0.05,5651,-33,157294,27.829794762915782
0.05,5652,-138,157156,27.800459932779056
0.05,5653,-86,157070,27.780332507958967
0.05,5654,31,157101,27.780901856763926
0.05,5655,62,157163,27.786951909476663
0.05,5656,57,157220,27.792115962524306
0.05,5657,69,157289,27.79939908094733
0.05,5658,78,157367,27.808270012369675
0.05,5659,83,157450,27.818021201413426
0.05,5660,-109,157341,27.793852676205617
0.05,5661,-99,157242,27.77145884846344
0.05,5662,88,157330,27.782094296309378
0.05,5663,68,157398,27.78919491525424
0.05,5664,-5,157393,27.783406884377758
0.05,5665,89,157482,27.7942110836569
0.05,5666,-26,157456,27.784718545967884
0.05,5667,54,157510,27.789343683839096
0.05,5668,86,157596,27.799611924501676
0.05,5669,72,157668,27.807407407407407
0.05,5670,73,157741,27.81537647681185
0.05,5671,84,157825,27.825282087447107
0.05,5672,80,157905,27.834479111581174
0.05,5673,40,157945,27.836623193514274
0.05,5674,73,158018,27.844581497797357
0.05,5675,12,158030,27.841789992952783
0.05,5676,59,158089,27.847278492161355
0.05,5677,-99,157990,27.824938358576965
0.05,5678,16,158006,27.822856136643775
0.05,5679,18,158024,27.82112676056338
0.05,5680,-263,157761,27.76993487062137
0.05,5681,-7,157754,27.76381555790215
0.05,5682,-65,157689,27.747492521555518
0.05,5683,15,157704,27.745249824067557
0.05,5684,86,157790,27.755496921723836
0.05,5685,-153,157637,27.72370735138938
0.05,5686,-1,157636,27.718656585194303
0.05,5687,57,157693,27.723804500703235
0.05,5688,-130,157563,27.69608015468448
0.05,5689,-87,157476,27.675922671353252
0.05,5690,43,157519,27.678615357582146
0.05,5691,31,157550,27.679198875614897
0.05,5692,-3,157547,27.673809942034076
0.05,5693,71,157618,27.68141903758342
0.05,5694,49,157667,27.685162423178227
0.05,5695,70,157737,27.692591292134832
0.05,5696,-8,157729,27.686326136563103
0.05,5697,21,157750,27.685152685152683
0.05,5698,84,157834,27.695034216529216
0.05,5699,72,157906,27.702807017543858
0.05,5700,-13,157893,27.695667426767233
0.05,5701,79,157972,27.7046650298141
0.05,5702,94,158066,27.716289672102402
0.05,5703,52,158118,27.72054698457223
0.05,5704,92,158210,27.731814198071866
0.05,5705,-3,158207,27.726428321065544
0.05,5706,61,158268,27.732258629752934
0.05,5707,53,158321,27.73668535388928
0.05,5708,36,158357,27.738132772814854
0.05,5709,91,158448,27.7492119089317
0.05,5710,-35,158413,27.73822447907547
0.05,5711,34,158447,27.739320728291318
0.05,5712,90,158537,27.750218799229827
0.05,5713,71,158608,27.75778788939447
0.05,5714,43,158651,27.760454943132107
0.05,5715,94,158745,27.772043386983906
0.05,5716,-42,158703,27.75983907643869
0.05,5717,-38,158665,27.74833857992305
0.05,5718,75,158740,27.756600804336422
0.05,5719,62,158802,27.76258741258741
0.05,5720,47,158849,27.76595000873973
0.05,5721,18,158867,27.76424327158336
0.05,5722,87,158954,27.774593744539576
0.05,5723,-39,158915,27.762928022361983
0.05,5724,84,158999,27.772751091703057
0.05,5725,-97,158902,27.75096053091163
0.05,5726,53,158955,27.755369303300157
0.05,5727,88,159043,27.76588687150838
0.05,5728,64,159107,27.772211555245242
0.05,5729,-37,159070,27.760907504363
0.05,5730,24,159094,27.760251265049728
0.05,5731,67,159161,27.767096999302165
0.05,5732,-77,159084,27.74882260596546
0.05,5733,-177,158907,27.71311475409836
0.05,5734,-125,158782,27.686486486486487
0.05,5735,-99,158683,27.66440027894003
0.05,5736,-83,158600,27.645110685027017
0.05,5737,60,158660,27.65074939003137
0.05,5738,85,158745,27.66074228959749
0.05,5739,39,158784,27.662717770034842
0.05,5740,94,158878,27.674272774777915
0.05,5741,81,158959,27.683559735283872
0.05,5742,90,159049,27.69441058680132
0.05,5743,-52,158997,27.680536211699163
0.05,5744,73,159070,27.688424717145345
0.05,5745,89,159159,27.699095022624434
0.05,5746,85,159244,27.70906559944319
0.05,5747,91,159335,27.72007654836465
0.05,5748,-31,159304,27.709862584797357
0.05,5749,62,159366,27.715826086956522
0.05,5750,58,159424,27.721091984002783
0.05,5751,87,159511,27.731397774687064
0.05,5752,91,159602,27.742395272031985
0.05,5753,57,159659,27.74748001390337
0.05,5754,90,159749,27.75829713292789
0.05,5755,-7,159742,27.75225851285615
0.05,5756,93,159835,27.763592148688552
0.05,5757,56,159891,27.768496005557484
0.05,5758,-243,159648,27.721479423511028
0.05,5759,88,159736,27.731944444444444
0.05,5760,80,159816,27.741017184516576
0.05,5761,88,159904,27.751475182228393
0.05,5762,93,159997,27.762797154259935
0.05,5763,75,160072,27.770992366412212
0.05,5764,40,160112,27.77311361665221
0.05,5765,93,160205,27.784425945195977
0.05,5766,90,160295,27.79521414947113
0.05,5767,23,160318,27.794382801664355
0.05,5768,-145,160173,27.764430577223088
0.05,5769,-11,160162,27.757712305025997
0.05,5770,53,160215,27.762086293536647
0.05,5771,-77,160138,27.743936243936243
0.05,5772,62,160200,27.74987008487788
0.05,5773,89,160289,27.760478004849325
0.05,5774,91,160380,27.771428571428572
0.05,5775,17,160397,27.769563711911356
0.05,5776,86,160483,27.779643413536437
0.05,5777,-121,160362,27.753894080996886
0.05,5778,37,160399,27.755494030109016
0.05,5779,87,160486,27.76574394463668
0.05,5780,10,160496,27.762670818197545
0.05,5781,79,160575,27.77153234175026
0.05,5782,84,160659,27.78125540376967
0.05,5783,89,160748,27.791839557399722
0.05,5784,92,160840,27.802938634399307
0.05,5785,35,160875,27.804182509505704
0.05,5786,94,160969,27.815621219975807
0.05,5787,62,161031,27.821527297857635
0.05,5788,94,161125,27.83295906028675
0.05,5789,49,161174,27.836614853195165
0.05,5790,80,161254,27.84562251769988
0.05,5791,18,161272,27.843922651933703
0.05,5792,-18,161254,27.83600897635077
0.05,5793,-26,161228,27.826717293752157
0.05,5794,89,161317,27.83727351164797
0.05,5795,82,161399,27.846618357487923
0.05,5796,82,161481,27.855959979299637
0.05,5797,-25,161456,27.84684373922042
0.05,5798,89,161545,27.85738920503535
0.05,5799,86,161631,27.86741379310345
0.05,5800,77,161708,27.875883468367523
0.05,5801,78,161786,27.884522578421233
0.05,5802,78,161864,27.893158711011544
0.05,5803,57,161921,27.89817367332874
0.05,5804,-25,161896,27.889061154177433
0.05,5805,94,161990,27.90044781260765
0.05,5806,-40,161950,27.888754950921303
0.05,5807,-76,161874,27.87086776859504
0.05,5808,55,161929,27.875537958340505
0.05,5809,89,162018,27.88605851979346
0.05,5810,30,162048,27.886422302529684
0.05,5811,94,162142,27.897797660013765
0.05,5812,-51,162091,27.884225012902117
0.05,5813,-20,162071,27.875988992088065
0.05,5814,-206,161865,27.835769561478934
0.05,5815,86,161951,27.845770288858322
0.05,5816,83,162034,27.85525184803163
0.05,5817,82,162116,27.864558267445858
0.05,5818,67,162183,27.87128372572607
0.05,5819,25,162208,27.870790378006873
0.05,5820,92,162300,27.88180724961347
0.05,5821,73,162373,27.88955685331501
0.05,5822,60,162433,27.895071269105273
0.05,5823,45,162478,27.89800824175824
0.05,5824,70,162548,27.905236051502147
0.05,5825,-60,162488,27.890147614143494
0.05,5826,-87,162401,27.870430753389392
0.05,5827,-280,162121,27.81760466712423
0.05,5828,20,162141,27.816263510036027
0.05,5829,89,162230,27.826758147512866
0.05,5830,93,162323,27.837935174069628
0.05,5831,66,162389,27.844478737997257
0.05,5832,-30,162359,27.834561974969997
0.05,5833,77,162436,27.842989372643128
0.05,5834,29,162465,27.84318766066838
0.05,5835,92,162557,27.854180945853326
0.05,5836,-30,162527,27.844269316429674
0.05,5837,84,162611,27.853888317917097
0.05,5838,90,162701,27.864531597876347
0.05,5839,-103,162598,27.84212328767123
0.05,5840,31,162629,27.84266392740969
0.05,5841,57,162686,27.84765491270113
0.05,5842,5,162691,27.843744651720005
0.05,5843,-194,162497,27.805783709787818
0.05,5844,78,162575,27.81437125748503
0.05,5845,-3,162572,27.809100239479985
0.05,5846,87,162659,27.81922353343595
0.05,5847,87,162746,27.829343365253077
0.05,5848,64,162810,27.835527440588134
0.05,5849,16,162826,27.833504273504275
0.05,5850,92,162918,27.844471030593063
0.05,5851,64,162982,27.850649350649352
0.05,5852,25,163007,27.85016230992653
0.05,5853,69,163076,27.85719166381961
0.05,5854,-13,163063,27.850213492741247
0.05,5855,53,163116,27.854508196721312
0.05,5856,91,163207,27.865289397302373
0.05,5857,-44,163163,27.853021509047455
0.05,5858,29,163192,27.85321727257211
0.05,5859,-41,163151,27.84146757679181
0.05,5860,75,163226,27.84951373485753
0.05,5861,-86,163140,27.830092118730807
0.05,5862,91,163231,27.84086645062255
0.05,5863,-371,162860,27.772851296043655
0.05,5864,83,162943,27.78226768968457
0.05,5865,51,162994,27.78622570746676
0.05,5866,-73,162921,27.76904721322652
0.05,5867,93,163014,27.780163599182004
0.05,5868,44,163058,27.7829272448458
0.05,5869,71,163129,27.790289608177172
0.05,5870,78,163207,27.79884176460569
0.05,5871,-23,163184,27.79019073569482
0.05,5872,-69,163115,27.773710199216755
0.05,5873,-48,163067,27.76081035069799
0.05,5874,94,163161,27.772085106382978
0.05,5875,88,163249,27.782334921715453
0.05,5876,47,163296,27.78560490045942
0.05,5877,75,163371,27.793637291595783
0.05,5878,92,163463,27.804558598401087
0.05,5879,8,163471,27.801190476190477
0.05,5880,74,163545,27.809046080598538
0.05,5881,0,163545,27.804318259095545
0.05,5882,61,163606,27.809960904300528
0.05,5883,-39,163567,27.79860639021074
0.05,5884,49,163616,27.802209005947322
0.05,5885,39,163655,27.804111450900443
0.05,5886,59,163714,27.809410565653135
0.05,5887,94,163808,27.820652173913043
0.05,5888,-31,163777,27.810663949736796
0.05,5889,-86,163691,27.791341256366724
0.05,5890,55,163746,27.795959938889833
0.05,5891,54,163800,27.80040733197556
0.05,5892,5,163805,27.796538265739013
0.05,5893,62,163867,27.802341364099085
0.05,5894,88,163955,27.812553011026292
0.05,5895,93,164048,27.8236092265943
0.05,5896,71,164119,27.83093098185518
0.05,5897,30,164149,27.831298745337403
0.05,5898,83,164232,27.840650957789457
0.05,5899,62,164294,27.8464406779661
0.05,5900,43,164337,27.84900864260295
0.05,5901,94,164431,27.860216875635377
0.05,5902,-31,164400,27.850245637811284
0.05,5903,76,164476,27.85840108401084
0.05,5904,90,164566,27.86892464013548
0.05,5905,82,164648,27.878090077886895
0.05,5906,40,164688,27.88014220416455
0.05,5907,82,164770,27.889302640487475
0.05,5908,11,164781,27.88644440683703
0.05,5909,84,164865,27.895939086294415
0.05,5910,-8,164857,27.889866350871255
0.05,5911,12,164869,27.887178619756426
0.05,5912,-164,164705,27.854726872991712
0.05,5913,92,164797,27.865573216097395
0.05,5914,75,164872,27.87354184277261
0.05,5915,-75,164797,27.856152805949968
0.05,5916,48,164845,27.859557208044617
0.05,5917,74,164919,27.867353835755324
0.05,5918,-97,164822,27.846257813819904
0.05,5919,-37,164785,27.835304054054053
0.05,5920,88,164873,27.845465293024827
0.05,5921,92,164965,27.856298547787908
0.05,5922,59,165024,27.861556643592774
0.05,5923,22,165046,27.860567184334908
0.05,5924,93,165139,27.8715611814346
0.05,5925,48,165187,27.874957813027336
0.05,5926,52,165239,27.879028176143073
0.05,5927,87,165326,27.889001349527664
0.05,5928,85,165411,27.898633833698767
0.05,5929,90,165501,27.90910623946037
0.05,5930,-236,165265,27.864609677963244
0.05,5931,1,165266,27.860080917060014
0.05,5932,75,165341,27.868026293612
0.05,5933,23,165364,27.867205931917763
0.05,5934,76,165440,27.87531592249368
0.05,5935,-25,165415,27.866408355795148
0.05,5936,85,165500,27.87603166582449
0.05,5937,90,165590,27.886493768945773
0.05,5938,83,165673,27.89577369927597
0.05,5939,86,165759,27.905555555555555
0.05,5940,55,165814,27.910116142063625
0.05,5941,80,165894,27.918882531134297
0.05,5942,45,165939,27.92175668854114
0.05,5943,94,166033,27.932873485868104
0.05,5944,90,166123,27.94331370899916
0.05,5945,-11,166112,27.936764211234443
0.05,5946,93,166205,27.947704725071464
0.05,5947,79,166284,27.95628782784129
0.05,5948,73,166357,27.9638594721802
0.05,5949,-11,166346,27.957310924369747
0.05,5950,-67,166279,27.94135439421946
0.05,5951,-14,166265,27.934307795698924
0.05,5952,54,166319,27.938686376616833
0.05,5953,22,166341,27.937688948605977
0.05,5954,22,166363,27.936691855583543
0.05,5955,22,166385,27.935695097380794
0.05,5956,-11,166374,27.929158972637232
0.05,5957,19,166393,27.92766028868748
0.05,5958,-71,166322,27.911058902500418
0.05,5959,10,166332,27.908053691275168
0.05,5960,84,166416,27.917463512833418
0.05,5961,21,166437,27.91630325394163
0.05,5962,41,166478,27.918497400637264
0.05,5963,81,166559,27.92739771965124
0.05,5964,92,166651,27.938139145012574
0.05,5965,11,166662,27.935300033523298
0.05,5966,92,166754,27.94603653427183
0.05,5967,77,166831,27.954256032171582
0.05,5968,55,166886,27.958787066510304
0.05,5969,50,166936,27.96247906197655
0.05,5970,81,167017,27.971361580974712
0.05,5971,-61,166956,27.956463496316143
0.05,5972,87,167043,27.966348568558512
0.05,5973,83,167126,27.975560763307666
0.05,5974,87,167213,27.985439330543933
0.05,5975,29,167242,27.985609103078982
0.05,5976,87,167329,27.995482683620544
0.05,5977,73,167402,28.003011040481766
0.05,5978,66,167468,28.009366114734906
0.05,5979,83,167551,28.0185618729097
0.05,5980,80,167631,28.027252967731147
0.05,5981,42,167673,28.029588766298897
0.05,5982,19,167692,28.02807955874979
0.05,5983,21,167713,28.026905080213904
0.05,5984,-104,167609,28.00484544695071
0.05,5985,-109,167500,27.981957901770798
0.05,5986,-25,167475,27.973108401536663
0.05,5987,-10,167465,27.966766867067467
0.05,5988,-24,167441,27.958089831357487
0.05,5989,-17,167424,27.95058430717863
0.05,5990,6,167430,27.946920380570855
0.05,5991,-114,167316,27.923230974632844
0.05,5992,79,167395,27.931753712664776
0.05,5993,91,167486,27.942275608942275
0.05,5994,55,167541,27.946788990825688
0.05,5995,79,167620,27.95530353569046
0.05,5996,93,167713,27.966149741537436
0.05,5997,25,167738,27.965655218406134
0.05,5998,63,167801,27.9714952492082
0.05,5999,-49,167752,27.958666666666666
0.05,6000,53,167805,27.962839526745544
0.05,6001,75,167880,27.97067644118627
0.05,6002,52,167932,27.974679327003166
0.05,6003,88,168020,27.984676882078613
0.05,6004,68,168088,27.99134054954205
0.05,6005,-167,167921,27.958874458874458
0.05,6006,63,167984,27.964707840852338
0.05,6007,10,167994,27.96171770972037
0.05,6008,89,168083,27.971875520053253
0.05,6009,47,168130,27.97504159733777
0.05,6010,-39,168091,27.963899517551155
0.05,6011,56,168147,27.968562874251496
0.05,6012,-19,168128,27.960751704639947
0.05,6013,48,168176,27.96408380445627
0.05,6014,-49,168127,27.951288445552784
0.05,6015,-13,168114,27.944481382978722
0.05,6016,71,168185,27.951637028419476
0.05,6017,-2,168183,27.94666001994018
0.05,6018,21,168204,27.945505897989698
0.05,6019,51,168255,27.94933554817276
0.05,6020,35,168290,27.95050656037203
0.05,6021,-9,168281,27.944370640983063
0.05,6022,69,168350,27.951187116055124
0.05,6023,80,168430,27.959827357237717
0.05,6024,-59,168371,27.94539419087137
0.05,6025,61,168432,27.950879522071027
0.05,6026,73,168505,27.95835407333665
0.05,6027,87,168592,27.968148639681488
0.05,6028,21,168613,27.966992867805605
0.05,6029,94,168707,27.977943615257047
0.05,6030,44,168751,27.980600232133973
0.05,6031,75,168826,27.988395225464192
0.05,6032,65,168891,27.994530084535057
0.05,6033,-15,168876,27.987404706662247
0.05,6034,-20,168856,27.979453189726595
0.05,6035,82,168938,27.988402915838304
0.05,6036,31,168969,27.988901772403512
0.05,6037,51,169020,27.992712818814177
0.05,6038,-15,169005,27.985593641331345
0.05,6039,-4,169001,27.980298013245033
0.05,6040,85,169086,27.989736798543287
0.05,6041,93,169179,28.00049652432969
0.05,6042,52,169231,28.004467979480392
0.05,6043,89,169320,28.014559894109862
0.05,6044,33,169353,28.015384615384615
0.05,6045,70,169423,28.022328812437976
0.05,6046,89,169512,28.032412766661153
0.05,6047,-118,169394,28.008267195767196
0.05,6048,79,169473,28.016696974706562
0.05,6049,92,169565,28.027272727272727
0.05,6050,57,169622,28.032060816393983
0.05,6051,-33,169589,28.021976206212823
0.05,6052,-63,169526,28.00693870807864
0.05,6053,-9,169517,28.000825900231252
0.05,6054,92,169609,28.01139554087531
0.05,6055,-37,169572,28.000660501981507
0.05,6056,94,169666,28.011556876341423
0.05,6057,85,169751,28.020964014526246
0.05,6058,90,169841,28.031193266215546
0.05,6059,-24,169817,28.022607260726073
0.05,6060,27,169844,28.022438541494804
0.05,6061,-21,169823,28.014351699109206
0.05,6062,0,169823,28.009731156193304
0.05,6063,26,169849,28.009399736147756
0.05,6064,93,169942,28.020115416323165
0.05,6065,89,170031,28.030168150346192
0.05,6066,88,170119,28.040052744354707
0.05,6067,-35,170084,28.029663810151614
0.05,6068,78,170162,28.037897511945953
0.05,6069,70,170232,28.04481054365733
0.05,6070,-71,170161,28.028496129138528
0.05,6071,73,170234,28.03590250329381
0.05,6072,-13,170221,28.029145397661782
0.05,6073,80,170301,28.037701679288773
0.05,6074,-44,170257,28.025843621399176
0.05,6075,76,170333,28.03373930217248
0.05,6076,69,170402,28.040480500246833
0.05,6077,92,170494,28.051003619611713
0.05,6078,85,170579,28.060371771672973
0.05,6079,93,170672,28.071052631578947
0.05,6080,-2,170670,28.066107548100643
0.05,6081,40,170710,28.0680697139099
0.05,6082,89,170799,28.078086470491534
0.05,6083,29,170828,28.078238001314926
0.05,6084,93,170921,28.088907148726378
0.05,6085,-6,170915,28.083305948077555
0.05,6086,94,171009,28.094135041892557
0.05,6087,-40,170969,28.082950065703024
0.05,6088,-21,170948,28.07488914435868
0.05,6089,0,170948,28.070279146141214
0.05,6090,91,171039,28.080610737153176
0.05,6091,77,171116,28.088640840446487
0.05,6092,-123,170993,28.063843755128836
0.05,6093,17,171010,28.062028224483097
0.05,6094,94,171104,28.07284659557014
0.05,6095,69,171173,28.079560367454068
0.05,6096,37,171210,28.081023454157783
0.05,6097,-99,171111,28.06018366677599
0.05,6098,-79,171032,28.04262993933432
0.05,6099,-49,170983,28.03
0.05,6100,-58,170925,28.01589903294542
0.05,6101,-93,170832,27.9960668633235
0.05,6102,-21,170811,27.9880386695068
0.05,6103,73,170884,27.995412844036696
0.05,6104,81,170965,28.004095004095003
0.05,6105,-62,170903,27.98935473304946
0.05,6106,77,170980,27.997380055673815
0.05,6107,82,171062,28.006221349050424
0.05,6108,-167,170895,27.974300212800784
0.05,6109,-83,170812,27.956137479541734
0.05,6110,-36,170776,27.945671739486173
0.05,6111,-72,170704,27.92931937172775
0.05,6112,93,170797,27.939964011123834
0.05,6113,67,170864,27.94635263330062
0.05,6114,86,170950,27.95584627964023
0.05,6115,86,171036,27.96533682145193
0.05,6116,70,171106,27.97220859898643
0.05,6117,54,171160,27.976462896371363
0.05,6118,55,171215,27.98087922863213
0.05,6119,77,171292,27.988888888888887
0.05,6120,45,171337,27.991668028099983
0.05,6121,-88,171249,27.972721332897745
0.05,6122,90,171339,27.982851543361097
0.05,6123,-87,171252,27.96407576747224
0.05,6124,19,171271,27.962612244897958
0.05,6125,92,171363,27.973065621939273
0.05,6126,-16,171347,27.96588868940754
0.05,6127,61,171408,27.971279373368148
0.05,6128,84,171492,27.980420949583944
0.05,6129,70,171562,27.98727569331158
0.05,6130,94,171656,27.99804273364867
0.05,6131,68,171724,28.004566210045663
0.05,6132,93,171817,28.0151638676015
0.05,6133,87,171904,28.024779915226606
0.05,6134,26,171930,28.024449877750612
0.05,6135,87,172017,28.034061277705344
0.05,6136,94,172111,28.044810167834445
0.05,6137,90,172201,28.054903877484524
0.05,6138,93,172294,28.06548297768366
0.05,6139,16,172310,28.063517915309447
0.05,6140,93,172403,28.074092167399446
0.05,6141,77,172480,28.082057961576034
0.05,6142,57,172537,28.086765424059905
0.05,6143,-19,172518,28.0791015625
0.05,6144,93,172611,28.08966639544345
0.05,6145,77,172688,28.09762447120078
0.05,6146,-10,172678,28.09142671221734
0.05,6147,36,172714,28.092713077423554
0.05,6148,45,172759,28.095462676858027
0.05,6149,86,172845,28.10487804878049
0.05,6150,89,172934,28.11477808486425
0.05,6151,79,173013,28.123049414824447
0.05,6152,43,173056,28.125467251747114
0.05,6153,76,173132,28.13324666883328
0.05,6154,69,173201,28.139886271324126
0.05,6155,87,173288,28.14944769330734
0.05,6156,93,173381,28.159980509988632
0.05,6157,-25,173356,28.15134784020786
0.05,6158,93,173449,28.16187692807274
0.05,6159,75,173524,28.16948051948052
0.05,6160,76,173600,28.177243953903588
0.05,6161,90,173690,28.187276858162935
0.05,6162,25,173715,28.186759694953757
0.05,6163,-3,173712,28.18170019467878
0.05,6164,89,173801,28.191565287915655
0.05,6165,93,173894,28.20207590009731
0.05,6166,89,173983,28.211934490027566
0.05,6167,83,174066,28.220817120622566
0.05,6168,-91,173975,28.20149132760577
0.05,6169,67,174042,28.207779578606157
0.05,6170,80,174122,28.216172419380975
0.05,6171,93,174215,28.226668826960466
0.05,6172,27,174242,28.226470111777093
0.05,6173,83,174325,28.235341755749918
0.05,6174,-28,174297,28.226234817813765
0.05,6175,33,174330,28.227007772020727
0.05,6176,65,174395,28.232960984296586
0.05,6177,-135,174260,28.206539333117515
0.05,6178,78,174338,28.214597831364298
0.05,6179,25,174363,28.214077669902913
0.05,6180,77,174440,28.221970554926386
0.05,6181,-38,174402,28.21125849239728
0.05,6182,-75,174327,28.194565744784086
0.05,6183,31,174358,28.19501940491591
0.05,6184,-13,174345,28.188358932902183
0.05,6185,92,174437,28.198674426123503
0.05,6186,93,174530,28.20914821399709
0.05,6187,18,174548,28.20749838396897
0.05,6188,33,174581,28.208272741961544
0.05,6189,92,174673,28.218578352180938
0.05,6190,-58,174615,28.20465191406881
0.05,6191,-225,174390,28.16375968992248
0.05,6192,12,174402,28.161149685128372
0.05,6193,92,174494,28.17145624798192
0.05,6194,91,174585,28.181598062953995
0.05,6195,53,174638,28.185603615235635
0.05,6196,92,174730,28.19590124253671
0.05,6197,9,174739,28.192804130364635
0.05,6198,91,174830,28.202935957412485
0.05,6199,82,174912,28.211612903225806
0.05,6200,12,174924,28.20899854862119
0.05,6201,57,174981,28.213640761044825
0.05,6202,89,175070,28.223440270836694
0.05,6203,80,175150,28.231785944551902
0.05,6204,70,175220,28.238517324738115
0.05,6205,80,175300,28.24685787947148
0.05,6206,30,175330,28.24714032543902
0.05,6207,-16,175314,28.24001288659794
0.05,6208,58,175372,28.244805926880336
0.05,6209,94,175466,28.255394524959744
0.05,6210,13,175479,28.25293833521172
0.05,6211,66,175545,28.259014810045073
0.05,6212,92,175637,28.269274102687913
0.05,6213,45,175682,28.271966527196653
0.05,6214,93,175775,28.282381335478682
0.05,6215,48,175823,28.285553410553412
0.05,6216,-96,175727,28.26556216824835
0.05,6217,79,175806,28.27372145384368
0.05,6218,90,175896,28.283646888567294
0.05,6219,48,175944,28.286816720257235
0.05,6220,60,176004,28.291914483202056
0.05,6221,52,176056,28.295724847315977
0.05,6222,88,176144,28.305318977984896
0.05,6223,93,176237,28.315713367609256
0.05,6224,-257,175980,28.26987951807229
0.05,6225,77,176057,28.277706392547383
0.05,6226,92,176149,28.28793961779348
0.05,6227,-40,176109,28.276974951830443
0.05,6228,15,176124,28.274843474072885
0.05,6229,93,176217,28.285232744783308
0.05,6230,-5,176212,28.27989086823945
0.05,6231,92,176304,28.290115532734276
0.05,6232,19,176323,28.288625060163646
0.05,6233,70,176393,28.295316008982997
0.05,6234,-98,176295,28.27506014434643
0.05,6235,5,176300,28.27132777421424
0.05,6236,91,176391,28.28138528138528
0.05,6237,55,176446,28.285668483488298
0.05,6238,79,176525,28.293797082865844
0.05,6239,72,176597,28.30080128205128
0.05,6240,30,176627,28.301073545906103
0.05,6241,25,176652,28.30054469721243
0.05,6242,-169,176483,28.26894121415986
0.05,6243,61,176544,28.274183215887252
0.05,6244,90,176634,28.28406725380304
0.05,6245,75,176709,28.291546589817482
0.05,6246,-23,176686,28.283336001280613
0.05,6247,-6,176680,28.277848911651727
0.05,6248,-209,176471,28.239878380540887
0.05,6249,75,176546,28.24736
0.05,6250,85,176631,28.256438969764837
0.05,6251,34,176665,28.257357645553423
0.05,6252,1,176666,28.25299856069087
0.05,6253,86,176752,28.262232171410297
0.05,6254,56,176808,28.266666666666666
0.05,6255,43,176851,28.269021739130434
0.05,6256,92,176943,28.27920728783762
0.05,6257,87,177030,28.288590604026847
0.05,6258,-26,177004,28.279916919635724
0.05,6259,49,177053,28.283226837060703
0.05,6260,-37,177016,28.272799872224883
0.05,6261,-121,176895,28.24896199297349
0.05,6262,75,176970,28.25642663260418
0.05,6263,-77,176893,28.23962324393359
0.05,6264,-56,176837,28.226177174780528
0.05,6265,-8,176829,28.22039578678583
0.05,6266,27,176856,28.220201053135472
0.05,6267,93,176949,28.230536056158265
0.05,6268,63,177012,28.236082309778276
0.05,6269,91,177103,28.246092503987242
0.05,6270,4,177107,28.24222612023601
0.05,6271,71,177178,28.24904336734694
0.05,6272,82,177260,28.257611987884584
0.05,6273,91,177351,28.267612368504942
0.05,6274,92,177443,28.277768924302787
0.05,6275,64,177507,28.283460803059274
0.05,6276,61,177568,28.288672932929742
0.05,6277,71,177639,28.295476266326855
0.05,6278,85,177724,28.304507087115784
0.05,6279,16,177740,28.302547770700638
0.05,6280,94,177834,28.313007482884892
0.05,6281,93,177927,28.323304680038206
0.05,6282,83,178010,28.33200700302403
0.05,6283,82,178092,28.340547422024187
0.05,6284,94,178186,28.350994431185363
0.05,6285,-28,178158,28.342029907731465
0.05,6286,75,178233,28.34945124860824
0.05,6287,64,178297,28.35512086513995
0.05,6288,56,178353,28.3595166163142
0.05,6289,-35,178318,28.34944356120827
0.05,6290,44,178362,28.3519313304721
0.05,6291,63,178425,28.357438016528924
0.05,6292,-38,178387,28.3468933735897
0.05,6293,83,178470,28.355576739752145
0.05,6294,51,178521,28.359173947577442
0.05,6295,91,178612,28.36912325285896
0.05,6296,94,178706,28.379545815467683
0.05,6297,-83,178623,28.361860908224834
0.05,6298,93,178716,28.372122559136372
0.05,6299,82,178798,28.38063492063492
0.05,6300,71,178869,28.38739882558324
0.05,6301,-109,178760,28.365598222786417
0.05,6302,87,178847,28.374900840869426
0.05,6303,-18,178829,28.367544416243653
0.05,6304,-172,178657,28.33576526566217
0.05,6305,77,178734,28.34348239771646
0.05,6306,82,178816,28.35198985254479
0.05,6307,86,178902,28.361128725428028
0.05,6308,-185,178717,28.327310191789508
0.05,6309,-110,178607,28.3053882725832
0.05,6310,34,178641,28.30629060370781
0.05,6311,77,178718,28.314005069708493
0.05,6312,29,178747,28.31411373356566
0.05,6313,61,178808,28.31929046563193
0.05,6314,91,178899,28.329216152019
0.05,6315,81,178980,28.337555414819505
0.05,6316,24,179004,28.33686876681969
0.05,6317,83,179087,28.34552073440962
0.05,6318,93,179180,28.35575249248299
0.05,6319,61,179241,28.360917721518987
0.05,6320,18,179259,28.359278595158994
0.05,6321,-40,179219,28.34846567541917
0.05,6322,12,179231,28.34588012019611
0.05,6323,-109,179122,28.32416192283365
0.05,6324,66,179188,28.330118577075098
0.05,6325,77,179265,28.337812203604173
0.05,6326,24,179289,28.337126600284495
0.05,6327,57,179346,28.34165613147914
0.05,6328,80,179426,28.349818296729342
0.05,6329,74,179500,28.35703001579779
0.05,6330,89,179589,28.366608750592324
0.05,6331,65,179654,28.37239418825016
0.05,6332,-397,179257,28.305226590873204
0.05,6333,71,179328,28.311967161351436
0.05,6334,83,179411,28.3205998421468
0.05,6335,-21,179390,28.312815656565657
0.05,6336,19,179409,28.311346062805743
0.05,6337,55,179464,28.315556958030925
0.05,6338,59,179523,28.320397539044013
0.05,6339,22,179545,28.319400630914828
0.05,6340,-43,179502,28.308153288124903
0.05,6341,63,179565,28.313623462630087
0.05,6342,35,179600,28.314677597351412
0.05,6343,90,179690,28.324401008827238
0.05,6344,73,179763,28.33144208037825
0.05,6345,89,179852,28.341002206114087
0.05,6346,-40,179812,28.330234756577912
0.05,6347,13,179825,28.327819785759296
0.05,6348,84,179909,28.33658843912427
0.05,6349,18,179927,28.33496062992126
0.05,6350,73,180000,28.34199338686821
0.05,6351,76,180076,28.34949622166247
0.05,6352,-13,180063,28.342987564929956
0.05,6353,-57,180006,28.329556185080264
0.05,6354,71,180077,28.33627065302911
0.05,6355,-39,180038,28.325676526117054
0.05,6356,69,180107,28.33207487808715
0.05,6357,76,180183,28.33957219251337
0.05,6358,69,180252,28.34596634690989
0.05,6359,75,180327,28.35330188679245
0.05,6360,81,180408,28.361578368181103
0.05,6361,87,180495,28.37079534737504
0.05,6362,-29,180466,28.36177903504636
0.05,6363,68,180534,28.368007542426145
0.05,6364,-105,180429,28.347054202670858
0.05,6365,25,180454,28.346528432296576
0.05,6366,-216,180238,28.308151405685567
0.05,6367,-15,180223,28.301350502512562
0.05,6368,37,180260,28.302716281990893
0.05,6369,35,180295,28.30376766091052
0.05,6370,86,180381,28.312823732538064
0.05,6371,-56,180325,28.2995919648462
0.05,6372,-8,180317,28.293896124274283
0.05,6373,7,180324,28.290555381236274
0.05,6374,-103,180221,28.269960784313724
0.05,6375,-133,180088,28.244667503136764
0.05,6376,-66,180022,28.22988866238043
0.05,6377,-17,180005,28.222797115083097
0.05,6378,91,180096,28.232638344568112
0.05,6379,-10,180086,28.22664576802508
0.05,6380,30,180116,28.226923679674034
0.05,6381,92,180208,28.236916327170167
0.05,6382,87,180295,28.246122512924956
0.05,6383,48,180343,28.24921679197995
0.05,6384,84,180427,28.257948316366484
0.05,6385,84,180511,28.266677106169745
0.05,6386,-34,180477,28.256928135274777
0.05,6387,-26,180451,28.248434564809017
0.05,6388,90,180541,28.258099859132884
0.05,6389,92,180633,28.26807511737089
0.05,6390,57,180690,28.272570802691284
0.05,6391,50,180740,28.275969962453065
0.05,6392,23,180763,28.275144689504145
0.05,6393,6,180769,28.271660932123865
0.05,6394,87,180856,28.280844409695074
0.05,6395,40,180896,28.282676672920577
0.05,6396,93,180989,28.292793496951695
0.05,6397,57,181046,28.29728040012504
0.05,6398,92,181138,28.30723550554774
0.05,6399,27,181165,28.30703125
0.05,6400,73,181238,28.314013435400717
0.05,6401,92,181330,28.32396126210559
0.05,6402,86,181416,28.332968920818367
0.05,6403,90,181506,28.34259837601499
0.05,6404,-46,181460,28.330991412958625
0.05,6405,47,181507,28.333905713393694
0.05,6406,-255,181252,28.289683159044795
0.05,6407,56,181308,28.294007490636705
0.05,6408,94,181402,28.30425963488844
0.05,6409,80,181482,28.31232449297972
0.05,6410,85,181567,28.32116674465762
0.05,6411,52,181619,28.324859638178417
0.05,6412,91,181710,28.33463277717137
0.05,6413,57,181767,28.33910196445276
0.05,6414,88,181855,28.348402182385033
0.05,6415,69,181924,28.354738154613468
0.05,6416,48,181972,28.357799594826243
0.05,6417,82,182054,28.366157681520722
0.05,6418,89,182143,28.375603676585136
0.05,6419,7,182150,28.37227414330218
0.05,6420,85,182235,28.3810932876499
0.05,6421,25,182260,28.380566801619434
0.05,6422,66,182326,28.386423789506463
0.05,6423,70,182396,28.392901618929017
0.05,6424,91,182487,28.40264591439689
0.05,6425,93,182580,28.41269841269841
0.05,6426,-63,182517,28.398475182822466
0.05,6427,72,182589,28.40525824517735
0.05,6428,15,182604,28.40317312179188
0.05,6429,40,182644,28.4049766718507
0.05,6430,90,182734,28.414554501632715
0.05,6431,-52,182682,28.40205223880597
0.05,6432,90,182772,28.411627545468676
0.05,6433,-45,182727,28.400217594031705
0.05,6434,87,182814,28.40932400932401
0.05,6435,-6,182808,28.40397762585457
0.05,6436,89,182897,28.413391331365542
0.05,6437,94,182991,28.423578751164957
0.05,6438,93,183084,28.433607703059483
0.05,6439,78,183162,28.441304347826087
0.05,6440,-20,183142,28.433783573979195
0.05,6441,6,183148,28.43030114871158
0.05,6442,92,183240,28.440167623777743
0.05,6443,86,183326,28.449099937926754
0.05,6444,89,183415,28.458494957331265
0.05,6445,83,183498,28.466956251939187
0.05,6446,47,183545,28.469830929114316
0.05,6447,52,183597,28.473480148883375
0.05,6448,-32,183565,28.46410296169949
0.05,6449,94,183659,28.474263565891473
0.05,6450,62,183721,28.479460548752133
0.05,6451,88,183809,28.48868567885927
0.05,6452,-52,183757,28.476212614287927
0.05,6453,81,183838,28.484350790207625
0.05,6454,93,183931,28.49434546862897
0.05,6455,18,183949,28.492719950433706
0.05,6456,79,184028,28.50054204739043
0.05,6457,94,184122,28.510684422421804
0.05,6458,93,184215,28.520668834184857
0.05,6459,57,184272,28.525077399380805
0.05,6460,4,184276,28.521281535366043
0.05,6461,-33,184243,28.511761064685857
0.05,6462,92,184335,28.521584403527772
0.05,6463,28,184363,28.521503712871286
0.05,6464,-36,184327,28.51152358855375
0.05,6465,61,184388,28.516548097742035
0.05,6466,86,184474,28.52543683315293
0.05,6467,79,184553,28.533240568954856
0.05,6468,-30,184523,28.524192301746794
0.05,6469,25,184548,28.523647604327667
0.05,6470,91,184639,28.533302426209243
0.05,6471,86,184725,28.542181705809643
0.05,6472,75,184800,28.549358875328288
0.05,6473,88,184888,28.55854185974668
0.05,6474,77,184965,28.566023166023164
0.05,6475,37,185002,28.56732550957381
0.05,6476,63,185065,28.57264165508723
0.05,6477,79,185144,28.580426057425132
0.05,6478,25,185169,28.579873437258836
0.05,6479,75,185244,28.58703703703704
0.05,6480,88,185332,28.596204289461504
0.05,6481,93,185425,28.606140080222154
0.05,6482,94,185519,28.616227055375596
0.05,6483,78,185597,28.623843306600865
0.05,6484,94,185691,28.633924441017733
0.05,6485,84,185775,28.64246068455134
0.05,6486,55,185830,28.646523816864498
0.05,6487,79,185909,28.654284833538842
0.05,6488,-1,185908,28.649714902142087
0.05,6489,72,185980,28.656394453004623
0.05,6490,87,186067,28.665382837775383
0.05,6491,56,186123,28.669593345656192
0.05,6492,80,186203,28.677498844909902
0.05,6493,74,186277,28.684477979673545
0.05,6494,-32,186245,28.675134719014626
0.05,6495,93,186338,28.685036945812808
0.05,6496,-166,186172,28.655071571494535
0.05,6497,-54,186118,28.642351492767006
0.05,6498,60,186178,28.64717648869057
0.05,6499,93,186271,28.65707692307692
0.05,6500,-68,186203,28.642208890939855
0.05,6501,89,186292,28.65149184866195
0.05,6502,38,186330,28.652929417192066
0.05,6503,-51,186279,28.64068265682657
0.05,6504,7,186286,28.637355880092237
0.05,6505,88,186374,28.646480172148785
0.05,6506,15,186389,28.644382972183802
0.05,6507,35,186424,28.64535955746773
0.05,6508,-7,186417,28.639883238592716
0.05,6509,54,186471,28.643778801843318
0.05,6510,-144,186327,28.617263093226846
0.05,6511,89,186416,28.626535626535627
0.05,6512,69,186485,28.632734530938123
0.05,6513,37,186522,28.634019035922627
0.05,6514,36,186558,28.635149654643133
0.05,6515,12,186570,28.632596685082873
0.05,6516,-19,186551,28.62528770906859
0.05,6517,85,186636,28.63393679042651
0.05,6518,82,186718,28.642123025003833
0.05,6519,48,186766,28.645092024539878
0.05,6520,54,186820,28.648980217758012
0.05,6521,-103,186717,28.628794848206073
0.05,6522,39,186756,28.630384792273492
0.05,6523,81,186837,28.638412017167383
0.05,6524,71,186908,28.644904214559386
0.05,6525,35,186943,28.645878026356115
0.05,6526,86,187029,28.654665236709054
0.05,6527,-179,186850,28.62285539215686
0.05,6528,4,186854,28.619084086383825
0.05,6529,94,186948,28.629096477794793
0.05,6530,79,187027,28.636809064461797
0.05,6531,83,187110,28.645131659522352
0.05,6532,-111,186999,28.62375631409766
0.05,6533,80,187079,28.631619222528315
0.05,6534,-7,187072,28.626166794185156
0.05,6535,91,187163,28.635709914320685
0.05,6536,-202,186961,28.600428331038703
0.05,6537,-85,186876,28.583052921382684
0.05,6538,18,186894,28.58143447010246
0.05,6539,-56,186838,28.56850152905199
0.05,6540,94,186932,28.578504815777404
0.05,6541,88,187020,28.587587893610518
0.05,6542,8,187028,28.584441387742626
0.05,6543,87,187115,28.593367970660147
0.05,6544,86,187201,28.602139037433155
0.05,6545,73,187274,28.60892147876566
0.05,6546,23,187297,28.608064762486634
0.05,6547,43,187340,28.610262675626146
0.05,6548,93,187433,28.62009467094213
0.05,6549,88,187521,28.62916030534351
0.05,6550,-101,187420,28.609372614867958
0.05,6551,88,187508,28.618437118437118
0.05,6552,87,187595,28.627346253624296
0.05,6553,94,187689,28.637320720170887
0.05,6554,76,187765,28.64454614797864
0.05,6555,25,187790,28.643990237949968
0.05,6556,51,187841,28.647399725484217
0.05,6557,-104,187737,28.627172918572736
0.05,6558,57,187794,28.631498704070744
0.05,6559,31,187825,28.631859756097562
0.05,6560,93,187918,28.641670477061425
0.05,6561,90,188008,28.651021030173727
0.05,6562,89,188097,28.66021636446747
0.05,6563,10,188107,28.65737355271176
0.05,6564,-91,188016,28.63914699162224
0.05,6565,86,188102,28.64788303381054
0.05,6566,38,188140,28.64930714176945
0.05,6567,92,188232,28.65895249695493
0.05,6568,-127,188105,28.635256507839856
0.05,6569,86,188191,28.64398782343988
0.05,6570,-337,187854,28.588342718003346
0.05,6571,85,187939,28.596926354230067
0.05,6572,37,187976,28.598204777118514
0.05,6573,49,188025,28.601308183754185
0.05,6574,89,188114,28.610494296577947
0.05,6575,-3,188111,28.605687347931873
0.05,6576,92,188203,28.615326136536414
0.05,6577,35,188238,28.61629674673153
0.05,6578,89,188327,28.62547499620003
0.05,6579,78,188405,28.632978723404257
0.05,6580,68,188473,28.638960644278985
0.05,6581,91,188564,28.64843512610149
0.05,6582,90,188654,28.657754823029013
0.05,6583,-28,188626,28.649149453219927
0.05,6584,-115,188511,28.62733485193622
0.05,6585,94,188605,28.63726085636198
0.05,6586,-24,188581,28.62926977379687
0.05,6587,-51,188530,28.61718275652702
0.05,6588,72,188602,28.62376688420094
0.05,6589,-20,188582,28.61638846737481
0.05,6590,83,188665,28.62463966014262
0.05,6591,22,188687,28.623634708737864
0.05,6592,58,188745,28.628090398907933
0.05,6593,28,188773,28.627995147103427
0.05,6594,-47,188726,28.61652767247915
0.05,6595,-48,188678,28.60491206791995
0.05,6596,93,188771,28.614673336365016
0.05,6597,87,188858,28.623522279478628
0.05,6598,29,188887,28.623579330201547
0.05,6599,-118,188769,28.601363636363637
0.05,6600,46,188815,28.603999394031206
0.05,6601,89,188904,28.613147531051197
0.05,6602,77,188981,28.620475541420568
0.05,6603,93,189074,28.63022410660206
0.05,6604,-16,189058,28.62346707040121
0.05,6605,72,189130,28.630033303057825
0.05,6606,25,189155,28.629483880732558
0.05,6607,88,189243,28.63846852300242
0.05,6608,93,189336,28.648206990467543
0.05,6609,87,189423,28.657034795763995
0.05,6610,49,189472,28.660111934654363
0.05,6611,-4,189468,28.655172413793103
0.05,6612,80,189548,28.66293663995161
0.05,6613,79,189627,28.670547323858482
0.05,6614,13,189640,28.668178382464095
0.05,6615,16,189656,28.666263603385733
0.05,6616,-62,189594,28.652561583799304
0.05,6617,86,189680,28.661226956784528
0.05,6618,87,189767,28.670040791660373
0.05,6619,81,189848,28.677945619335347
0.05,6620,-27,189821,28.669536323818154
0.05,6621,90,189911,28.678797946239808
0.05,6622,24,189935,28.67809149932055
0.05,6623,26,189961,28.677687198067634
0.05,6624,72,190033,28.68422641509434
0.05,6625,69,190102,28.690310896468457
0.05,6626,89,190191,28.69941149841557
0.05,6627,-198,189993,28.665208207604103
0.05,6628,-106,189887,28.644893649117513
0.05,6629,89,189976,28.65399698340875
0.05,6630,94,190070,28.663851606092596
0.05,6631,-58,190012,28.650784077201447
0.05,6632,71,190083,28.657168701944823
0.05,6633,-88,189995,28.639583961410914
0.05,6634,90,190085,28.648831951770912
0.05,6635,-144,189941,28.622814948764315
0.05,6636,85,190026,28.631309326502937
0.05,6637,83,190109,28.639499849352216
0.05,6638,7,190116,28.636240397650248
0.05,6639,-6,190110,28.63102409638554
0.05,6640,41,190151,28.632886613461828
0.05,6641,-66,190085,28.61863896416742
0.05,6642,92,190177,28.628180039138943
0.05,6643,53,190230,28.631848284166164
0.05,6644,23,190253,28.63100075244545
0.05,6645,31,190284,28.631357207342763
0.05,6646,77,190361,28.638633970212126
0.05,6647,-25,190336,28.630565583634176
0.05,6648,-20,190316,28.62325161678448
0.05,6649,85,190401,28.63172932330827
0.05,6650,-11,190390,28.625770560817923
0.05,6651,58,190448,28.630186410102226
0.05,6652,38,190486,28.63159476927702
0.05,6653,0,190486,28.627291854523595
0.05,6654,-65,190421,28.61322314049587
0.05,6655,86,190507,28.621844951923077
0.05,6656,27,190534,28.621601321916778
0.05,6657,31,190565,28.621958546109944
0.05,6658,78,190643,28.629373779846823
0.05,6659,-98,190545,28.61036036036036
0.05,6660,66,190611,28.61597357754091
0.05,6661,91,190702,28.625337736415492
0.05,6662,-6,190696,28.620141077592677
0.05,6663,77,190773,28.627400960384154
0.05,6664,-13,190760,28.621155288822205
0.05,6665,70,190830,28.62736273627363
0.05,6666,-179,190651,28.59622018899055
0.05,6667,72,190723,28.602729454109177
0.05,6668,89,190812,28.61178587494377
0.05,6669,-81,190731,28.595352323838082
0.05,6670,84,190815,28.603657622545345
0.05,6671,89,190904,28.612709832134293
0.05,6672,69,190973,28.618762175932865
0.05,6673,-58,190915,28.6057836379982
0.05,6674,87,191002,28.61453183520599
0.05,6675,51,191053,28.617884961054525
0.05,6676,56,191109,28.621985921821178
0.05,6677,92,191201,28.631476489967056
0.05,6678,94,191295,28.641263662224883
0.05,6679,85,191380,28.649700598802394
0.05,6680,86,191466,28.65828468792097
0.05,6681,50,191516,28.66147859922179
0.05,6682,-223,191293,28.623821636989376
0.05,6683,86,191379,28.632405745062837
0.05,6684,91,191470,28.641735228122663
0.05,6685,-204,191266,28.606939874364343
0.05,6686,49,191315,28.60998953192762
0.05,6687,86,191401,28.61857057416268
0.05,6688,41,191442,28.620421587681268
0.05,6689,-8,191434,28.61494768310912
0.05,6690,-34,191400,28.60558959796742
0.05,6691,74,191474,28.61237298266587
0.05,6692,-82,191392,28.59584640669356
0.05,6693,-141,191251,28.57051090528832
0.05,6694,30,191281,28.570724421209857
0.05,6695,86,191367,28.579301075268816
0.05,6696,-113,191254,28.558160370315065
0.05,6697,82,191336,28.566139146013736
0.05,6698,73,191409,28.572772055530677
0.05,6699,50,191459,28.57597014925373
0.05,6700,-8,191451,28.57051186390091
0.05,6701,-40,191411,28.56028051327962
0.05,6702,-16,191395,28.553632701775324
0.05,6703,89,191484,28.562649164677804
0.05,6704,84,191568,28.570917225950783
0.05,6705,93,191661,28.580524903071876
0.05,6706,47,191708,28.583271209184435
0.05,6707,62,191770,28.58825283243888
0.05,6708,-17,191753,28.581457743329857
0.05,6709,91,191844,28.590760059612517
0.05,6710,68,191912,28.59663239457607
0.05,6711,27,191939,28.59639451728248
0.05,6712,76,192015,28.60345598093252
0.05,6713,38,192053,28.604855525767054
0.05,6714,62,192115,28.609828741623232
0.05,6715,9,192124,28.606908874329957
0.05,6716,23,192147,28.60607414024118
0.05,6717,60,192207,28.610747246204227
0.05,6718,92,192299,28.620181574639084
0.05,6719,94,192393,28.629910714285714
0.05,6720,78,192471,28.637256360660615
0.05,6721,64,192535,28.64251710800357
0.05,6722,81,192616,28.650304923397293
0.05,6723,92,192708,28.659726353361094
0.05,6724,75,192783,28.66661710037175
0.05,6725,-49,192734,28.655069878085044
0.05,6726,91,192825,28.66433774342203
0.05,6727,81,192906,28.672116527942926
0.05,6728,-131,192775,28.64838757616288
0.05,6729,92,192867,28.65780089153046
0.05,6730,49,192916,28.660823057495172
0.05,6731,91,193007,28.670083184789068
0.05,6732,94,193101,28.67978612802614
0.05,6733,80,193181,28.68740718740719
0.05,6734,-7,193174,28.68210838901262
0.05,6735,92,193266,28.69150831353919
0.05,6736,73,193339,28.698085201128098
0.05,6737,-85,193254,28.681211041852183
0.05,6738,63,193317,28.686303605876244
0.05,6739,65,193382,28.691691394658754
0.05,6740,89,193471,28.700637887553775
0.05,6741,90,193561,28.70973005043014
0.05,6742,21,193582,28.708586682485542
0.05,6743,73,193655,28.71515421115065
0.05,6744,74,193729,28.72186805040771
0.05,6745,81,193810,28.729617551141416
0.05,6746,57,193867,28.733807618200682
0.05,6747,93,193960,28.743331357439242
0.05,6748,85,194045,28.75166691361683
0.05,6749,91,194136,28.76088888888889
0.05,6750,92,194228,28.7702562583321
0.05,6751,87,194315,28.778880331753555
0.05,6752,53,194368,28.782467051680733
0.05,6753,83,194451,28.79049452176488
0.05,6754,59,194510,28.79496669133975
0.05,6755,60,194570,28.799585553582002
0.05,6756,88,194658,28.80834689951162
0.05,6757,71,194729,28.814590115418763
0.05,6758,25,194754,28.814025743453172
0.05,6759,83,194837,28.822041420118342
0.05,6760,10,194847,28.819257506286053
0.05,6761,91,194938,28.828453120378587
0.05,6762,88,195026,28.837202424959337
0.05,6763,70,195096,28.843287995269073
0.05,6764,88,195184,28.852032520325203
0.05,6765,53,195237,28.85560153709725
0.05,6766,83,195320,28.863602778188266
0.05,6767,75,195395,28.87041962174941
0.05,6768,-61,195334,28.857142857142858
0.05,6769,58,195392,28.861447562776956
0.05,6770,-82,195310,28.8450745827795
0.05,6771,-57,195253,28.832398109864148
0.05,6772,-207,195046,28.79757862099513
0.05,6773,81,195127,28.805284912902273
0.05,6774,86,195213,28.813726937269372
0.05,6775,89,195302,28.822609208972846
0.05,6776,23,195325,28.82175003688948
0.05,6777,13,195338,28.81941575686043
0.05,6778,45,195383,28.82180262575601
0.05,6779,-130,195253,28.798377581120945
0.05,6780,54,195307,28.80209408641793
0.05,6781,22,195329,28.801091123562372
0.05,6782,-52,195277,28.789178829426508
0.05,6783,69,195346,28.79510613207547
0.05,6784,37,195383,28.796315401621225
0.05,6785,-109,195274,28.776009431181844
0.05,6786,2,195276,28.772064240459702
0.05,6787,13,195289,28.769740718915735
0.05,6788,81,195370,28.777434084548535
0.05,6789,58,195428,28.781737849779088
0.05,6790,17,195445,28.78000294507436
0.05,6791,59,195504,28.784452296819786
0.05,6792,42,195546,28.786397762402473
0.05,6793,-7,195539,28.781130409184573
0.05,6794,92,195631,28.790434142752023
0.05,6795,31,195662,28.79075927015892
0.05,6796,82,195744,28.798587612181844
0.05,6797,71,195815,28.8047955280965
0.05,6798,-73,195742,28.78982203265186
0.05,6799,-41,195701,28.779558823529413
0.05,6800,-32,195669,28.77062196735774
0.05,6801,78,195747,28.777859453102028
0.05,6802,-11,195736,28.772012347493753
0.05,6803,-32,195704,28.76308054085832
0.05,6804,74,195778,28.76972814107274
0.05,6805,92,195870,28.779018513076696
0.05,6806,18,195888,28.777434993389157
0.05,6807,88,195976,28.786133960047003
0.05,6808,92,196068,28.795417829343517
0.05,6809,5,196073,28.791923641703377
0.05,6810,-21,196052,28.78461312582587
0.05,6811,65,196117,28.78992953611274
0.05,6812,-164,195953,28.76163217378541
0.05,6813,-73,195880,28.74669797475785
0.05,6814,-33,195847,28.737637564196625
0.05,6815,81,195928,28.745305164319248
0.05,6816,-25,195903,28.737421152999854
0.05,6817,74,195977,28.744059841595774
0.05,6818,-56,195921,28.731632204135504
0.05,6819,83,196004,28.739589442815248
0.05,6820,50,196054,28.74270634804281
0.05,6821,92,196146,28.75197889182058
0.05,6822,89,196235,28.760809028286676
0.05,6823,94,196329,28.770369284876907
0.05,6824,89,196418,28.77919413919414
0.05,6825,16,196434,28.777322004101965
0.05,6826,42,196476,28.779258825252672
0.05,6827,9,196485,28.776362038664324
0.05,6828,79,196564,28.783716503148337
0.05,6829,39,196603,28.785212298682286
0.05,6830,93,196696,28.794612794612796
0.05,6831,-54,196642,28.782494145199063
0.05,6832,94,196736,28.792038636031027
0.05,6833,18,196754,28.790459467369036
0.05,6834,-148,196606,28.764594001463056
0.05,6835,-23,196583,28.757021650087772
0.05,6836,5,196588,28.75354687728536
0.05,6837,-40,196548,28.743492249195672
0.05,6838,-39,196509,28.73358678169323
0.05,6839,92,196601,28.742836257309943
0.05,6840,-135,196466,28.718900745505042
0.05,6841,92,196558,28.72814966384098
0.05,6842,86,196644,28.73651907058308
0.05,6843,83,196727,28.74444769140853
0.05,6844,86,196813,28.75281227173119
0.05,6845,-162,196651,28.724948875255624
0.05,6846,76,196727,28.731853366437857
0.05,6847,-24,196703,28.72415303738318
0.05,6848,8,196711,28.721127171849904
0.05,6849,92,196803,28.73036496350365
0.05,6850,84,196887,28.738432345642973
0.05,6851,-175,196712,28.7086981903094
0.05,6852,94,196806,28.718225594630088
0.05,6853,46,196852,28.720747009045812
0.05,6854,64,196916,28.725893508388037
0.05,6855,91,197007,28.73497666277713
0.05,6856,94,197101,28.744494676972437
0.05,6857,-228,196873,28.70705745115194
0.05,6858,-115,196758,28.686105846333284
0.05,6859,28,196786,28.68600583090379
0.05,6860,-4,196782,28.681241801486664
0.05,6861,82,196864,28.689011949868842
0.05,6862,-73,196791,28.67419495847297
0.05,6863,34,196825,28.67497086247086
0.05,6864,34,196859,28.675746540422434
0.05,6865,-111,196748,28.655403437226916
0.05,6866,5,196753,28.65195864278433
0.05,6867,91,196844,28.661036691904485
0.05,6868,24,196868,28.660358130732277
0.05,6869,82,196950,28.66812227074236
0.05,6870,-14,196936,28.66191238538786
0.05,6871,-39,196897,28.652066356228172
0.05,6872,57,196954,28.656190891895825
0.05,6873,-62,196892,28.6430026185627
0.05,6874,65,196957,28.64829090909091
0.05,6875,52,197009,28.651687027341477
0.05,6876,-5,197004,28.646793660026173
0.05,6877,37,197041,28.648008141901716
0.05,6878,-56,196985,28.635702863788342
0.05,6879,-112,196873,28.61526162790698
0.05,6880,90,196963,28.624182531608778
0.05,6881,-259,196704,28.582388840453355
0.05,6882,88,196792,28.59102135696644
0.05,6883,43,196835,28.593114468332367
0.05,6884,94,196929,28.60261437908497
0.05,6885,-75,196854,28.587568980540226
0.05,6886,-41,196813,28.577464788732396
0.05,6887,38,196851,28.57883275261324
0.05,6888,73,196924,28.585280882566412
0.05,6889,4,196928,28.581712626995646
0.05,6890,-30,196898,28.57321143520534
0.05,6891,-88,196810,28.55629715612304
0.05,6892,66,196876,28.56172929058465
0.05,6893,38,196914,28.563098346388163
0.05,6894,94,197008,28.57258883248731
0.05,6895,-63,196945,28.559309744779583
0.05,6896,-19,196926,28.55241409308395
0.05,6897,-217,196709,28.516816468541606
0.05,6898,95,196804,28.526453109146253
0.05,6899,93,196897,28.535797101449276
0.05,6900,2,196899,28.531951891030285
0.05,6901,-30,196869,28.52347145754854
0.05,6902,94,196963,28.53295668549906
0.05,6903,15,196978,28.530996523754347
0.05,6904,-201,196777,28.497755249818972
0.05,6905,-28,196749,28.48957428323197
0.05,6906,90,196839,28.498479803098306
0.05,6907,-10,196829,28.49290677475391
0.05,6908,59,196888,28.497322333188595
0.05,6909,80,196968,28.504775687409552
0.05,6910,89,197057,28.513529156417306
0.05,6911,45,197102,28.51591435185185
0.05,6912,63,197165,28.52090264718646
0.05,6913,91,197256,28.52993925368817
0.05,6914,-102,197154,28.51106290672451
0.05,6915,53,197207,28.514603817235397
0.05,6916,84,197291,28.52262541564262
0.05,6917,83,197374,28.530500144550448
0.05,6918,16,197390,28.52868911692441
0.05,6919,88,197478,28.53728323699422
0.05,6920,93,197571,28.54659731252709
0.05,6921,78,197649,28.55374169315227
0.05,6922,47,197696,28.556406182290914
0.05,6923,93,197789,28.5657134604275
0.05,6924,-104,197685,28.546570397111914
0.05,6925,12,197697,28.544181345654057
0.05,6926,-49,197648,28.532986862999856
0.05,6927,47,197695,28.535652424942263
0.05,6928,86,197781,28.54394573531534
0.05,6929,-54,197727,28.53203463203463
0.05,6930,91,197818,28.54104746789785
0.05,6931,-49,197769,28.529861511829196
0.05,6932,39,197808,28.531371700562527
0.05,6933,-7,197801,28.52624747620421
0.05,6934,80,197881,28.533669790915646
0.05,6935,84,197965,28.541666666666668
0.05,6936,69,198034,28.547498918840997
0.05,6937,-53,197981,28.53574517151917
0.05,6938,-5,197976,28.530912235192393
0.05,6939,58,198034,28.53515850144092
0.05,6940,-144,197890,28.510301109350237
0.05,6941,80,197970,28.51771823681936
0.05,6942,59,198029,28.522108598588506
0.05,6943,92,198121,28.53125
0.05,6944,26,198147,28.53088552915767
0.05,6945,62,198209,28.535704002303483
0.05,6946,39,198248,28.537210306607168
0.05,6947,31,198279,28.537564766839377
0.05,6948,84,198363,28.545546121744135
0.05,6949,60,198423,28.550071942446042
0.05,6950,25,198448,28.54956121421378
0.05,6951,78,198526,28.556674338319908
0.05,6952,75,198601,28.563353947936143
0.05,6953,34,198635,28.56413574920909
0.05,6954,-26,198609,28.55629043853343
0.05,6955,-75,198534,28.54140310523289
0.05,6956,-80,198454,28.525801351157106
0.05,6957,-36,198418,28.516527737855707
0.05,6958,83,198501,28.524356947837333
0.05,6959,94,198595,28.533764367816094
0.05,6960,57,198652,28.53785375664416
0.05,6961,-292,198360,28.49181269750072
0.05,6962,15,198375,28.489875053856096
0.05,6963,19,198394,28.488512349224585
0.05,6964,90,198484,28.497343862167984
0.05,6965,81,198565,28.504880849842092
0.05,6966,82,198647,28.51255920769341
0.05,6967,-65,198582,28.499138920780712
0.05,6968,92,198674,28.50825082508251
0.05,6969,-63,198611,28.495121951219513
0.05,6970,73,198684,28.501506240137715
0.05,6971,-30,198654,28.493115318416525
0.05,6972,93,198747,28.50236626989818
0.05,6973,22,198769,28.50143389733295
0.05,6974,63,198832,28.50637992831541
0.05,6975,-93,198739,28.488962155963304
0.05,6976,15,198754,28.487028808943673
0.05,6977,8,198762,28.48409286328461
0.05,6978,-57,198705,28.47184410373979
0.05,6979,94,198799,28.481232091690543
0.05,6980,65,198864,28.48646325741298
0.05,6981,-75,198789,28.47164136350616
0.05,6982,55,198844,28.475440355148216
0.05,6983,47,198891,28.478092783505154
0.05,6984,94,198985,28.487473156764494
0.05,6985,-17,198968,28.480961923847694
0.05,6986,83,199051,28.488764849005296
0.05,6987,-66,198985,28.475243274184315
0.05,6988,50,199035,28.478323079124337
0.05,6989,-54,198981,28.466523605150215
0.05,6990,67,199048,28.47203547418109
0.05,6991,81,199129,28.47954805491991
0.05,6992,76,199205,28.486343486343486
0.05,6993,13,199218,28.484129253645982
0.05,6994,75,199293,28.490779127948535
0.05,6995,89,199382,28.499428244711265
0.05,6996,87,199469,28.507789052451052
0.05,6997,81,199550,28.515290082880824
0.05,6998,-19,199531,28.50850121445921
0.05,6999,93,199624,28.517714285714284
0.05,7000,-15,199609,28.51149835737752
0.05,7001,92,199701,28.520565552699228
0.05,7002,94,199795,28.52991575039269
0.05,7003,21,199816,28.528840662478583
0.05,7004,93,199909,28.53804425410421
0.05,7005,-2,199907,28.53368541250357
0.05,7006,-167,199740,28.505779934351363
0.05,7007,90,199830,28.51455479452055
0.05,7008,94,199924,28.52389784562705
0.05,7009,64,199988,28.528958630527818
0.05,7010,22,200010,28.528027385537012
0.05,7011,-142,199868,28.50370792926412
0.05,7012,-29,199839,28.49550834165122
0.05,7013,-7,199832,28.490447676076418
0.05,7014,81,199913,28.49793300071276
0.05,7015,3,199916,28.49429874572406
0.05,7016,-59,199857,28.48182984181274
0.05,7017,63,199920,28.48674836135651
0.05,7018,15,199935,28.48482689841858
0.05,7019,-18,199917,28.47820512820513
0.05,7020,-40,199877,28.468451787494658
0.05,7021,72,199949,28.47465109655369
0.05,7022,89,200038,28.483269258151786
0.05,7023,52,200090,28.486617312072894
0.05,7024,-250,199840,28.44697508896797
0.05,7025,-97,199743,28.429120409906062
0.05,7026,94,199837,28.43845168635264
0.05,7027,58,199895,28.442657939669893
0.05,7028,3,199898,28.439038270024184
0.05,7029,22,199920,28.438122332859177
0.05,7030,93,200013,28.44730479305931
0.05,7031,88,200101,28.455773606370876
0.05,7032,73,200174,28.462107208872457
0.05,7033,0,200174,28.45806084731305
0.05,7034,-2,200172,28.453731343283582
0.05,7035,88,200260,28.462194428652644
0.05,7036,89,200349,28.470797214722182
0.05,7037,60,200409,28.475277067348678
0.05,7038,41,200450,28.477056400056828
0.05,7039,-75,200375,28.462357954545453
0.05,7040,86,200461,28.470529754296265
0.05,7041,-73,200388,28.456120420335132
0.05,7042,-101,200287,28.43773959960244
0.05,7043,-148,200139,28.412691652470187
0.05,7044,17,200156,28.411071682044003
0.05,7045,-146,200010,28.3863184785694
0.05,7046,85,200095,28.394352206612744
0.05,7047,19,200114,28.393019296254256
0.05,7048,-90,200024,28.376223577812457
0.05,7049,82,200106,28.383829787234042
0.05,7050,63,200169,28.388739185931072
0.05,7051,44,200213,28.39095292115712
0.05,7052,84,200297,28.39883737416702
0.05,7053,46,200343,28.40133257726113
0.05,7054,-134,200209,28.37831325301205
0.05,7055,79,200288,28.385487528344672
0.05,7056,-87,200201,28.369137027065324
0.05,7057,30,200231,28.36936809294418
0.05,7058,21,200252,28.368324125230203
0.05,7059,94,200346,28.377620396600566
0.05,7060,75,200421,28.38422319784733
0.05,7061,88,200509,28.392664967431323
0.05,7062,69,200578,28.398414271555996
0.05,7063,-34,200544,28.389580973952434
0.05,7064,-156,200388,28.363481953290872
0.05,7065,-53,200335,28.35196716671384
0.05,7066,-68,200267,28.3383330974954
0.05,7067,54,200321,28.341963780418787
0.05,7068,13,200334,28.339793464422126
0.05,7069,85,200419,28.347807637906648
0.05,7070,-35,200384,28.33884881912035
0.05,7071,59,200443,28.343184389140273
0.05,7072,-117,200326,28.3226353739573
0.05,7073,92,200418,28.331636980491943
0.05,7074,-27,200391,28.32381625441696
0.05,7075,-38,200353,28.314443188241945
0.05,7076,-225,200128,28.27864914511799
0.05,7077,0,200128,28.274653857021757
0.05,7078,40,200168,28.276310213306964
0.05,7079,81,200249,28.283757062146893
0.05,7080,75,200324,28.29035446970767
0.05,7081,77,200401,28.297232420220276
0.05,7082,-23,200378,28.289990117181986
0.05,7083,25,200403,28.289525691699605
0.05,7084,-10,200393,28.284121383203953
0.05,7085,4,200397,28.280694326841658
0.05,7086,-198,200199,28.248765344997885
0.05,7087,93,200292,28.257900677200904
0.05,7088,-23,200269,28.250670052193538
0.05,7089,-31,200238,28.242313117066292
0.05,7090,-15,200223,28.236214920321533
0.05,7091,17,200240,28.234630569655952
0.05,7092,84,200324,28.242492598336387
0.05,7093,73,200397,28.248801804341696
0.05,7094,67,200464,28.254263565891474
0.05,7095,92,200556,28.26324689966178
0.05,7096,-14,200542,28.2572918134423
0.05,7097,-183,200359,28.227528881375036
0.05,7098,46,200405,28.230032398929428
0.05,7099,-1,200404,28.225915492957746
0.05,7100,31,200435,28.226306154062808
0.05,7101,83,200518,28.234018586313713
0.05,7102,-50,200468,28.22300436435309
0.05,7103,-227,200241,28.1870777027027
0.05,7104,80,200321,28.194370161857847
0.05,7105,93,200414,28.20349000844357
0.05,7106,18,200432,28.2020543126495
0.05,7107,91,200523,28.21088913899831
0.05,7108,91,200614,28.21972147981432
0.05,7109,88,200702,28.228129395218
0.05,7110,31,200733,28.22851919561243
0.05,7111,-85,200648,28.212598425196852
0.05,7112,87,200735,28.220863208210318
0.05,7113,-33,200702,28.212257520382344
0.05,7114,89,200791,28.2208011243851
0.05,7115,92,200883,28.229763912310286
0.05,7116,-84,200799,28.21399466067163
0.05,7117,-150,200649,28.188957572351786
0.05,7118,66,200715,28.194268857985673
0.05,7119,88,200803,28.202668539325842
0.05,7120,36,200839,28.203763516360063
0.05,7121,66,200905,28.20907048581859
0.05,7122,50,200955,28.212129720623334
0.05,7123,42,200997,28.214065131948345
0.05,7124,-29,200968,28.206035087719297
0.05,7125,22,200990,28.20516418748246
0.05,7126,87,201077,28.213413778588468
0.05,7127,27,201104,28.21324354657688
0.05,7128,83,201187,28.220928601486886
0.05,7129,83,201270,28.228611500701263
0.05,7130,14,201284,28.226616182863552
0.05,7131,91,201375,28.235417835109367
0.05,7132,-245,201130,28.19711201458012
0.05,7133,88,201218,28.205494813568826
0.05,7134,24,201242,28.20490539593553
0.05,7135,58,201300,28.20908071748879
0.05,7136,83,201383,28.216757741347905
0.05,7137,41,201424,28.21854861305688
0.05,7138,-205,201219,28.185880375402718
0.05,7139,90,201309,28.19453781512605
0.05,7140,28,201337,28.194510572748914
0.05,7141,85,201422,28.202464295715487
0.05,7142,23,201445,28.201735965280694
0.05,7143,69,201514,28.20744680851064
0.05,7144,37,201551,28.208677396780967
0.05,7145,81,201632,28.21606493143017
0.05,7146,79,201711,28.22317056107458
0.05,7147,75,201786,28.22971460548405
0.05,7148,19,201805,28.22842355574206
0.05,7149,70,201875,28.234265734265733
0.05,7150,-20,201855,28.227520626485806
0.05,7151,-66,201789,28.214345637583893
0.05,7152,-142,201647,28.19054941982385
0.05,7153,65,201712,28.195694716242663
0.05,7154,36,201748,28.196785464709993
0.05,7155,-160,201588,28.170486305198434
0.05,7156,86,201674,28.178566438451867
0.05,7157,-78,201596,28.163732886281085
0.05,7158,26,201622,28.163430646738373
0.05,7159,50,201672,28.166480446927373
0.05,7160,40,201712,28.16813294232649
0.05,7161,91,201803,28.17690589220888
0.05,7162,53,201856,28.180371352785144
0.05,7163,91,201947,28.189140145170295
0.05,7164,86,202033,28.197208653175156
0.05,7165,30,202063,28.1974602288585
0.05,7166,42,202105,28.199386075066275
0.05,7167,68,202173,28.204938616071427
0.05,7168,-226,201947,28.169479704282328
0.05,7169,73,202020,28.175732217573223
0.05,7170,88,202108,28.18407474550272
0.05,7171,80,202188,28.191299498047965
0.05,7172,79,202267,28.198382824480692
0.05,7173,85,202352,28.206300529690548
0.05,7174,21,202373,28.205296167247386
0.05,7175,-311,202062,28.15802675585284
0.05,7176,71,202133,28.16399609864846
0.05,7177,32,202165,28.164530509891335
0.05,7178,78,202243,28.171472349909457
0.05,7179,84,202327,28.17924791086351
0.05,7180,-5,202322,28.17462748920763
0.05,7181,-43,202279,28.164717348927876
0.05,7182,90,202369,28.173325908394823
0.05,7183,57,202426,28.177338530066816
0.05,7184,-74,202352,28.16311760612387
0.05,7185,75,202427,28.169635402170886
0.05,7186,62,202489,28.174342562960902
0.05,7187,58,202547,28.178491930996106
0.05,7188,94,202641,28.187647795242732
0.05,7189,-56,202585,28.175938803894297
0.05,7190,94,202679,28.185092476706995
0.05,7191,-34,202645,28.176446051167964
0.05,7192,84,202729,28.184206867788127
0.05,7193,90,202819,28.192799555184877
0.05,7194,65,202884,28.197915218902015
0.05,7195,55,202939,28.201639799888827
0.05,7196,60,202999,28.206058079755454
0.05,7197,92,203091,28.214920811336484
0.05,7198,78,203169,28.221836366161966
0.05,7199,74,203243,28.228194444444444
0.05,7200,68,203311,28.233717539230664
0.05,7201,88,203399,28.242016106637045
0.05,7202,-65,203334,28.229071220324865
0.05,7203,90,203424,28.2376457523598
0.05,7204,75,203499,28.2441360166551
0.05,7205,81,203580,28.251457119067442
0.05,7206,-110,203470,28.232274177882616
0.05,7207,81,203551,28.2395948945616
0.05,7208,22,203573,28.23872936607019
0.05,7209,68,203641,28.244244105409155
0.05,7210,38,203679,28.245597004576343
0.05,7211,95,203774,28.254853022739876
0.05,7212,-20,203754,28.248163038957436
0.05,7213,66,203820,28.253396174105905
0.05,7214,86,203906,28.261399861399862
0.05,7215,66,203972,28.266629711751662
0.05,7216,-21,203951,28.259803242344464
0.05,7217,-13,203938,28.254087004710446
0.05,7218,72,204010,28.260146834741654
0.05,7219,41,204051,28.261911357340722
0.05,7220,21,204072,28.260905691732447
0.05,7221,76,204148,28.26751592356688
0.05,7222,62,204210,28.27218607226914
0.05,7223,54,204264,28.27574750830565
0.05,7224,66,204330,28.280968858131487
0.05,7225,70,204400,28.28674231940216
0.05,7226,1,204401,28.282966652829668
0.05,7227,61,204462,28.28749308245711
0.05,7228,37,204499,28.28869829851985
0.05,7229,-27,204472,28.281051175656984
0.05,7230,69,204541,28.28668233992532
0.05,7231,-188,204353,28.256775442477878
0.05,7232,82,204435,28.26420572376607
0.05,7233,-2,204433,28.260022117777165
0.05,7234,54,204487,28.2635798203179
0.05,7235,21,204508,28.262576008844665
0.05,7236,84,204592,28.27027773939478
0.05,7237,51,204643,28.27341807129041
0.05,7238,15,204658,28.271584472993506
0.05,7239,37,204695,28.27279005524862
0.05,7240,-113,204582,28.253279933710814
0.05,7241,-54,204528,28.24192212096106
0.05,7242,87,204615,28.250034516084494
0.05,7243,84,204699,28.257730535615682
0.05,7244,93,204792,28.266666666666666
0.05,7245,-72,204720,28.25282914711565
0.05,7246,21,204741,28.251828342762522
0.05,7247,95,204836,28.261037527593817
0.05,7248,-152,204684,28.23617050627673
0.05,7249,83,204767,28.243724137931036
0.05,7250,88,204855,28.25196524617294
0.05,7251,86,204941,28.25992829564258
0.05,7252,66,205007,28.265131669653936
0.05,7253,85,205092,28.272952853598014
0.05,7254,71,205163,28.278842177808407
0.05,7255,-1,205162,28.274807056229328
0.05,7256,-294,204868,28.230398236185753
0.05,7257,85,204953,28.23821989528796
0.05,7258,82,205035,28.24562611930018
0.05,7259,48,205083,28.248347107438015
0.05,7260,-45,205038,28.23825919294863
0.05,7261,-83,204955,28.22294133847425
0.05,7262,88,205043,28.231171692138236
0.05,7263,46,205089,28.233617841409693
0.05,7264,-67,205022,28.220509291121818
0.05,7265,90,205112,28.229011835948253
0.05,7266,29,205141,28.229117930370165
0.05,7267,54,205195,28.232663731425426
0.05,7268,24,205219,28.23208144173889
0.05,7269,94,205313,28.241127922971113
0.05,7270,41,205354,28.2428826846376
0.05,7271,48,205402,28.245599559955995
0.05,7272,94,205496,28.25464045098309
0.05,7273,85,205581,28.26244157272477
0.05,7274,49,205630,28.26529209621993
0.05,7275,-23,205607,28.258246289169872
0.05,7276,27,205634,28.258073381888142
0.05,7277,66,205700,28.263259137125583
0.05,7278,78,205778,28.27009204561066
0.05,7279,68,205846,28.275549450549452
0.05,7280,-125,205721,28.254498008515313
0.05,7281,77,205798,28.261191980225213
0.05,7282,81,205879,28.268433337910203
0.05,7283,53,205932,28.271828665568368
0.05,7284,49,205981,28.274673987645848
0.05,7285,84,206065,28.282322261872082
0.05,7286,78,206143,28.289145052833813
0.05,7287,34,206177,28.289928649835346
0.05,7288,25,206202,28.289477294553436
0.05,7289,-121,206081,28.268998628257886
0.05,7290,13,206094,28.266904402688247
0.05,7291,55,206149,28.270570488206253
0.05,7292,40,206189,28.272178801590567
0.05,7293,13,206202,28.27008500137099
0.05,7294,94,206296,28.27909527073338
0.05,7295,92,206388,28.28782894736842
0.05,7296,85,206473,28.29560093188982
0.05,7297,-39,206434,28.286379830090436
0.05,7298,-14,206420,28.28058638169612
0.05,7299,94,206514,28.28958904109589
0.05,7300,31,206545,28.28996027941378
0.05,7301,81,206626,28.29717885510819
0.05,7302,91,206717,28.3057647542106
0.05,7303,43,206760,28.30777656078861
0.05,7304,14,206774,28.305817932922654
0.05,7305,81,206855,28.313030385984124
0.05,7306,-88,206767,28.297112358012864
0.05,7307,-17,206750,28.290914066776136
0.05,7308,45,206795,28.293200164181147
0.05,7309,73,206868,28.299316005471955
0.05,7310,69,206937,28.304883052933935
0.05,7311,-15,206922,28.298960612691467
0.05,7312,76,206998,28.3054833857514
0.05,7313,22,207020,28.304621274268527
0.05,7314,-40,206980,28.295283663704716
0.05,7315,79,207059,28.302214324767633
0.05,7316,93,207152,28.311056443897773
0.05,7317,87,207239,28.319076250341624
0.05,7318,73,207312,28.32518103566061
0.05,7319,92,207404,28.333879781420766
0.05,7320,87,207491,28.341893183991257
0.05,7321,-24,207467,28.3347446052991
0.05,7322,60,207527,28.3390686876963
0.05,7323,94,207621,28.34803386127799
0.05,7324,-85,207536,28.332559726962458
0.05,7325,-113,207423,28.313267813267814
0.05,7326,93,207516,28.32209635594377
0.05,7327,85,207601,28.3298307860262
0.05,7328,34,207635,28.33060444808296
0.05,7329,10,207645,28.328103683492497
0.05,7330,90,207735,28.336516164234073
0.05,7331,38,207773,28.337834151663937
0.05,7332,90,207863,28.346243011045956
0.05,7333,-83,207780,28.331060812653394
0.05,7334,-8,207772,28.32610770279482
0.05,7335,17,207789,28.324563794983643
0.05,7336,-61,207728,28.3123892599155
0.05,7337,28,207756,28.312346688470974
0.05,7338,80,207836,28.31938956261071
0.05,7339,91,207927,28.327929155313353
0.05,7340,94,208021,28.336875085138264
0.05,7341,-2,208019,28.332743121765187
0.05,7342,84,208103,28.340324118207818
0.05,7343,82,208185,28.34763071895425
0.05,7344,77,208262,28.35425459496256
0.05,7345,81,208343,28.361421181595425
0.05,7346,82,208425,28.36872192731727
0.05,7347,21,208446,28.367719107240067
0.05,7348,90,208536,28.376105592597632
0.05,7349,70,208606,28.381768707482994
0.05,7350,49,208655,28.384573527411238
0.05,7351,71,208726,28.39036996735582
0.05,7352,-60,208666,28.378348973208215
0.05,7353,64,208730,28.383192820233887
0.05,7354,-26,208704,28.375798776342624
0.05,7355,55,208759,28.37941816204459
0.05,7356,85,208844,28.38711431289928
0.05,7357,46,208890,28.389508018483284
0.05,7358,86,208976,28.397336594646013
0.05,7359,-138,208838,28.374728260869563
0.05,7360,-17,208821,28.368564053797037
0.05,7361,-310,208511,28.322602553653898
0.05,7362,-192,208319,28.292679614287653
0.05,7363,93,208412,28.30146659424226
0.05,7364,-213,208199,28.26870332654447
0.05,7365,51,208250,28.271789302199295
0.05,7366,86,208336,28.279625356318718
0.05,7367,-4,208332,28.275244299674267
0.05,7368,-14,208318,28.26950739584747
0.05,7369,66,208384,28.274626865671642
0.05,7370,90,208474,28.283000949667617
0.05,7371,33,208507,28.283640803038523
0.05,7372,92,208599,28.292282652922825
0.05,7373,85,208684,28.29997287767833
0.05,7374,52,208736,28.303186440677965
0.05,7375,19,208755,28.301925162689805
0.05,7376,58,208813,28.305950928561746
0.05,7377,59,208872,28.310111141230685
0.05,7378,-225,208647,28.275782626372138
0.05,7379,80,208727,28.28279132791328
0.05,7380,33,208760,28.2834304294811
0.05,7381,86,208846,28.291248984015173
0.05,7382,-186,208660,28.26222402817283
0.05,7383,91,208751,28.27072047670639
0.05,7384,-25,208726,28.26350710900474
0.05,7385,-2,208724,28.259409694015705
0.05,7386,14,208738,28.257479355624746
0.05,7387,-130,208608,28.236058473199783
0.05,7388,91,208699,28.24455271349303
0.05,7389,82,208781,28.251826792963463
0.05,7390,3,208784,28.248410228656475
0.05,7391,88,208872,28.256493506493506
0.05,7392,91,208963,28.26498038685243
0.05,7393,85,209048,28.27265350284014
0.05,7394,89,209137,28.280865449628127
0.05,7395,76,209213,28.28731746890211
0.05,7396,3,209216,28.283898877923484
0.05,7397,-109,209107,28.265341984320088
0.05,7398,80,209187,28.272334099202595
0.05,7399,91,209278,28.28081081081081
0.05,7400,17,209295,28.279286582894205
0.05,7401,-522,208773,28.204944609564983
0.05,7402,2,208775,28.201404835877348
0.05,7403,13,208788,28.19935170178282
0.05,7404,-221,208567,28.16569885212694
0.05,7405,86,208653,28.173507966513636
0.05,7406,91,208744,28.18199000945052
0.05,7407,-52,208692,28.171166306695465
0.05,7408,68,208760,28.176542043460657
0.05,7409,24,208784,28.175978407557356
0.05,7410,82,208866,28.183241128052895
0.05,7411,70,208936,28.188882892606586
0.05,7412,92,209028,28.19749089437475
0.05,7413,93,209121,28.206231454005934
0.05,7414,-7,209114,28.20148347943358
0.05,7415,16,209130,28.199838187702266
0.05,7416,55,209185,28.203451530268303
0.05,7417,84,209269,28.21097330816932
0.05,7418,71,209340,28.21674080064699
0.05,7419,91,209431,28.22520215633423
0.05,7420,-253,209178,28.18730629295243
0.05,7421,91,209269,28.19576933441121
0.05,7422,65,209334,28.200727468678433
0.05,7423,6,209340,28.197737068965516
0.05,7424,-37,209303,28.18895622895623
0.05,7425,81,209384,28.196067869647184
0.05,7426,82,209466,28.20331223912751
0.05,7427,46,209512,28.205708131394722
0.05,7428,80,209592,28.212680037690134
0.05,7429,40,209632,28.214266487213997
0.05,7430,88,209720,28.222311936482303
0.05,7431,72,209792,28.228202368137783
0.05,7432,23,209815,28.227498990986142
0.05,7433,67,209882,28.232714554748455
0.05,7434,-70,209812,28.21950235373235
0.05,7435,-137,209675,28.197283485745025
0.05,7436,91,209766,28.205728116175877
0.05,7437,73,209839,28.211750470556602
0.05,7438,19,209858,28.210512165613657
0.05,7439,28,209886,28.210483870967742
0.05,7440,85,209971,28.218115844644537
0.05,7441,46,210017,28.22050524052674
0.05,7442,-43,209974,28.21093645035604
0.05,7443,94,210068,28.21977431488447
0.05,7444,67,210135,28.224983210208194
0.05,7445,12,210147,28.222804190169217
0.05,7446,64,210211,28.22760843292601
0.05,7447,25,210236,28.22717508055854
0.05,7448,-16,210220,28.221237750033563
0.05,7449,91,210311,28.229664429530203
0.05,7450,61,210372,28.23406254194068
0.05,7451,58,210430,28.238056897477186
0.05,7452,-141,210289,28.215349523681738
0.05,7453,23,210312,28.214649852428227
0.05,7454,89,210401,28.22280348759222
0.05,7455,32,210433,28.22331008583691
0.05,7456,26,210459,28.223011935094544
0.05,7457,-245,210214,28.186377044784123
0.05,7458,65,210279,28.191312508379138
0.05,7459,13,210292,28.189276139410186
0.05,7460,-35,210257,28.18080686235089
0.05,7461,72,210329,28.186679174484052
0.05,7462,-42,210287,28.177274554468713
0.05,7463,56,210343,28.181002143622724
0.05,7464,-16,210327,28.175083724045546
0.05,7465,65,210392,28.180016072863648
0.05,7466,35,210427,28.180929422793625
0.05,7467,-148,210279,28.157337975361543
0.05,7468,89,210368,28.165484000535546
0.05,7469,-8,210360,28.160642570281123
0.05,7470,90,210450,28.168919823316823
0.05,7471,-72,210378,28.155513918629552
0.05,7472,91,210469,28.163923457781348
0.05,7473,7,210476,28.16109178485416
0.05,7474,-53,210423,28.150234113712376
0.05,7475,10,210433,28.147806313536652
0.05,7476,29,210462,28.147920288885917
0.05,7477,-88,210374,28.13238833912811
0.05,7478,73,210447,28.13838748495788
0.05,7479,92,210539,28.14692513368984
0.05,7480,-55,210484,28.135810720491914
0.05,7481,82,210566,28.143009890403636
0.05,7482,23,210589,28.142322597888548
0.05,7483,58,210647,28.14631213254944
0.05,7484,71,210718,28.15203740814963
0.05,7485,26,210744,28.151749933208656
0.05,7486,-208,210536,28.120208361159342
0.05,7487,18,210554,28.118856837606838
0.05,7488,-54,210500,28.107891574308987
0.05,7489,67,210567,28.113084112149533
0.05,7490,-106,210461,28.09518088372714
0.05,7491,91,210552,28.10357714895889
0.05,7492,40,210592,28.105164820499134
0.05,7493,94,210686,28.113957832933014
0.05,7494,95,210781,28.122881921280854
0.05,7495,82,210863,28.130069370330844
0.05,7496,68,210931,28.135387488328664
0.05,7497,90,211021,28.14363830354761
0.05,7498,53,211074,28.14695292705694
0.05,7499,9,211083,28.1444
0.05,7500,94,211177,28.153179576056527
0.05,7501,37,211214,28.154358837643294
0.05,7502,64,211278,28.159136345461814
0.05,7503,45,211323,28.161380597014926
0.05,7504,68,211391,28.166688874083945
0.05,7505,90,211481,28.174926725286436
0.05,7506,41,211522,28.1766351405355
0.05,7507,38,211560,28.177943526904635
0.05,7508,34,211594,28.178718870688506
0.05,7509,94,211688,28.187483355525966
0.05,7510,62,211750,28.191985088536814
0.05,7511,74,211824,28.19808306709265
0.05,7512,-95,211729,28.18168507919606
0.05,7513,33,211762,28.182326324194836
0.05,7514,-65,211697,28.169926813040586
0.05,7515,60,211757,28.174161788185206
0.05,7516,94,211851,28.1829187175735
0.05,7517,31,211882,28.183293429103486
0.05,7518,-88,211794,28.167841468280358
0.05,7519,-89,211705,28.15226063829787
0.05,7520,46,211751,28.154633692328147
0.05,7521,-149,211602,28.131082159000265
0.05,7522,24,211626,28.130533032035093
0.05,7523,-37,211589,28.121876661350345
0.05,7524,23,211612,28.121196013289037
0.05,7525,73,211685,28.12715918150412
0.05,7526,49,211734,28.129932243921882
0.05,7527,46,211780,28.132306057385758
0.05,7528,50,211830,28.135210519325277
0.05,7529,72,211902,28.141035856573705
0.05,7530,-6,211896,28.136502456513078
0.05,7531,24,211920,28.13595326606479
0.05,7532,94,212014,28.144696667994157
0.05,7533,91,212105,28.153039554021767
0.05,7534,89,212194,28.161114797611148
0.05,7535,90,212284,28.16932059447983
0.05,7536,-32,212252,28.161337402149396
0.05,7537,18,212270,28.159989387105334
0.05,7538,-61,212209,28.148162886324446
0.05,7539,-1,212208,28.144297082228118
0.05,7540,34,212242,28.14507359766609
0.05,7541,36,212278,28.146115088835852
0.05,7542,50,212328,28.149012329311944
0.05,7543,53,212381,28.152306468716862
0.05,7544,83,212464,28.159575878064945
0.05,7545,63,212527,28.164192949907235
0.05,7546,25,212552,28.16377368490791
0.05,7547,87,212639,28.17156862745098
0.05,7548,-125,212514,28.15127831500861
0.05,7549,25,212539,28.15086092715232
0.05,7550,-190,212349,28.12197059992054
0.05,7551,92,212441,28.13042902542373
0.05,7552,52,212493,28.133589302264
0.05,7553,88,212581,28.141514429441354
0.05,7554,93,212674,28.150099272005296
0.05,7555,-21,212653,28.143594494441505
0.05,7556,61,212714,28.147942305147545
0.05,7557,11,212725,28.145673458586927
0.05,7558,-54,212671,28.134806191295144
0.05,7559,42,212713,28.136640211640213
0.05,7560,9,212722,28.134109244808887
0.05,7561,-35,212687,28.125760380851627
0.05,7562,65,212752,28.13063599100886
0.05,7563,82,212834,28.137757800105764
0.05,7564,77,212911,28.14421678783873
0.05,7565,65,212976,28.149088025376685
0.05,7566,-6,212970,28.14457512884895
0.05,7567,84,213054,28.151955602536997
0.05,7568,84,213138,28.159334126040427
0.05,7569,69,213207,28.164729194187583
0.05,7570,1,213208,28.161141196671508
0.05,7571,43,213251,28.163100898045432
0.05,7572,93,213344,28.171662485144594
0.05,7573,-38,213306,28.162925798785317
0.05,7574,79,213385,28.16963696369637
0.05,7575,73,213458,28.17555438225977
0.05,7576,57,213515,28.179358585192027
0.05,7577,90,213605,28.187516495117446
0.05,7578,89,213694,28.195540308747855
0.05,7579,62,213756,28.2
0.05,7580,50,213806,28.202875610077825
0.05,7581,-52,213754,28.19229754682142
0.05,7582,87,213841,28.20005274957141
0.05,7583,69,213910,28.20543248945148
0.05,7584,9,213919,28.202900461437046
0.05,7585,-104,213815,28.185473240179277
0.05,7586,65,213880,28.1903255568736
0.05,7587,61,213941,28.194649446494466
0.05,7588,20,213961,28.19356964026881
0.05,7589,15,213976,28.19183135704875
0.05,7590,45,214021,28.194045580292453
0.05,7591,61,214082,28.19836670179136
0.05,7592,67,214149,28.203476886606083
0.05,7593,-53,214096,28.192783776665788
0.05,7594,-205,213891,28.16208031599737
0.05,7595,89,213980,28.17008952080042
0.05,7596,65,214045,28.174937475319204
0.05,7597,-70,213975,28.162016320084234
0.05,7598,95,214070,28.17081194894065
0.05,7599,88,214158,28.178684210526317
0.05,7600,-18,214140,28.172608867254308
0.05,7601,52,214192,28.17574322546698
0.05,7602,-245,213947,28.139813231619097
0.05,7603,80,214027,28.146633350867965
0.05,7604,-21,214006,28.14017094017094
0.05,7605,-142,213864,28.117801735471996
0.05,7606,81,213945,28.12475351649796
0.05,7607,24,213969,28.124211356466876
0.05,7608,78,214047,28.13076619792351
0.05,7609,6,214053,28.127858081471746
0.05,7610,63,214116,28.132439889633424
0.05,7611,74,214190,28.138465580662114
0.05,7612,84,214274,28.145803231314858
0.05,7613,89,214363,28.153795639611243
0.05,7614,-36,214327,28.145370978332238
0.05,7615,94,214421,28.154017857142858
0.05,7616,-31,214390,28.14625180517264
0.05,7617,73,214463,28.152139669204516
0.05,7618,44,214507,28.15421971387321
0.05,7619,-37,214470,28.14566929133858
0.05,7620,9,214479,28.143157066001837
0.05,7621,88,214567,28.151010233534507
0.05,7622,66,214633,28.15597533779352
0.05,7623,-61,214572,28.144281217208814
0.05,7624,33,214605,28.144918032786887
0.05,7625,67,214672,28.150013113034355
0.05,7626,50,214722,28.152877933656747
0.05,7627,33,214755,28.153513371788147
0.05,7628,94,214849,28.162144448813738
0.05,7629,38,214887,28.163433813892528
0.05,7630,92,214979,28.17179923994234
0.05,7631,-75,214904,28.158280922431867
0.05,7632,89,214993,28.166251801388707
0.05,7633,61,215054,28.170552790149333
0.05,7634,-13,215041,28.165160445317618
0.05,7635,-27,215014,28.157936092194866
0.05,7636,-129,214885,28.137357601152285
0.05,7637,-19,214866,28.131186174391203
0.05,7638,-27,214839,28.123969105903914
0.05,7639,14,214853,28.12212041884817
0.05,7640,-243,214610,28.08663787462374
0.05,7641,78,214688,28.093169327401203
0.05,7642,-92,214596,28.077456496140258
0.05,7643,-95,214501,28.06135531135531
0.05,7644,-407,214094,28.00444735120994
0.05,7645,-27,214067,27.997253465864503
0.05,7646,-38,214029,27.98862298940761
0.05,7647,-110,213919,27.970580543933053
0.05,7648,61,213980,27.974898679565957
0.05,7649,49,214029,27.97764705882353
0.05,7650,7,214036,27.97490524114495
0.05,7651,81,214117,27.9818348144276
0.05,7652,80,214197,27.98863190905527
0.05,7653,72,214269,27.99438202247191
0.05,7654,1,214270,27.990855649902024
0.05,7655,-8,214262,27.986154649947753
0.05,7656,23,214285,27.985503460885464
0.05,7657,50,214335,27.98837816662314
0.05,7658,90,214425,27.99647473560517
0.05,7659,-26,214399,27.989425587467363
0.05,7660,79,214478,27.99608406213288
0.05,7661,52,214530,27.999216914643696
0.05,7662,88,214618,28.007046848492756
0.05,7663,24,214642,28.00652400835073
0.05,7664,68,214710,28.01174168297456
0.05,7665,88,214798,28.01956691886251
0.05,7666,84,214882,28.026868397026217
0.05,7667,59,214941,28.030907668231613
0.05,7668,26,214967,28.030642847828922
0.05,7669,15,214982,28.028943937418514
0.05,7670,5,214987,28.025941858949288
0.05,7671,94,215081,28.03454118873827
0.05,7672,3,215084,28.031278509057735
0.05,7673,74,215158,28.03726869950482
0.05,7674,85,215243,28.044690553745927
0.05,7675,53,215296,28.04794163626889
0.05,7676,-47,215249,28.03816595024098
0.05,7677,81,215330,28.045063818702786
0.05,7678,87,215417,28.052741242349263
0.05,7679,25,215442,28.05234375
0.05,7680,87,215529,28.060018226793385
0.05,7681,90,215619,28.068081228846655
0.05,7682,-196,215423,28.03891708967851
0.05,7683,-111,215312,28.02082248828735
0.05,7684,8,215320,28.01821730644112
0.05,7685,92,215412,28.026541764246684
0.05,7686,93,215505,28.034994145960713
0.05,7687,91,215596,28.04318418314256
0.05,7688,78,215674,28.049681362986085
0.05,7689,-50,215624,28.03953185955787
0.05,7690,64,215688,28.0442075152776
0.05,7691,1,215689,28.040691627665108
0.05,7692,-92,215597,28.02508774210321
0.05,7693,85,215682,28.032492851572655
0.05,7694,82,215764,28.039506172839506
0.05,7695,75,215839,28.04560810810811
0.05,7696,15,215854,28.043913212940108
0.05,7697,-18,215836,28.037931930371524
0.05,7698,67,215903,28.042992596441096
0.05,7699,-104,215799,28.025844155844155
0.05,7700,70,215869,28.03129463706012
0.05,7701,90,215959,28.039340431056868
0.05,7702,-5,215954,28.035051278722577
0.05,7703,84,216038,28.042315680166148
0.05,7704,81,216119,28.04918883841661
0.05,7705,91,216210,28.05735790293278
0.05,7706,89,216299,28.065265343194497
0.05,7707,90,216389,28.073300467047222
0.05,7708,90,216479,28.081333506291347
0.05,7709,87,216566,28.088975356679637
0.05,7710,39,216605,28.090390351445986
0.05,7711,66,216671,28.09530601659751
0.05,7712,-11,216660,28.09023726176585
0.05,7713,85,216745,28.097614726471352
0.05,7714,77,216822,28.10395333765392
0.05,7715,-72,216750,28.090979782270608
0.05,7716,86,216836,28.09848386678761
0.05,7717,-77,216759,28.08486654573724
0.05,7718,71,216830,28.090426221013086
0.05,7719,80,216910,28.09715025906736
0.05,7720,92,217002,28.105426758191943
0.05,7721,-65,216937,28.093369593369594
0.05,7722,10,216947,28.091026803055808
0.05,7723,-6,216941,28.08661315380632
0.05,7724,94,217035,28.09514563106796
0.05,7725,-101,216934,28.0784364483562
0.05,7726,82,217016,28.085414779345154
0.05,7727,-13,217003,28.0800983436853
0.05,7728,93,217096,28.088497865183076
0.05,7729,55,217151,28.091979301423027
0.05,7730,87,217238,28.09959901694477
0.05,7731,94,217332,28.10812209001552
0.05,7732,87,217419,28.115737747316693
0.05,7733,16,217435,28.11417119213861
0.05,7734,46,217481,28.116483516483516
0.05,7735,93,217574,28.124870734229575
0.05,7736,-247,217327,28.089311102494506
0.05,7737,85,217412,28.096665805117603
0.05,7738,58,217470,28.100529784209847
0.05,7739,25,217495,28.100129198966407
0.05,7740,-133,217362,28.079317917581708
0.05,7741,61,217423,28.083570136915526
0.05,7742,94,217517,28.092083171897198
0.05,7743,-39,217478,28.083419421487605
0.05,7744,55,217533,28.086894770819885
0.05,7745,92,217625,28.095145881745417
0.05,7746,85,217710,28.102491286949785
0.05,7747,92,217802,28.110738255033556
0.05,7748,52,217854,28.11382113821138
0.05,7749,89,217943,28.12167741935484
0.05,7750,-42,217901,28.112630628306025
0.05,7751,-49,217852,28.102683178534573
0.05,7752,59,217911,28.10666838643106
0.05,7753,37,217948,28.10781532112458
0.05,7754,83,218031,28.114893617021277
0.05,7755,-388,217643,28.061242908715833
0.05,7756,89,217732,28.069098878432385
0.05,7757,-71,217661,28.056328950760506
0.05,7758,89,217750,28.06418352880526
0.05,7759,94,217844,28.072680412371135
0.05,7760,82,217926,28.07962891379977
0.05,7761,76,218002,28.08580262818861
0.05,7762,69,218071,28.09107303877367
0.05,7763,19,218090,28.08990211231324
0.05,7764,-7,218083,28.085383129426916
0.05,7765,75,218158,28.091424156579965
0.05,7766,8,218166,28.088837388953262
0.05,7767,9,218175,28.08638002059732
0.05,7768,12,218187,28.08430943493371
0.05,7769,54,218241,28.087644787644788
0.05,7770,77,218318,28.093939003989192
0.05,7771,81,218399,28.100746268656717
0.05,7772,23,218422,28.100090055319697
0.05,7773,92,218514,28.108309750450218
0.05,7774,3,218517,28.10508038585209
0.05,7775,35,218552,28.105967078189302
0.05,7776,88,218640,28.113668509708113
0.05,7777,92,218732,28.12188223193623
0.05,7778,33,218765,28.122509319964006
0.05,7779,-9,218756,28.117737789203083
0.05,7780,47,218803,28.120164503277213
0.05,7781,58,218861,28.124004112053456
0.05,7782,-149,218712,28.10124630605165
0.05,7783,-16,218696,28.09558067831449
0.05,7784,93,218789,28.103917790622994
0.05,7785,12,218801,28.101849473413818
0.05,7786,91,218892,28.10992680107872
0.05,7787,58,218950,28.11376476630714
0.05,7788,19,218969,28.112594684811913
0.05,7789,89,219058,28.1204107830552
0.05,7790,-48,219010,28.110640482608137
0.05,7791,72,219082,28.116273100616016
0.05,7792,86,219168,28.123700757089697
0.05,7793,82,219250,28.13061329227611
0.05,7794,-33,219217,28.122771007055803
0.05,7795,87,219304,28.130323242688558
0.05,7796,-58,219246,28.119276644863408
0.05,7797,-4,219242,28.11515773275199
0.05,7798,88,219330,28.12283626105911
0.05,7799,93,219423,28.131153846153847
0.05,7800,93,219516,28.139469298807846
0.05,7801,-31,219485,28.131889259164318
0.05,7802,88,219573,28.139561707035757
0.05,7803,14,219587,28.137749871860585
0.05,7804,94,219681,28.146188340807175
0.05,7805,93,219774,28.154496541122214
0.05,7806,20,219794,28.153452030229282
0.05,7807,91,219885,28.161501024590162
0.05,7808,-2,219883,28.157638622102702
0.05,7809,39,219922,28.15902688860435
0.05,7810,47,219969,28.161438996287288
0.05,7811,26,219995,28.161162314388122
0.05,7812,86,220081,28.168565211826444
0.05,7813,87,220168,28.176094189915535
0.05,7814,55,220223,28.179526551503518
0.05,7815,76,220299,28.18564483111566
0.05,7816,48,220347,28.18817960854548
0.05,7817,35,220382,28.189050908160656
0.05,7818,-50,220332,28.17905102954342
0.05,7819,50,220382,28.181841432225063
0.05,7820,12,220394,28.179772407620508
0.05,7821,-82,220312,28.165686525185375
0.05,7822,84,220396,28.172823724913716
0.05,7823,88,220484,28.18047034764826
0.05,7824,38,220522,28.181725239616615
0.05,7825,71,220593,28.187196524405827
0.05,7826,-45,220548,28.177845917976235
0.05,7827,84,220632,28.184977005620848
0.05,7828,27,220659,28.184825648230937
0.05,7829,94,220753,28.19323116219668
0.05,7830,-8,220745,28.188609373004724
0.05,7831,29,220774,28.188712972420838
0.05,7832,80,220854,28.19532746074301
0.05,7833,5,220859,28.19236660709727
0.05,7834,93,220952,28.20063816209317
0.05,7835,66,221018,28.205461970393056
0.05,7836,68,221086,28.210539747352303
0.05,7837,93,221179,28.218805817810665
0.05,7838,94,221273,28.22719734660033
0.05,7839,84,221357,28.234311224489797
0.05,7840,93,221450,28.24257110062492
0.05,7841,25,221475,28.242157612853863
0.05,7842,47,221522,28.244549279612393
0.05,7843,52,221574,28.24757776644569
0.05,7844,43,221617,28.249458253664756
0.05,7845,70,221687,28.2547795054805
0.05,7846,2,221689,28.251433668918057
0.05,7847,-90,221599,28.236365953109072
0.05,7848,90,221689,28.244234934386547
0.05,7849,93,221782,28.25248407643312
0.05,7850,-70,221712,28.23996943064578
0.05,7851,82,221794,28.246816097809475
0.05,7852,36,221830,28.247803387240545
0.05,7853,60,221890,28.251846193022665
0.05,7854,45,221935,28.253978357733928
0.05,7855,94,222029,28.262347250509166
0.05,7856,59,222088,28.2662593865343
0.05,7857,82,222170,28.273097480274878
0.05,7858,36,222206,28.2740806718412
0.05,7859,85,222291,28.281297709923663
0.05,7860,92,222383,28.28940338379341
0.05,7861,85,222468,28.296616636988045
0.05,7862,54,222522,28.299885539870278
0.05,7863,41,222563,28.301500508647
0.05,7864,44,222607,28.303496503496504
0.05,7865,74,222681,28.3093058733791
0.05,7866,79,222760,28.315749332655397
0.05,7867,94,222854,28.32409761057448
0.05,7868,65,222919,28.328758419112976
0.05,7869,-28,222891,28.321601016518425
0.05,7870,72,222963,28.32715029856435
0.05,7871,-158,222805,28.30348069105691
0.05,7872,-137,222668,28.282484440492823
0.05,7873,77,222745,28.288671577343155
0.05,7874,94,222839,28.297015873015873
0.05,7875,-133,222706,28.276536312849164
0.05,7876,-53,222653,28.266218103338833
0.05,7877,19,222672,28.265041888804266
0.05,7878,12,222684,28.262977535220205
0.05,7879,94,222778,28.271319796954316
0.05,7880,-77,222701,28.257962187539654
0.05,7881,64,222765,28.26249682821619
0.05,7882,60,222825,28.266522897374095
0.05,7883,92,222917,28.274606798579402
0.05,7884,30,222947,28.274825618262525
0.05,7885,87,223034,28.282272381435455
0.05,7886,8,223042,28.279700773424622
0.05,7887,91,223133,28.287652129817445
0.05,7888,74,223207,28.293446571175053
0.05,7889,-201,223006,28.264385297845372
0.05,7890,69,223075,28.269547585857307
0.05,7891,22,223097,28.268753167764824
0.05,7892,-165,222932,28.244267072089194
0.05,7893,78,223010,28.250570053204967
0.05,7894,87,223097,28.258011399620013
0.05,7895,55,223152,28.26139817629179
0.05,7896,94,223246,28.269722679498543
0.05,7897,-93,223153,28.254368194479614
0.05,7898,21,223174,28.25344980377263
0.05,7899,66,223240,28.258227848101267
0.05,7900,28,223268,28.258195165168967
0.05,7901,94,223362,28.266514806378133
0.05,7902,46,223408,28.26875869922814
0.05,7903,50,223458,28.27150809716599
0.05,7904,50,223508,28.27425679949399
0.05,7905,-57,223451,28.263470781684795
0.05,7906,93,223544,28.27165802453522
0.05,7907,85,223629,28.278831562974204
0.05,7908,6,223635,28.276014666835252
0.05,7909,94,223729,28.28432364096081
0.05,7910,73,223802,28.28997598280875
0.05,7911,86,223888,28.29726996966633
0.05,7912,76,223964,28.303298369771262
0.05,7913,-8,223956,28.29871114480667
0.05,7914,76,224032,28.30473783954517
0.05,7915,-47,223985,28.29522486104093
0.05,7916,92,224077,28.303271441202476
0.05,7917,55,224132,28.30664309168982
0.05,7918,93,224225,28.314812476322768
0.05,7919,77,224302,28.320959595959597
0.05,7920,86,224388,28.328241383663677
0.05,7921,89,224477,28.33590002524615
0.05,7922,10,224487,28.33358576296857
0.05,7923,71,224558,28.33897021706209
0.05,7924,-2,224556,28.33514195583596
0.05,7925,-53,224503,28.32488014130709
0.05,7926,53,224556,28.327992935536773
0.05,7927,37,224593,28.329086781029265
0.05,7928,78,224671,28.33535124227519
0.05,7929,76,224747,28.341361916771753
0.05,7930,83,224830,28.348253688059515
0.05,7931,80,224910,28.354765506807865
0.05,7932,76,224986,28.360771460985756
0.05,7933,93,225079,28.368918578270733
0.05,7934,91,225170,28.3768115942029
0.05,7935,62,225232,28.381048387096776
0.05,7936,46,225278,28.383268237369283
0.05,7937,-41,225237,28.374527588813304
0.05,7938,76,225313,28.380526514674393
0.05,7939,86,225399,28.38778337531486
0.05,7940,55,225454,28.391134617806323
0.05,7941,-56,225398,28.380508687987913
0.05,7942,-20,225378,28.374417726299885
0.05,7943,92,225470,28.382426988922457
0.05,7944,19,225489,28.381246066708623
0.05,7945,73,225562,28.386861313868614
0.05,7946,19,225581,28.385680130866994
0.05,7947,94,225675,28.39393558127831
0.05,7948,-13,225662,28.388728141904643
0.05,7949,-74,225588,28.375849056603773
0.05,7950,57,225645,28.379449125896112
0.05,7951,87,225732,28.38682092555332
0.05,7952,-188,225544,28.35961272475795
0.05,7953,42,225586,28.361327633894895
0.05,7954,-190,225396,28.33387806411062
0.05,7955,89,225485,28.341503267973856
0.05,7956,86,225571,28.34874952871685
0.05,7957,-28,225543,28.341668760995226
0.05,7958,64,225607,28.34614901369519
0.05,7959,78,225685,28.352386934673365
0.05,7960,83,225768,28.359251350332872
0.05,7961,0,225768,28.355689525244912
0.05,7962,44,225812,28.35765415044581
0.05,7963,24,225836,28.357106981416372
0.05,7964,89,225925,28.364720652856246
0.05,7965,13,225938,28.36279186542807
0.05,7966,9,225947,28.360361491150996
0.05,7967,-101,225846,28.344126506024097
0.05,7968,54,225900,28.347345965616764
0.05,7969,15,225915,28.345671267252197
0.05,7970,77,225992,28.351775185045792
0.05,7971,93,226085,28.359884596086303
0.05,7972,16,226101,28.35833437852753
0.05,7973,56,226157,28.36180085277151
0.05,7974,66,226223,28.366520376175547
0.05,7975,90,226313,28.374247743229688
0.05,7976,52,226365,28.377209477247085
0.05,7977,5,226370,28.374279267986964
0.05,7978,41,226411,28.375861636796593
0.05,7979,91,226502,28.38370927318296
0.05,7980,82,226584,28.39042726475379
0.05,7981,92,226676,28.398396391881732
0.05,7982,87,226763,28.405737191532005
0.05,7983,-30,226733,28.398421843687373
0.05,7984,88,226821,28.405886036318098
0.05,7985,73,226894,28.411470072627097
0.05,7986,87,226981,28.41880555903343
0.05,7987,78,227059,28.425012518778168
0.05,7988,12,227071,28.422956565277257
0.05,7989,86,227157,28.430162703379224
0.05,7990,91,227248,28.437992741834563
0.05,7991,83,227331,28.44481981981982
0.05,7992,-66,227265,28.433003878393595
0.05,7993,-1,227264,28.42932199149362
0.05,7994,51,227315,28.432145090681676
0.05,7995,87,227402,28.439469734867433
0.05,7996,88,227490,28.446917594097787
0.05,7997,-3,227487,28.44298574643661
0.05,7998,-131,227356,28.4230528816102
0.05,7999,59,227415,28.426875
0.05,8000,-29,227386,28.419697537807775
0.05,8001,-32,227354,28.412146963259186
0.05,8002,80,227434,28.418593027614644
0.05,8003,71,227505,28.42391304347826
0.05,8004,93,227598,28.431980012492193
0.05,8005,81,227679,28.438546090432176
0.05,8006,-16,227663,28.43299612838766
0.05,8007,85,227748,28.44005994005994
0.05,8008,50,227798,28.44275190410788
0.05,8009,77,227875,28.44881398252185
0.05,8010,78,227953,28.454999375858193
0.05,8011,93,228046,28.46305541687469
0.05,8012,61,228107,28.46711593660302
0.05,8013,75,228182,28.472922385824806
0.05,8014,89,228271,28.480474111041797
0.05,8015,18,228289,28.479166666666668
0.05,8016,12,228301,28.477111138829986
0.05,8017,65,228366,28.481666250935394
0.05,8018,89,228455,28.48921311884275
0.05,8019,87,228542,28.496508728179553
0.05,8020,-56,228486,28.48597431741678
0.05,8021,8,228494,28.483420593368237
0.05,8022,-51,228443,28.47351364826125
0.05,8023,-147,228296,28.451645064805582
0.05,8024,5,228301,28.448722741433023
0.05,8025,40,228341,28.450161973585846
0.05,8026,19,228360,28.448984676716083
0.05,8027,-66,228294,28.437219730941703
0.05,8028,42,228336,28.438908955037988
0.05,8029,29,228365,28.43897882938979
0.05,8030,88,228453,28.446395218528203
0.05,8031,94,228547,28.454556772908365
0.05,8032,26,228573,28.45425121374331
0.05,8033,94,228667,28.462409758526263
0.05,8034,90,228757,28.470068450528935
0.05,8035,-16,228741,28.464534594325535
0.05,8036,87,228828,28.471817842478536
0.05,8037,93,228921,28.479845732769345
0.05,8038,94,229015,28.487996019405397
0.05,8039,87,229102,28.495273631840796
0.05,8040,90,229192,28.502922522074368
0.05,8041,81,229273,28.50945038547625
0.05,8042,73,229346,28.514981971901033
0.05,8043,-37,229309,28.50683739433118
0.05,8044,36,229345,28.507768800497203
0.05,8045,25,229370,28.507332836191896
0.05,8046,77,229447,28.513359015782278
0.05,8047,86,229533,28.52050198807157
0.05,8048,-180,229353,28.49459560193813
0.05,8049,-6,229347,28.49031055900621
0.05,8050,74,229421,28.495963234380824
0.05,8051,70,229491,28.501117734724293
0.05,8052,-191,229300,28.473860673041102
0.05,8053,36,229336,28.47479513285324
0.05,8054,-28,229308,28.46778398510242
0.05,8055,79,229387,28.474056603773583
0.05,8056,85,229472,28.481072359438997
0.05,8057,-59,229413,28.470215934475057
0.05,8058,58,229471,28.473880134011665
0.05,8059,-8,229463,28.469354838709677
0.05,8060,93,229556,28.47736012901625
0.05,8061,81,229637,28.483874968990325
0.05,8062,13,229650,28.481954607466204
0.05,8063,4,229654,28.478918650793652
0.05,8064,88,229742,28.486298822070676
0.05,8065,85,229827,28.493305231837343
0.05,8066,94,229921,28.501425560927235
0.05,8067,89,230010,28.50892414476946
0.05,8068,-33,229977,28.50130127649027
0.05,8069,-53,229924,28.4912019826518
0.05,8070,-7,229917,28.48680460909429
0.05,8071,-52,229865,28.47683349851338
0.05,8072,94,229959,28.48494983277592
0.05,8073,90,230049,28.492568739162746
0.05,8074,65,230114,28.497089783281734
0.05,8075,17,230131,28.495666171371965
0.05,8076,65,230196,28.500185712517023
0.05,8077,40,230236,28.501609309234958
0.05,8078,39,230275,28.502908775838595
0.05,8079,45,230320,28.504950495049506
0.05,8080,86,230406,28.512065338448213
0.05,8081,14,230420,28.510269735214056
0.05,8082,61,230481,28.514289249041198
0.05,8083,89,230570,28.52177140029688
0.05,8084,87,230657,28.52900432900433
0.05,8085,43,230700,28.530793964877567
0.05,8086,31,230731,28.53109929516508
0.05,8087,-37,230694,28.522997032640948
0.05,8088,-34,230660,28.515267647422426
0.05,8089,93,230753,28.523238566131027
0.05,8090,78,230831,28.52935360276851
0.05,8091,95,230926,28.537567968363817
0.05,8092,58,230984,28.541208451748425
0.05,8093,16,231000,28.53965900667161
0.05,8094,38,231038,28.5408276714021
0.05,8095,55,231093,28.54409584980237
0.05,8096,-59,231034,28.53328393232061
0.05,8097,74,231108,28.538898493455175
0.05,8098,-45,231063,28.529818496110632
0.05,8099,91,231154,28.53753086419753
0.05,8100,-29,231125,28.530428342179977
0.05,8101,83,231208,28.537151320661565
0.05,8102,12,231220,28.535110452918673
0.05,8103,19,231239,28.53393385982231
0.05,8104,-19,231220,28.528069093152375
0.05,8105,-9,231211,28.523439427584506
0.05,8106,14,231225,28.521647958554336
0.05,8107,-3,231222,28.517760236803156
0.05,8108,44,231266,28.519669503021333
0.05,8109,81,231347,28.526140567200986
0.05,8110,57,231404,28.529651091110836
0.05,8111,63,231467,28.533900394477318
0.05,8112,76,231543,28.539751016886477
0.05,8113,37,231580,28.540793689918658
0.05,8114,74,231654,28.546395563770794
0.05,8115,72,231726,28.551749630359783
0.05,8116,46,231772,28.553899223851175
0.05,8117,-81,231691,28.54040404040404
0.05,8118,94,231785,28.548466559921174
0.05,8119,37,231822,28.54950738916256
0.05,8120,69,231891,28.55448836350203
0.05,8121,3,231894,28.55134203398178
0.05,8122,-48,231846,28.54191801058722
0.05,8123,95,231941,28.550098473658295
0.05,8124,83,232024,28.5568
0.05,8125,11,232035,28.554639428993354
0.05,8126,-73,231962,28.54214347237603
0.05,8127,24,231986,28.541584645669293
0.05,8128,79,232065,28.54779185631689
0.05,8129,-255,231810,28.512915129151292
0.05,8130,-1,231809,28.509285450744066
0.05,8131,23,231832,28.508607968519428
0.05,8132,68,231900,28.51346366654371
0.05,8133,71,231971,28.518686992869437
0.05,8134,77,232048,28.524646588813766
0.05,8135,29,232077,28.524705014749262
0.05,8136,38,232115,28.525869485068206
0.05,8137,-330,231785,28.481813713443106
0.05,8138,17,231802,28.48040299791129
0.05,8139,86,231888,28.48746928746929
0.05,8140,80,231968,28.49379683085616
0.05,8141,67,232035,28.49852616064849
0.05,8142,-215,231820,28.468623357484958
0.05,8143,78,231898,28.474705304518665
0.05,8144,-145,231753,28.45340699815838
0.05,8145,84,231837,28.460225877731403
0.05,8146,-26,231811,28.45354118080275
0.05,8147,-150,231661,28.431639666175748
0.05,8148,68,231729,28.436495275493925
0.05,8149,-36,231693,28.428588957055215
0.05,8150,66,231759,28.4331983805668
0.05,8151,62,231821,28.437315996074584
0.05,8152,87,231908,28.44449895743898
0.05,8153,-99,231809,28.42886926661761
0.05,8154,94,231903,28.436909871244634
0.05,8155,55,231958,28.44016674840608
0.05,8156,81,232039,28.446610273384824
0.05,8157,78,232117,28.45268448149056
0.05,8158,66,232183,28.457286432160803
0.05,8159,71,232254,28.4625
0.05,8160,84,232338,28.469305232201936
0.05,8161,-103,232235,28.453197745650577
0.05,8162,-8,232227,28.448732083792724
0.05,8163,-202,232025,28.420504654581087
0.05,8164,93,232118,28.42841396203307
0.05,8165,-129,231989,28.409135439627725
0.05,8166,4,231993,28.406146687890292
0.05,8167,94,232087,28.414177277179235
0.05,8168,-8,232079,28.409719671930468
0.05,8169,30,232109,28.409914320685434
0.05,8170,-155,231954,28.387467874189205
0.05,8171,77,232031,28.3934165442976
0.05,8172,83,232114,28.400097883274196
0.05,8173,68,232182,28.404942500611696
0.05,8174,86,232268,28.411987767584097
0.05,8175,12,232280,28.409980430528375
0.05,8176,91,232371,28.417634829399535
0.05,8177,-38,232333,28.409513328442163
0.05,8178,-77,232256,28.396625504340385
0.05,8179,-85,232171,28.38276283618582
0.05,8180,40,232211,28.384182862730718
0.05,8181,77,232288,28.39012466389636
0.05,8182,-8,232280,28.38567762434315
0.05,8183,90,232370,28.393206256109483
0.05,8184,47,232417,28.395479535736104
0.05,8185,65,232482,28.399951136086
0.05,8186,85,232567,28.406864541346035
0.05,8187,27,232594,28.406692721055204
0.05,8188,35,232629,28.407497862986933
0.05,8189,76,232705,28.413308913308914
0.05,8190,93,232798,28.4211939934074
0.05,8191,92,232890,28.428955078125
0.05,8192,79,232969,28.43512754790675
0.05,8193,-47,232922,28.42592140590676
0.05,8194,-100,232822,28.410250152532033
0.05,8195,-88,232734,28.396046852122986
0.05,8196,30,232764,28.396242527754055
0.05,8197,52,232816,28.399121737009025
0.05,8198,87,232903,28.4062690572021
0.05,8199,-53,232850,28.396341463414632
0.05,8200,36,232886,28.397268625777343
0.05,8201,56,232942,28.400633991709338
0.05,8202,92,233034,28.408387175423627
0.05,8203,92,233126,28.416138469039492
0.05,8204,67,233193,28.420840950639853
0.05,8205,-28,233165,28.413965391177186
0.05,8206,29,233194,28.414036797855488
0.05,8207,66,233260,28.41861598440546
0.05,8208,86,233346,28.42563040565233
0.05,8209,-18,233328,28.419975639464067
0.05,8210,-71,233257,28.407867494824018
0.05,8211,93,233350,28.4157330735509
0.05,8212,82,233432,28.422257396809936
0.05,8213,85,233517,28.429145361577795
0.05,8214,85,233602,28.43603164942179
0.05,8215,70,233672,28.441090555014604
0.05,8216,25,233697,28.440671778021176
0.05,8217,64,233761,28.44499878315892
0.05,8218,83,233844,28.45163645212313
0.05,8219,56,233900,28.45498783454988
0.05,8220,77,233977,28.460892835421483
0.05,8221,90,234067,28.468377523716857
0.05,8222,-25,234042,28.46187522801897
0.05,8223,-212,233830,28.432636186770427
0.05,8224,11,233841,28.43051671732523
0.05,8225,-25,233816,28.424021395575007
0.05,8226,-59,233757,28.413394919168592
0.05,8227,91,233848,28.421001458434613
0.05,8228,90,233938,28.42848462753676
0.05,8229,-76,233862,28.415795868772783
0.05,8230,-64,233798,28.404568096221603
0.05,8231,-42,233756,28.396015549076772
0.05,8232,78,233834,28.402040568444068
0.05,8233,-21,233813,28.396040806412437
0.05,8234,31,233844,28.396357012750457
0.05,8235,82,233926,28.402865468674115
0.05,8236,88,234014,28.41010076484157
0.05,8237,66,234080,28.41466375333819
0.05,8238,88,234168,28.421895861148197
0.05,8239,74,234242,28.42742718446602
0.05,8240,23,234265,28.42676859604417
0.05,8241,61,234326,28.4307206988595
0.05,8242,-58,234268,28.420235351207086
0.05,8243,92,234360,28.427947598253276
0.05,8244,85,234445,28.434808975136445
0.05,8245,33,234478,28.43536260004851
0.05,8246,89,234567,28.442706438704985
0.05,8247,72,234639,28.447987390882638
0.05,8248,65,234704,28.452418474966663
0.05,8249,72,234776,28.45769696969697
0.05,8250,47,234823,28.459944249181916
0.05,8251,91,234914,28.46752302472128
0.05,8252,7,234921,28.464921846601236
0.05,8253,82,235003,28.471407802277685
0.05,8254,2,235005,28.468201090248336
0.05,8255,25,235030,28.467781007751938
0.05,8256,23,235053,28.46711880828388
0.05,8257,90,235143,28.474570113829014
0.05,8258,38,235181,28.475723453202566
0.05,8259,31,235212,28.476029055690073
0.05,8260,88,235300,28.483234475245126
0.05,8261,-21,235279,28.477245219075286
0.05,8262,71,235350,28.48239138327484
0.05,8263,-10,235340,28.477734753146176
0.05,8264,-70,235270,28.465819721718088
0.05,8265,91,235361,28.473384950399225
0.05,8266,68,235429,28.478166202975686
0.05,8267,-29,235400,28.471214320270924
0.05,8268,91,235491,28.47877615189261
0.05,8269,92,235583,28.48645707376058
0.05,8270,85,235668,28.49328980776206
0.05,8271,26,235694,28.49298839458414
0.05,8272,-26,235668,28.48640154720174
0.05,8273,-470,235198,28.42615421803239
0.05,8274,74,235272,28.43166163141994
0.05,8275,93,235365,28.439463508941518
0.05,8276,73,235438,28.444847166847893
0.05,8277,81,235519,28.451195941048564
0.05,8278,69,235588,28.45609373112695
0.05,8279,90,235678,28.46352657004831
0.05,8280,59,235737,28.46721410457674
0.05,8281,92,235829,28.47488529340739
0.05,8282,-42,235787,28.46637691657612
0.05,8283,95,235882,28.474408498309995
0.05,8284,94,235976,28.48231744115872
0.05,8285,63,236039,28.486483224716387
0.05,8286,49,236088,28.48895860987088
0.05,8287,64,236152,28.493243243243242
0.05,8288,83,236235,28.49981903727832
0.05,8289,94,236329,28.507720144752714
0.05,8290,-27,236302,28.50102520805693
0.05,8291,65,236367,28.505426917510853
0.05,8292,65,236432,28.509827565416618
0.05,8293,9,236441,28.507475283337353
0.05,8294,0,236441,28.5040385774563
0.05,8295,23,236464,28.50337512054002
0.05,8296,-30,236434,28.496323972520187
0.05,8297,27,236461,28.496143649072067
0.05,8298,56,236517,28.499457765995903
0.05,8299,49,236566,28.501927710843372
0.05,8300,20,236586,28.500903505601734
0.05,8301,22,236608,28.500120452902916
0.05,8302,64,236672,28.50439600144526
0.05,8303,-24,236648,28.498073217726397
0.05,8304,39,236687,28.49933774834437
0.05,8305,63,236750,28.503491451962436
0.05,8306,81,236831,28.50981100276875
0.05,8307,94,236925,28.517693789118923
0.05,8308,-89,236836,28.50355036707185
0.05,8309,-32,236804,28.496269554753308
0.05,8310,61,236865,28.500180483696305
0.05,8311,13,236878,28.498315688161693
0.05,8312,29,236907,28.498376037531578
0.05,8313,-26,236881,28.491821024777483
0.05,8314,49,236930,28.49428743235117
0.05,8315,6,236936,28.49158249158249
0.05,8316,-250,236686,28.458097871828784
0.05,8317,-118,236568,28.440490502524646
0.05,8318,-43,236525,28.43190287294146
0.05,8319,76,236601,28.43762019230769
0.05,8320,83,236684,28.44417738252614
0.05,8321,94,236778,28.45205479452055
0.05,8322,64,236842,28.456325844046617
0.05,8323,93,236935,28.464079769341662
0.05,8324,38,236973,28.465225225225225
0.05,8325,91,237064,28.472736007686763
0.05,8326,29,237093,28.472799327488893
0.05,8327,62,237155,28.476825168107588
0.05,8328,89,237244,28.484091727698402
0.05,8329,72,237316,28.489315726290517
0.05,8330,13,237329,28.487456487816587
0.05,8331,69,237398,28.49231877100336
0.05,8332,54,237452,28.495379815192607
0.05,8333,-21,237431,28.48944084473242
0.05,8334,-4,237427,28.485542891421716
0.05,8335,6,237433,28.482845489443378
0.05,8336,64,237497,28.48710567350366
0.05,8337,-36,237461,28.479371551930917
0.05,8338,87,237548,28.486389255306392
0.05,8339,82,237630,28.492805755395683
0.05,8340,34,237664,28.493466011269632
0.05,8341,-143,237521,28.472908175497484
0.05,8342,77,237598,28.47872467937193
0.05,8343,34,237632,28.479386385426654
0.05,8344,16,237648,28.477890952666268
0.05,8345,-19,237629,28.472202252576086
0.05,8346,75,237704,28.47777644662753
0.05,8347,72,237776,28.482989937709632
0.05,8348,87,237863,28.489998802251765
0.05,8349,77,237940,28.495808383233534
0.05,8350,85,238025,28.502574541971022
0.05,8351,8,238033,28.500119731800766
0.05,8352,73,238106,28.50544714473842
0.05,8353,88,238194,28.512568829303326
0.05,8354,59,238253,28.516217833632556
0.05,8355,-22,238231,28.510172331258975
0.05,8356,43,238274,28.511906186430537
0.05,8357,-49,238225,28.50263220866236
0.05,8358,-175,238050,28.478286876420626
0.05,8359,92,238142,28.485885167464115
0.05,8360,45,238187,28.48786030379141
0.05,8361,36,238223,28.4887586701746
0.05,8362,81,238304,28.49503766590936
0.05,8363,3,238307,28.491989478718317
0.05,8364,57,238364,28.495397489539748
0.05,8365,90,238454,28.50274922304566
0.05,8366,88,238542,28.509860164933666
0.05,8367,68,238610,28.5145793499044
0.05,8368,88,238698,28.521687178874416
0.05,8369,84,238782,28.52831541218638
0.05,8370,91,238873,28.535778282164618
0.05,8371,74,238947,28.541208791208792
0.05,8372,62,239009,28.545204825032844
0.05,8373,92,239101,28.552782421781707
0.05,8374,12,239113,28.550805970149252
0.05,8375,1,239114,28.54751671442216
0.05,8376,85,239199,28.55425570013131
0.05,8377,75,239274,28.55979947481499
0.05,8378,81,239355,28.566058002148228
0.05,8379,37,239392,28.56706443914081
0.05,8380,90,239482,28.57439446366782
0.05,8381,75,239557,28.57993319016941
0.05,8382,77,239634,28.585709173326972
0.05,8383,74,239708,28.591125954198475
0.05,8384,66,239774,28.595587358378054
0.05,8385,13,239787,28.59372764130694
0.05,8386,61,239848,28.597591510671275
0.05,8387,73,239921,28.602885073915118
0.05,8388,-146,239775,28.582071760638932
0.05,8389,94,239869,28.589868891537545
0.05,8390,61,239930,28.5937313788583
0.05,8391,64,239994,28.59795042897998
0.05,8392,-44,239950,28.589300607649232
0.05,8393,22,239972,28.588515606385513
0.05,8394,-117,239855,28.571173317450864
0.05,8395,51,239906,28.573844687946643
0.05,8396,68,239974,28.578539954745743
0.05,8397,94,240068,28.58633007859014
0.05,8398,92,240160,28.59388022383617
0.05,8399,46,240206,28.59595238095238
0.05,8400,94,240300,28.60373765027973
0.05,8401,-106,240194,28.58771721018805
0.05,8402,78,240272,28.59359752469356
0.05,8403,84,240356,28.6001903855307
0.05,8404,94,240450,28.607971445568115
0.05,8405,18,240468,28.606709493219128
0.05,8406,64,240532,28.61091947186868
0.05,8407,52,240584,28.613701236917223
0.05,8408,-37,240547,28.60589844214532
0.05,8409,92,240639,28.61343638525565
0.05,8410,28,240667,28.613363452621567
0.05,8411,-27,240640,28.60675225867808
0.05,8412,80,240720,28.61286104837751
0.05,8413,-220,240500,28.58331352507725
0.05,8414,90,240590,28.59061200237671
0.05,8415,92,240682,28.5981463878327
0.05,8416,19,240701,28.597006059165974
0.05,8417,77,240778,28.602755999049656
0.05,8418,4,240782,28.599833709466683
0.05,8419,28,240810,28.59976247030879
0.05,8420,25,240835,28.599334995843723
0.05,8421,69,240904,28.604132035146048
0.05,8422,72,240976,28.60928410305117
0.05,8423,-102,240874,28.59377967711301
0.05,8424,26,240900,28.59347181008902
0.05,8425,32,240932,28.593876097792545
0.05,8426,87,241019,28.600806930105612
0.05,8427,88,241107,28.607854769814903
0.05,8428,59,241166,28.61146043421521
0.05,8429,90,241256,28.618742586002373
0.05,8430,94,241350,28.62649744988732
0.05,8431,43,241393,28.628202087286528
0.05,8432,92,241485,28.635716826752045
0.05,8433,46,241531,28.637775669907516
0.05,8434,83,241614,28.644220509780677
0.05,8435,3,241617,28.641180654338548
0.05,8436,-185,241432,28.615858717553632
0.05,8437,94,241526,28.623607489926524
0.05,8438,37,241563,28.62460007109847
0.05,8439,82,241645,28.630924170616115
0.05,8440,-104,241541,28.615211467835564
0.05,8441,89,241630,28.622364368633026
0.05,8442,87,241717,28.62927869240791
0.05,8443,64,241781,28.633467550923733
0.05,8444,93,241874,28.641089402013026
0.05,8445,-51,241823,28.63165995737627
0.05,8446,81,241904,28.637859595122528
0.05,8447,78,241982,28.643702651515152
0.05,8448,93,242075,28.651319682802697
0.05,8449,-2,242073,28.647692307692306
0.05,8450,94,242167,28.655425393444563
0.05,8451,90,242257,28.66268338854709
0.05,8452,61,242318,28.66650893174021
0.05,8453,-107,242211,28.650461320085167
0.05,8454,89,242300,28.657599053814312
0.05,8455,-12,242288,28.65279091769158
0.05,8456,87,242375,28.65969019746955
0.05,8457,-122,242253,28.641877512414283
0.05,8458,92,242345,28.649367537533987
0.05,8459,87,242432,28.65626477541371
0.05,8460,86,242518,28.663042193594137
0.05,8461,-289,242229,28.625502245332072
0.05,8462,78,242307,28.631336405529954
0.05,8463,45,242352,28.63327032136106
0.05,8464,73,242425,28.638511518015356
0.05,8465,-25,242400,28.632175761871014
0.05,8466,93,242493,28.63977796149758
0.05,8467,93,242586,28.647378365611715
0.05,8468,83,242669,28.653796197898217
0.05,8469,67,242736,28.65832349468713
0.05,8470,41,242777,28.659780427340337
0.05,8471,-35,242742,28.652266288951843
0.05,8472,67,242809,28.65679216334238
0.05,8473,91,242900,28.664149162143026
0.05,8474,91,242991,28.67150442477876
0.05,8475,87,243078,28.67838603114677
0.05,8476,95,243173,28.68620974401321
0.05,8477,62,243235,28.690139183769755
0.05,8478,50,243285,28.692652435428705
0.05,8479,87,243372,28.699528301886794
0.05,8480,42,243414,28.70109656880085
0.05,8481,-3,243411,28.697359113416645
0.05,8482,66,243477,28.70175645408464
0.05,8483,51,243528,28.704384724186703
0.05,8484,88,243616,28.71137301119623
0.05,8485,-69,243547,28.699858590619844
0.05,8486,88,243635,28.706845764109815
0.05,8487,-272,243363,28.671418473138548
0.05,8488,92,243455,28.678878548710095
0.05,8489,17,243472,28.677502944640754
0.05,8490,67,243539,28.68201625250265
0.05,8491,-72,243467,28.670160150730098
0.05,8492,44,243511,28.671965147768752
0.05,8493,22,243533,28.671179656227924
0.05,8494,88,243621,28.678163625662155
0.05,8495,94,243715,28.68585216572505
0.05,8496,-92,243623,28.67164881722961
0.05,8497,27,243650,28.67145210637797
0.05,8498,-121,243529,28.653841628426875
0.05,8499,-81,243448,28.640941176470587
0.05,8500,89,243537,28.648041406893306
0.05,8501,91,243628,28.65537520583392
0.05,8502,21,243649,28.654474891214864
0.05,8503,77,243726,28.660159924741297
0.05,8504,2,243728,28.657025279247502
0.05,8505,49,243777,28.659416882200798
0.05,8506,58,243835,28.662865875161632
0.05,8507,45,243880,28.664786083685943
0.05,8508,7,243887,28.66223998119638
0.05,8509,89,243976,28.669330199764982
0.05,8510,85,244061,28.675948772177183
0.05,8511,23,244084,28.675281954887218
0.05,8512,-123,243961,28.65746505344767
0.05,8513,89,244050,28.664552501761804
0.05,8514,72,244122,28.669641808573108
0.05,8515,78,244200,28.675434476279943
0.05,8516,86,244286,28.682165081601504
0.05,8517,43,244329,28.683845973233154
0.05,8518,90,244419,28.691043549712408
0.05,8519,55,244474,28.69413145539906
0.05,8520,-107,244367,28.678206783241404
0.05,8521,-111,244256,28.661816475005867
0.05,8522,88,244344,28.668778599084828
0.05,8523,92,244436,28.67620835288597
0.05,8524,89,244525,28.683284457478006
0.05,8525,-169,244356,28.660098522167488
0.05,8526,-109,244247,28.643954497478596
0.05,8527,-56,244191,28.634029080675422
0.05,8528,95,244286,28.641810294290067
0.05,8529,67,244353,28.64630715123095
0.05,8530,88,244441,28.653264564529362
0.05,8531,-325,244116,28.61181434599156
0.05,8532,82,244198,28.618071018399156
0.05,8533,94,244292,28.62573236465901
0.05,8534,83,244375,28.63210310486233
0.05,8535,-34,244341,28.624765698219306
0.05,8536,63,244404,28.628792315801803
0.05,8537,33,244437,28.629304286718202
0.05,8538,-56,244381,28.61939337158918
0.05,8539,90,244471,28.626580796252927
0.05,8540,-44,244427,28.61807750848847
0.05,8541,58,244485,28.621517209084523
0.05,8542,90,244575,28.62870186117289
0.05,8543,42,244617,28.630266853932586
0.05,8544,77,244694,28.635927442949093
0.05,8545,16,244710,28.634448864966068
0.05,8546,69,244779,28.63917163917164
0.05,8547,94,244873,28.64681796911558
0.05,8548,50,244923,28.6493157094397
0.05,8549,73,244996,28.654502923976608
0.05,8550,85,245081,28.66109226990995
0.05,8551,85,245166,28.667680074836294
0.05,8552,94,245260,28.675318601660237
0.05,8553,94,245354,28.682955342529812
0.05,8554,86,245440,28.689655172413794
0.05,8555,-44,245396,28.681159420289855
0.05,8556,60,245456,28.684819446067547
0.05,8557,-28,245428,28.678195840149566
0.05,8558,72,245500,28.683257389881994
0.05,8559,-96,245404,28.668691588785048
0.05,8560,-146,245258,28.648288751314098
0.05,8561,91,245349,28.655571128241064
0.05,8562,65,245414,28.65981548522714
0.05,8563,79,245493,28.66569360112097
0.05,8564,36,245529,28.666549912434327
0.05,8565,83,245612,28.672892832127015
0.05,8566,52,245664,28.67561573479631
0.05,8567,94,245758,28.683239962651726
0.05,8568,-163,245595,28.660870579997667
0.05,8569,51,245646,28.6634772462077
0.05,8570,50,245696,28.665966631664915
0.05,8571,-19,245677,28.660405972935138
0.05,8572,94,245771,28.66802752828648
0.05,8573,82,245853,28.674247725682296
0.05,8574,-15,245838,28.66915451895044
0.05,8575,94,245932,28.676772388059703
0.05,8576,65,245997,28.681007345225602
0.05,8577,48,246045,28.683259501049196
0.05,8578,-122,245923,28.665695302482806
0.05,8579,86,246009,28.672377622377624
0.05,8580,58,246067,28.67579536184594
0.05,8581,8,246075,28.673386157072944
0.05,8582,92,246167,28.680764301526274
0.05,8583,18,246185,28.679520037278657
0.05,8584,77,246262,28.685148514851484
0.05,8585,89,246351,28.69217330538085
0.05,8586,88,246439,28.699080004658203
0.05,8587,-59,246380,28.68886818816954
0.05,8588,46,246426,28.6908836884387
0.05,8589,76,246502,28.696391152502912
0.05,8590,73,246575,28.7015481317658
0.05,8591,-131,246444,28.682960893854748
0.05,8592,83,246527,28.689281973699522
0.05,8593,79,246606,28.695136141494064
0.05,8594,68,246674,28.699709133216988
0.05,8595,-11,246663,28.695090739879014
0.05,8596,5,246668,28.69233453530301
0.05,8597,89,246757,28.69934868574087
0.05,8598,89,246846,28.706361204791254
0.05,8599,39,246885,28.707558139534882
0.05,8600,-63,246822,28.696895709801186
0.05,8601,-159,246663,28.675075563822368
0.05,8602,12,246675,28.67313727769383
0.05,8603,72,246747,28.678172942817294
0.05,8604,-34,246713,28.670889018012783
0.05,8605,56,246769,28.674064606088777
0.05,8606,78,246847,28.67979551527826
0.05,8607,9,246856,28.6775092936803
0.05,8608,56,246912,28.680683006156347
0.05,8609,68,246980,28.685249709639955
0.05,8610,87,247067,28.692021832539776
0.05,8611,-21,247046,28.68625174175569
0.05,8612,76,247122,28.691745036572623
0.05,8613,93,247215,28.699210587415834
0.05,8614,24,247239,28.698665118978525
0.05,8615,17,247256,28.697307335190345
0.05,8616,94,247350,28.70488569107578
0.05,8617,63,247413,28.70886516593177
0.05,8618,5,247418,28.70611439842209
0.05,8619,6,247424,28.703480278422273
0.05,8620,79,247503,28.70931446467927
0.05,8621,-156,247347,28.687891440501044
0.05,8622,-58,247289,28.67783833932506
0.05,8623,94,247383,28.68541280148423
0.05,8624,-31,247352,28.67849275362319
0.05,8625,72,247424,28.68351495478785
0.05,8626,2,247426,28.6804219311464
0.05,8627,92,247518,28.687760778859527
0.05,8628,94,247612,28.69532970216711
0.05,8629,32,247644,28.69571263035921
0.05,8630,-51,247593,28.686478971150503
0.05,8631,92,247685,28.693813716404076
0.05,8632,55,247740,28.69686088265956
0.05,8633,20,247760,28.695853602038454
0.05,8634,35,247795,28.696583671105966
0.05,8635,91,247886,28.703798054654932
0.05,8636,88,247974,28.710663424800277
0.05,8637,88,248062,28.717527205371614
0.05,8638,50,248112,28.719990739668944
0.05,8639,65,248177,28.724189814814814
0.05,8640,92,248269,28.73151255641708
0.05,8641,72,248341,28.736519324230503
0.05,8642,18,248359,28.735277102857804
0.05,8643,88,248447,28.742133271633502
0.05,8644,90,248537,28.74921920185078
0.05,8645,-14,248523,28.744274809160306
0.05,8646,76,248599,28.749739794148258
0.05,8647,32,248631,28.750115633672525
0.05,8648,-9,248622,28.7457509538675
0.05,8649,89,248711,28.75271676300578
0.05,8650,72,248783,28.757715870997572
0.05,8651,80,248863,28.763638465094775
0.05,8652,90,248953,28.770715358835087
0.05,8653,25,248978,28.770279639473078
0.05,8654,66,249044,28.774581166955517
0.05,8655,31,249075,28.774838262476894
0.05,8656,88,249163,28.7816795656694
0.05,8657,90,249253,28.78875028875029
0.05,8658,94,249347,28.796281325788197
0.05,8659,-218,249129,28.767782909930716
0.05,8660,-6,249123,28.7637686179425
0.05,8661,67,249190,28.76818286769799
0.05,8662,89,249279,28.77513563430682
0.05,8663,80,249359,28.781048014773777
0.05,8664,-13,249346,28.776226197345643
0.05,8665,68,249414,28.78075236556658
0.05,8666,-73,249341,28.76900888427368
0.05,8667,-56,249285,28.759229349330873
0.05,8668,-252,249033,28.72684277309955
0.05,8669,-42,248991,28.718685121107267
0.05,8670,1,248992,28.715488409641335
0.05,8671,58,249050,28.718865313653136
0.05,8672,86,249136,28.725469848956532
0.05,8673,5,249141,28.72273460917685
0.05,8674,67,249208,28.727146974063402
0.05,8675,-5,249203,28.723259566620563
0.05,8676,89,249292,28.730206292497407
0.05,8677,88,249380,28.737036183452407
0.05,8678,-107,249273,28.721396474248184
0.05,8679,85,249358,28.7278801843318
0.05,8680,28,249386,28.727796336827556
0.05,8681,79,249465,28.733586731167932
0.05,8682,46,249511,28.73557526200622
0.05,8683,91,249602,28.74274527867342
0.05,8684,36,249638,28.743580886586066
0.05,8685,46,249684,28.745567580013816
0.05,8686,25,249709,28.745136410728676
0.05,8687,83,249792,28.751381215469614
0.05,8688,55,249847,28.75440211761998
0.05,8689,25,249872,28.75397008055236
0.05,8690,87,249959,28.76067195949833
0.05,8691,45,250004,28.762540266912104
0.05,8692,-43,249961,28.75428505694237
0.05,8693,74,250035,28.759489302967562
0.05,8694,27,250062,28.75928694652099
0.05,8695,93,250155,28.76667433302668
0.05,8696,93,250248,28.77406002069679
0.05,8697,23,250271,28.77339618303058
0.05,8698,81,250352,28.779399931026553
0.05,8699,73,250425,28.78448275862069
0.05,8700,69,250494,28.789104700609126
0.05,8701,73,250567,28.794185244771317
0.05,8702,51,250618,28.796736757439962
0.05,8703,91,250709,28.803883272058822
0.05,8704,54,250763,28.806777713957494
0.05,8705,56,250819,28.809901217551115
0.05,8706,-32,250787,28.802917193063053
0.05,8707,94,250881,28.810404225999083
0.05,8708,36,250917,28.811229762314845
0.05,8709,86,251003,28.81779563719862
0.05,8710,50,251053,28.82022729881759
0.05,8711,61,251114,28.823921028466483
0.05,8712,-368,250746,28.778377137610466
0.05,8713,72,250818,28.783337158595362
0.05,8714,80,250898,28.789213998852553
0.05,8715,88,250986,28.796007342817806
0.05,8716,45,251031,28.797866238384767
0.05,8717,59,251090,28.80133058040835
0.05,8718,-19,251071,28.795848147723362
0.05,8719,79,251150,28.801605504587155
0.05,8720,94,251244,28.809081527347782
0.05,8721,-15,251229,28.80405870213254
0.05,8722,82,251311,28.810157056058696
0.05,8723,22,251333,28.809376432828977
0.05,8724,72,251405,28.81432664756447
0.05,8725,10,251415,28.81217052486821
0.05,8726,54,251469,28.815056720522517
0.05,8727,38,251507,28.816109074243812
0.05,8728,-35,251472,28.80879825867797
0.05,8729,88,251560,28.815578465063002
0.05,8730,93,251653,28.822929790402014
0.05,8731,84,251737,28.82924874026569
0.05,8732,90,251827,28.836253292110385
0.05,8733,94,251921,28.84371422028853
0.05,8734,59,251980,28.847166571265024
0.05,8735,68,252048,28.85164835164835
0.05,8736,-195,251853,28.826027240471557
0.05,8737,39,251892,28.827191577019914
0.05,8738,-6,251886,28.823206316512188
0.05,8739,88,251974,28.829977116704807
0.05,8740,78,252052,28.83560233382908
0.05,8741,74,252126,28.840768702814
0.05,8742,80,252206,28.84662015326547
0.05,8743,94,252300,28.854071363220495
0.05,8744,35,252335,28.854774156660948
0.05,8745,0,252335,28.851474959981704
0.05,8746,74,252409,28.856636561106665
0.05,8747,-66,252343,28.845793324188385
0.05,8748,-30,252313,28.839067321979655
0.05,8749,52,252365,28.841714285714286
0.05,8750,85,252450,28.848131642098046
0.05,8751,62,252512,28.851919561243143
0.05,8752,93,252605,28.8592482577402
0.05,8753,-132,252473,28.840872743888507
0.05,8754,49,252522,28.84317532838378
0.05,8755,90,252612,28.850159890360896
0.05,8756,57,252669,28.8533744433025
0.05,8757,-110,252559,28.83751998173099
0.05,8758,93,252652,28.844845301975113
0.05,8759,59,252711,28.848287671232878
0.05,8760,-96,252615,28.834037210364112
0.05,8761,86,252701,28.8405615156357
0.05,8762,-31,252670,28.833732739929246
0.05,8763,93,252763,28.84105431309904
0.05,8764,85,252848,28.84746149458072
0.05,8765,59,252907,28.85090120921743
0.05,8766,41,252948,28.85228698528573
0.05,8767,88,253036,28.85903284671533
0.05,8768,66,253102,28.863268331622763
0.05,8769,-82,253020,28.850627137970353
0.05,8770,-77,252943,28.838558887242048
0.05,8771,-40,252903,28.830711354309166
0.05,8772,-4,252899,28.82696910976861
0.05,8773,91,252990,28.834055162981535
0.05,8774,-521,252469,28.77139601139601
0.05,8775,90,252559,28.778372835004557
0.05,8776,41,252600,28.77976529565911
0.05,8777,-30,252570,28.773069036226932
0.05,8778,42,252612,28.774575691992254
0.05,8779,92,252704,28.781776765375856
0.05,8780,-1,252703,28.778385149755152
0.05,8781,46,252749,28.78034616260533
0.05,8782,-80,252669,28.767960833428212
0.05,8783,10,252679,28.76582422586521
0.05,8784,77,252756,28.771314741035855
0.05,8785,68,252824,28.775779649442295
0.05,8786,43,252867,28.777398429498124
0.05,8787,78,252945,28.782999544833864
0.05,8788,73,253018,28.78803049266128
0.05,8789,81,253099,28.79397042093288
0.05,8790,72,253171,28.79888522352406
0.05,8791,93,253264,28.806187443130117
0.05,8792,21,253285,28.8052996701922
0.05,8793,94,253379,28.812713213554698
0.05,8794,69,253448,28.817282546901648
0.05,8795,-53,253395,28.807980900409277
0.05,8796,28,253423,28.807889053086278
0.05,8797,-140,253283,28.78870197772221
0.05,8798,72,253355,28.793612910558018
0.05,8799,-62,253293,28.783295454545456
0.05,8800,83,253376,28.789455743665492
0.05,8801,84,253460,28.795728243581003
0.05,8802,2,253462,28.79268431216631
0.05,8803,89,253551,28.799522944116312
0.05,8804,4,253555,28.796706416808632
0.05,8805,-131,253424,28.77856007267772
0.05,8806,78,253502,28.78414897240831
0.05,8807,62,253564,28.787920072661215
0.05,8808,-11,253553,28.78340333749574
0.05,8809,16,253569,28.781952326901248
0.05,8810,38,253607,28.782998524571557
0.05,8811,80,253687,28.78881071266455
0.05,8812,81,253768,28.79473505049359
0.05,8813,58,253826,28.798048559110505
0.05,8814,92,253918,28.805218377765172
0.05,8815,-119,253799,28.78845281306715
0.05,8816,-28,253771,28.782012022229782
0.05,8817,81,253852,28.787933771830346
0.05,8818,73,253925,28.792947046150356
0.05,8819,77,254002,28.798412698412697
0.05,8820,49,254051,28.800702868155536
0.05,8821,75,254126,28.80593969621401
0.05,8822,10,254136,28.80380822849371
0.05,8823,92,254228,28.81097008159565
0.05,8824,67,254295,28.81529745042493
0.05,8825,-30,254265,28.808633582596872
0.05,8826,37,254302,28.80956157244817
0.05,8827,52,254354,28.812188491164477
0.05,8828,-131,254223,28.7940876656473
0.05,8829,-31,254192,28.78731596828992
0.05,8830,-148,254044,28.76729702185483
0.05,8831,51,254095,28.769814311594203
0.05,8832,-63,254032,28.759424883957884
0.05,8833,-64,253968,28.748924609463437
0.05,8834,9,253977,28.746689303904922
0.05,8835,74,254051,28.75181077410593
0.05,8836,92,254143,28.758967975557315
0.05,8837,-48,254095,28.750282869427473
0.05,8838,76,254171,28.755628464758455
0.05,8839,85,254256,28.761990950226245
0.05,8840,-58,254198,28.75217735550277
0.05,8841,78,254276,28.757747116037095
0.05,8842,74,254350,28.762863281691732
0.05,8843,68,254418,28.76729986431479
0.05,8844,89,254507,28.774109666478235
0.05,8845,90,254597,28.78103097445173
0.05,8846,93,254690,28.788289815756755
0.05,8847,10,254700,28.78616636528029
0.05,8848,61,254761,28.789806757825744
0.05,8849,24,254785,28.789265536723164
0.05,8850,70,254855,28.793921590780702
0.05,8851,48,254903,28.79609127880705
0.05,8852,-176,254727,28.772958319213824
0.05,8853,-88,254639,28.759769595662977
0.05,8854,54,254693,28.762619988706945
0.05,8855,60,254753,28.766147244805783
0.05,8856,-49,254704,28.757367054307327
0.05,8857,93,254797,28.76461955294649
0.05,8858,47,254844,28.766677954622416
0.05,8859,92,254936,28.773814898419865
0.05,8860,15,254951,28.77226046721589
0.05,8861,82,255033,28.778266756939743
0.05,8862,9,255042,28.77603520252736
0.05,8863,90,255132,28.782942238267147
0.05,8864,-44,255088,28.77473209249859
0.05,8865,91,255179,28.78175050755696
0.05,8866,-68,255111,28.770835682869066
0.05,8867,86,255197,28.777289129454218
0.05,8868,-13,255184,28.772578644717555
0.05,8869,88,255272,28.77925591882751
0.05,8870,63,255335,28.783113515950852
0.05,8871,75,255410,28.788322813345356
0.05,8872,88,255498,28.794996055449115
0.05,8873,-123,255375,28.77789046653144
0.05,8874,28,255403,28.77780281690141
0.05,8875,92,255495,28.78492564218116
0.05,8876,-153,255342,28.764447448462317
0.05,8877,-89,255253,28.751182698806037
0.05,8878,46,255299,28.75312535195405
0.05,8879,80,255379,28.758896396396395
0.05,8880,94,255473,28.766242540254474
0.05,8881,94,255567,28.77358702994821
0.05,8882,72,255639,28.778453225261735
0.05,8883,31,255670,28.778703286807744
0.05,8884,38,255708,28.779741136747326
0.05,8885,-28,255680,28.773351339185236
0.05,8886,61,255741,28.776977607741646
0.05,8887,91,255832,28.783978397839785
0.05,8888,-18,255814,28.778715266059173
0.05,8889,92,255906,28.785826771653543
0.05,8890,90,255996,28.792711730963894
0.05,8891,-78,255918,28.780701754385966
0.05,8892,93,256011,28.787923085572924
0.05,8893,17,256028,28.786597706318865
0.05,8894,-76,255952,28.774817313097245
0.05,8895,62,256014,28.77855215827338
0.05,8896,22,256036,28.777790266381928
0.05,8897,37,256073,28.77871431782423
0.05,8898,21,256094,28.777840206764804
0.05,8899,81,256175,28.78370786516854
0.05,8900,14,256189,28.782046961015617
0.05,8901,31,256220,28.78229611323298
0.05,8902,-117,256103,28.765921599460857
0.05,8903,-4,256099,28.76224168912848
0.05,8904,29,256128,28.76226838854576
0.05,8905,-239,255889,28.732203009207275
0.05,8906,78,255967,28.73773436622881
0.05,8907,67,256034,28.742029636281995
0.05,8908,26,256060,28.741721854304636
0.05,8909,81,256141,28.747586980920314
0.05,8910,94,256235,28.75490966221524
0.05,8911,-40,256195,28.747194793536803
0.05,8912,91,256286,28.754179288679456
0.05,8913,72,256358,28.759030738164686
0.05,8914,45,256403,28.760852495793607
0.05,8915,71,256474,28.765589950650515
0.05,8916,-5,256469,28.761803297073005
0.05,8917,84,256553,28.767997308813634
0.05,8918,92,256645,28.775086893149457
0.05,8919,61,256706,28.778699551569506
0.05,8920,88,256794,28.785337966595673
0.05,8921,93,256887,28.792535305985204
0.05,8922,-512,256375,28.731928723523477
0.05,8923,71,256446,28.736665172568355
0.05,8924,85,256531,28.74296918767507
0.05,8925,-45,256486,28.734707595787587
0.05,8926,-145,256341,28.715245883275458
0.05,8927,11,256352,28.71326164874552
0.05,8928,78,256430,28.718781498488074
0.05,8929,-45,256385,28.710526315789473
0.05,8930,80,256465,28.716269174784458
0.05,8931,63,256528,28.720107478728167
0.05,8932,-24,256504,28.714205753946043
0.05,8933,-66,256438,28.703604208641146
0.05,8934,91,256529,28.7105763850028
0.05,8935,87,256616,28.717099373321396
0.05,8936,83,256699,28.723173324381783
0.05,8937,50,256749,28.72555381517118
0.05,8938,-89,256660,28.712383935563263
0.05,8939,91,256751,28.719351230425055
0.05,8940,93,256844,28.72654065540767
0.05,8941,86,256930,28.73294564974279
0.05,8942,64,256994,28.73688918707369
0.05,8943,57,257051,28.740049194991055
0.05,8944,75,257126,28.74522079373952
0.05,8945,89,257215,28.751956181533647
0.05,8946,47,257262,28.75399575276629
0.05,8947,-54,257208,28.744747429593204
0.05,8948,92,257300,28.75181584534585
0.05,8949,24,257324,28.75128491620112
0.05,8950,-38,257286,28.74382750530667
0.05,8951,90,257376,28.750670241286862
0.05,8952,89,257465,28.75739975427231
0.05,8953,-199,257266,28.731963368327005
0.05,8954,75,257341,28.73713009491904
0.05,8955,7,257348,28.734702992407325
0.05,8956,94,257442,28.74198950541476
0.05,8957,74,257516,28.74704175039071
0.05,8958,82,257598,28.75298582431075
0.05,8959,-49,257549,28.744308035714287
0.05,8960,-15,257534,28.739426403303202
0.05,8961,91,257625,28.74637357732649
0.05,8962,94,257719,28.75365391052103
0.05,8963,87,257806,28.760151717983042
0.05,8964,59,257865,28.763524818739544
0.05,8965,84,257949,28.769685478474237
0.05,8966,-13,257936,28.76502732240437
0.05,8967,-29,257907,28.758586083853704
0.05,8968,86,257993,28.76496822388226
0.05,8969,45,258038,28.766778149386845
0.05,8970,86,258124,28.773157953405416
0.05,8971,-16,258108,28.768167632634864
0.05,8972,84,258192,28.77432296890672
0.05,8973,70,258262,28.778916870960554
0.05,8974,92,258354,28.785961002785516
0.05,8975,91,258445,28.792892156862745
0.05,8976,82,258527,28.798819204634064
0.05,8977,92,258619,28.80585876587213
0.05,8978,86,258705,28.812228533244237
0.05,8979,68,258773,28.816592427616925
0.05,8980,55,258828,28.819507849905357
0.05,8981,78,258906,28.8249832999332
0.05,8982,-20,258886,28.819548035177558
0.05,8983,23,258909,28.818900267141586
0.05,8984,90,258999,28.825709515859767
0.05,8985,89,259088,28.832405964834187
0.05,8986,72,259160,28.837209302325583
0.05,8987,-53,259107,28.828104138851803
0.05,8988,46,259153,28.83001446212037
0.05,8989,25,259178,28.829588431590658
0.05,8990,93,259271,28.836725614503393
0.05,8991,46,259317,28.83863434163701
0.05,8992,91,259408,28.845546536194817
0.05,8993,-18,259390,28.840338003113185
0.05,8994,88,259478,28.84691495275153
0.05,8995,-166,259312,28.825255669186305
0.05,8996,79,259391,28.83083249972213
0.05,8997,31,259422,28.831073571904867
0.05,8998,72,259494,28.835870652294698
0.05,8999,55,259549,28.83877777777778
0.05,9000,79,259628,28.84435062770803
0.05,9001,22,259650,28.843590313263718
0.05,9002,80,259730,28.84927246473398
0.05,9003,48,259778,28.851399378054197
0.05,9004,87,259865,28.857856746252082
0.05,9005,15,259880,28.85631801021541
0.05,9006,56,259936,28.8593316309537
0.05,9007,54,259990,28.862122557726465
0.05,9008,94,260084,28.86935286935287
0.05,9009,44,260128,28.87103218645949
0.05,9010,-16,260112,28.866052602374875
0.05,9011,39,260151,28.86717709720373
0.05,9012,-172,259979,28.844890713413957
0.05,9013,58,260037,28.848125138673176
0.05,9014,59,260096,28.85146977260122
0.05,9015,-37,260059,28.84416592724046
0.05,9016,27,260086,28.843961406232673
0.05,9017,83,260169,28.849966733200265
0.05,9018,-163,260006,28.828694977270207
0.05,9019,68,260074,28.833037694013303
0.05,9020,82,260156,28.83893138233012
0.05,9021,91,260247,28.845821325648416
0.05,9022,95,260342,28.853153053308212
0.05,9023,87,260429,28.859596631205672
0.05,9024,25,260454,28.859168975069252
0.05,9025,12,260466,28.85730113006869
0.05,9026,86,260552,28.86363132823751
0.05,9027,1,260553,28.86054497120071
0.05,9028,93,260646,28.867648687562298
0.05,9029,-54,260592,28.858471760797343
0.05,9030,87,260679,28.864909755287343
0.05,9031,41,260720,28.866253321523473
0.05,9032,16,260736,28.864828960478246
0.05,9033,74,260810,28.86982510515829
0.05,9034,84,260894,28.875926950747093
0.05,9035,82,260976,28.88180610889774
0.05,9036,-175,260801,28.85924532477592
0.05,9037,35,260836,28.85992476211551
0.05,9038,53,260889,28.862595419847327
0.05,9039,-77,260812,28.850884955752214
0.05,9040,54,260866,28.853666629797587
0.05,9041,65,260931,28.857664233576642
0.05,9042,71,261002,28.862324449850714
0.05,9043,-53,260949,28.85327288810261
0.05,9044,83,261032,28.85925925925926
0.05,9045,91,261123,28.866128675657748
0.05,9046,10,261133,28.864043329280424
0.05,9047,-6,261127,28.860190097259064
0.05,9048,7,261134,28.857774339706044
0.05,9049,-206,260928,28.83182320441989
0.05,9050,87,261015,28.838249917136228
0.05,9051,82,261097,28.84412284577994
0.05,9052,-24,261073,28.83828565116536
0.05,9053,82,261155,28.844157278550917
0.05,9054,22,261177,28.8434014356709
0.05,9055,83,261260,28.849381625441698
0.05,9056,-84,261176,28.83692171800817
0.05,9057,92,261268,28.84389489953632
0.05,9058,87,261355,28.850314604260955
0.05,9059,-33,261322,28.843487858719648
0.05,9060,-22,261300,28.837876614060256
0.05,9061,94,261394,28.845067314058706
0.05,9062,-14,261380,28.84033984331899
0.05,9063,22,261402,28.839585172109444
0.05,9064,89,261491,28.84622173193602
0.05,9065,32,261523,28.846569600705934
0.05,9066,19,261542,28.845483621925663
0.05,9067,88,261630,28.85200705778562
0.05,9068,54,261684,28.854780019847833
0.05,9069,-4,261680,28.851157662624036
0.05,9070,79,261759,28.856686142652407
0.05,9071,55,261814,28.859567901234566
0.05,9072,74,261888,28.86454315000551
0.05,9073,-98,261790,28.850562045404452
0.05,9074,26,261816,28.850247933884297
0.05,9075,-55,261761,28.84100925517849
0.05,9076,87,261848,28.847416547317394
0.05,9077,-87,261761,28.834655210398765
0.05,9078,23,261784,28.834012556448947
0.05,9079,49,261833,28.83623348017621
0.05,9080,47,261880,28.838233674705428
0.05,9081,90,261970,28.844968068707335
0.05,9082,-96,261874,28.831223164152814
0.05,9083,52,261926,28.83377366798767
0.05,9084,-224,261702,28.80594386351128
0.05,9085,-74,261628,28.794629099713845
0.05,9086,39,261667,28.795752173434575
0.05,9087,-1,261666,28.792473591549296
0.05,9088,91,261757,28.799317856749916
0.05,9089,-70,261687,28.78844884488449
0.05,9090,74,261761,28.793422065779342
0.05,9091,-17,261744,28.78838539375275
0.05,9092,-84,261660,28.775981524249424
0.05,9093,63,261723,28.77974488673851
0.05,9094,78,261801,28.78515667949423
0.05,9095,39,261840,28.78627968337731
0.05,9096,92,261932,28.79322853688029
0.05,9097,-8,261924,28.78918443613981
0.05,9098,92,262016,28.796131443015717
0.05,9099,82,262098,28.801978021978023
0.05,9100,74,262172,28.80694429183606
0.05,9101,83,262255,28.812898264117777
0.05,9102,32,262287,28.813248379655057
0.05,9103,25,262312,28.812829525483306
0.05,9104,-38,262274,28.8054914881933
0.05,9105,40,262314,28.806720843399955
0.05,9106,68,262382,28.811024486658614
0.05,9107,-23,262359,28.805335968379445
0.05,9108,78,262437,28.810736634098145
0.05,9109,65,262502,28.814709110867177
0.05,9110,56,262558,28.81769289869389
0.05,9111,61,262619,28.82122475856014
0.05,9112,76,262695,28.826401843520244
0.05,9113,-15,262680,28.82159315339039
0.05,9114,88,262768,28.82808557323094
0.05,9115,80,262848,28.833698990785432
0.05,9116,-5,262843,28.829987934627617
0.05,9117,16,262859,28.828580829129194
0.05,9118,68,262927,28.83287641188727
0.05,9119,-419,262508,28.78377192982456
0.05,9120,69,262577,28.788181120491174
0.05,9121,85,262662,28.79434334575751
0.05,9122,-2,262660,28.7909678833717
0.05,9123,89,262749,28.797566856641822
0.05,9124,94,262843,28.804712328767124
0.05,9125,93,262936,28.811746657900503
0.05,9126,86,263022,28.81801249041306
0.05,9127,80,263102,28.823619631901842
0.05,9128,52,263154,28.82615839631942
0.05,9129,86,263240,28.832420591456735
0.05,9130,82,263322,28.838243346840432
0.05,9131,41,263363,28.839575120455542
0.05,9132,32,263395,28.83992116500602
0.05,9133,80,263475,28.845522224655134
0.05,9134,-93,263382,28.832183908045977
0.05,9135,-134,263248,28.814360770577935
0.05,9136,68,263316,28.818649447302178
0.05,9137,84,263400,28.824688115561393
0.05,9138,94,263494,28.831819673924937
0.05,9139,-99,263395,28.817833698030636
0.05,9140,-8,263387,28.813805929329394
0.05,9141,20,263407,28.81284182892146
0.05,9142,60,263467,28.81625287104889
0.05,9143,93,263560,28.823272090988628
0.05,9144,16,263576,28.821869874248222
0.05,9145,83,263659,28.827793570959983
0.05,9146,-99,263560,28.81381873838417
0.05,9147,45,263605,28.815588106689987
0.05,9148,83,263688,28.82151054760083
0.05,9149,27,263715,28.821311475409836
0.05,9150,90,263805,28.827996940225113
0.05,9151,93,263898,28.83500874125874
0.05,9152,61,263959,28.838522888670383
0.05,9153,93,264052,28.845532007865415
0.05,9154,90,264142,28.852211906062262
0.05,9155,-154,263988,28.83224115334207
0.05,9156,16,264004,28.830839794692587
0.05,9157,81,264085,28.836536361651014
0.05,9158,8,264093,28.83426138224697
0.05,9159,66,264159,28.838318777292578
0.05,9160,91,264250,28.845104246261325
0.05,9161,90,264340,28.851779087535473
0.05,9162,50,264390,28.854087089381206
0.05,9163,85,264475,28.86021388040157
0.05,9164,60,264535,28.863611565739227
0.05,9165,29,264564,28.863626445559678
0.05,9166,60,264624,28.867023017344824
0.05,9167,-102,264522,28.852748691099478
0.05,9168,91,264613,28.85952666593958
0.05,9169,-114,264499,28.843947655398036
0.05,9170,34,264533,28.84450986806237
0.05,9171,-29,264504,28.838203227213256
0.05,9172,-53,264451,28.82928158726698
0.05,9173,72,264523,28.833987355570088
0.05,9174,91,264614,28.840762942779293
0.05,9175,94,264708,28.847863993025282
0.05,9176,65,264773,28.851803421597474
0.05,9177,79,264852,28.85726737851384
0.05,9178,69,264921,28.86164070160148
0.05,9179,35,264956,28.86230936819172
0.05,9180,12,264968,28.86047271539048
0.05,9181,53,265021,28.863101720758007
0.05,9182,78,265099,28.868452575411087
0.05,9183,-230,264869,28.84026567944251
0.05,9184,90,264959,28.84692433315188
0.05,9185,72,265031,28.851622033529285
0.05,9186,85,265116,28.857733754217918
0.05,9187,-55,265061,28.848606878537222
0.05,9188,47,265108,28.850582217869192
0.05,9189,87,265195,28.856909684439607
0.05,9190,94,265289,28.863997388749866
0.05,9191,90,265379,28.870648389904265
0.05,9192,1,265380,28.867616664853692
0.05,9193,31,265411,28.867848596911028
0.05,9194,87,265498,28.874170744970094
0.05,9195,69,265567,28.878534145280558
0.05,9196,90,265657,28.88517994998369
0.05,9197,92,265749,28.892041748206132
0.05,9198,53,265802,28.894662463311228
0.05,9199,34,265836,28.89521739130435
0.05,9200,90,265926,28.901858493641996
0.05,9201,88,266014,28.908280808519887
0.05,9202,5,266019,28.905682929479518
0.05,9203,32,266051,28.906019122120817
0.05,9204,-5,266046,28.902335687126563
0.05,9205,41,266087,28.90364979361286
0.05,9206,85,266172,28.909742587161944
0.05,9207,-65,266107,28.8995438748914
0.05,9208,-87,266020,28.88695841025084
0.05,9209,-69,265951,28.876330076004344
0.05,9210,88,266039,28.882748887200087
0.05,9211,-12,266027,28.878310898827618
0.05,9212,91,266118,28.885053728427224
0.05,9213,86,266204,28.891252441936185
0.05,9214,-170,266034,28.86966901790559
0.05,9215,0,266034,28.866536458333332
0.05,9216,-14,266020,28.861885646088748
0.05,9217,86,266106,28.868084183119983
0.05,9218,66,266172,28.872111942726978
0.05,9219,74,266246,28.877006507592192
0.05,9220,46,266292,28.878863463832555
0.05,9221,16,266308,28.8774669269139
0.05,9222,-51,266257,28.868806245256422
0.05,9223,93,266350,28.87575888985256
0.05,9224,45,266395,28.87750677506775
0.05,9225,93,266488,28.884456969434208
0.05,9226,-49,266439,28.876016039882952
0.05,9227,84,266523,28.881989596879063
0.05,9228,87,266610,28.888286921659986
0.05,9229,51,266661,28.89068255687974
0.05,9230,76,266737,28.895785938684867
0.05,9231,-24,266713,28.890056325823224
0.05,9232,58,266771,28.893209141124228
0.05,9233,93,266864,28.900151613601906
0.05,9234,95,266959,28.907309149972928
0.05,9235,-48,266911,28.89898224339541
0.05,9236,31,266942,28.899209700119087
0.05,9237,-40,266902,28.891751461355273
0.05,9238,42,266944,28.89317025652127
0.05,9239,-180,266764,28.87056277056277
0.05,9240,92,266856,28.87739422140461
0.05,9241,94,266950,28.88444059727332
0.05,9242,45,266995,28.886184139348696
0.05,9243,87,267082,28.892470791864994
0.05,9244,-36,267046,28.885451595457003
0.05,9245,-35,267011,28.87854207224746
0.05,9246,61,267072,28.88201578890451
0.05,9247,0,267072,28.878892733564015
0.05,9248,90,267162,28.885501135257865
0.05,9249,87,267249,28.891783783783783
0.05,9250,79,267328,28.897200302669983
0.05,9251,77,267405,28.902399481193257
0.05,9252,64,267469,28.906192586188265
0.05,9253,31,267500,28.906418845904472
0.05,9254,94,267594,28.913452188006485
0.05,9255,36,267630,28.914217804667242
0.05,9256,72,267702,28.918872204817976
0.05,9257,85,267787,28.9249297904515
0.05,9258,21,267808,28.924073874068473
0.05,9259,16,267824,28.92267818574514
0.05,9260,85,267909,28.928733398121153
0.05,9261,-15,267894,28.92399049881235
0.05,9262,-161,267733,28.903486991255534
0.05,9263,74,267807,28.90835492227979
0.05,9264,-53,267754,28.899514301133298
0.05,9265,36,267790,28.90028059572631
0.05,9266,-27,267763,28.894248408330636
0.05,9267,-5,267758,28.890591281829952
0.05,9268,43,267801,28.892113496601574
0.05,9269,72,267873,28.896763754045306
0.05,9270,88,267961,28.90313881997627
0.05,9271,27,267988,28.902933563416738
0.05,9272,-26,267962,28.897012832955895
0.05,9273,92,268054,28.903817123139962
0.05,9274,40,268094,28.90501347708895
0.05,9275,54,268148,28.90771884432945
0.05,9276,84,268232,28.9136574323596
0.05,9277,64,268296,28.917439103255013
0.05,9278,54,268350,28.920142256708697
0.05,9279,30,268380,28.920258620689655
0.05,9280,37,268417,28.921129188665013
0.05,9281,65,268482,28.92501616031028
0.05,9282,75,268557,28.929979532478725
0.05,9283,68,268625,28.934187850064628
0.05,9284,74,268699,28.939041464728056
0.05,9285,71,268770,28.94357096704717
0.05,9286,-18,268752,28.938516205448476
0.05,9287,90,268842,28.945090439276484
0.05,9288,4,268846,28.94240499515556
0.05,9289,84,268930,28.94833153928956
0.05,9290,68,268998,28.952534711010657
0.05,9291,91,269089,28.959212225570383
0.05,9292,-70,269019,28.94856343484343
0.05,9293,-67,268952,28.938239724553476
0.05,9294,51,269003,28.940613232920924
0.05,9295,86,269089,28.946751290877796
0.05,9296,76,269165,28.951812412606216
0.05,9297,68,269233,28.956012045601206
0.05,9298,-68,269165,28.945585546832994
0.05,9299,85,269250,28.951612903225808
0.05,9300,35,269285,28.952263197505644
0.05,9301,-41,269244,28.94474306600731
0.05,9302,-2,269242,28.94141674728582
0.05,9303,52,269294,28.9438950988822
0.05,9304,79,269373,28.949274583557226
0.05,9305,95,269468,28.95637223296798
0.05,9306,26,269494,28.956054582572257
0.05,9307,89,269583,28.96250537172325
0.05,9308,-122,269461,28.946288537974002
0.05,9309,-37,269424,28.93920515574651
0.05,9310,87,269511,28.945440876382772
0.05,9311,-189,269322,28.922036082474225
0.05,9312,51,269373,28.924406743262107
0.05,9313,75,269448,28.92935366115525
0.05,9314,92,269540,28.93612453032743
0.05,9315,6,269546,28.933662516101332
0.05,9316,-35,269511,28.926800472255017
0.05,9317,76,269587,28.93185232882593
0.05,9318,-42,269545,28.924240798368924
0.05,9319,48,269593,28.92628755364807
0.05,9320,84,269677,28.932196116296534
0.05,9321,-71,269606,28.92147607809483
0.05,9322,-35,269571,28.91461975758876
0.05,9323,80,269651,28.92009867009867
0.05,9324,-55,269596,28.911099195710456
0.05,9325,18,269614,28.909929230109373
0.05,9326,-286,269328,28.876165969765196
0.05,9327,-83,269245,28.864172384219554
0.05,9328,62,269307,28.86772430056812
0.05,9329,62,269369,28.87127545551983
0.05,9330,55,269424,28.874075661772586
0.05,9331,56,269480,28.876982426060867
0.05,9332,94,269574,28.883960141433622
0.05,9333,35,269609,28.884615384615383
0.05,9334,84,269693,28.89051955008034
0.05,9335,67,269760,28.894601542416453
0.05,9336,67,269827,28.89868266038342
0.05,9337,-1,269826,28.895480831013064
0.05,9338,76,269902,28.90052468144341
0.05,9339,57,269959,28.90353319057816
0.05,9340,87,270046,28.90975270313671
0.05,9341,50,270096,28.912010276172126
0.05,9342,-17,270079,28.90709622177031
0.05,9343,22,270101,28.906357020547944
0.05,9344,76,270177,28.911396468699838
0.05,9345,88,270265,28.917718810186177
0.05,9346,57,270322,28.920723226703757
0.05,9347,80,270402,28.926187419768933
0.05,9348,7,270409,28.923842122152102
0.05,9349,79,270488,28.929197860962567
0.05,9350,76,270564,28.93423163298043
0.05,9351,84,270648,28.940119760479043
0.05,9352,-117,270531,28.924516198011332
0.05,9353,8,270539,28.92227923882831
0.05,9354,74,270613,28.92709780865847
0.05,9355,-110,270503,28.912248824283882
0.05,9356,-35,270468,28.9054184033344
0.05,9357,34,270502,28.905962812566788
0.05,9358,-2,270500,28.902660540656054
0.05,9359,92,270592,28.90940170940171
0.05,9360,-111,270481,28.894455720542677
0.05,9361,-62,270419,28.884746848963896
0.05,9362,-43,270376,28.877069315390365
0.05,9363,92,270468,28.883810337462624
0.05,9364,-5,270463,28.880192205018687
0.05,9365,94,270557,28.88714499252616
0.05,9366,2,270559,28.884274580975767
0.05,9367,82,270641,28.889944491887277
0.05,9368,22,270663,28.889209093820046
0.05,9369,-340,270323,28.849839914621132
0.05,9370,24,270347,28.849322377547754
0.05,9371,58,270405,28.852432778489117
0.05,9372,93,270498,28.859276645684414
0.05,9373,24,270522,28.858758267548538
0.05,9374,27,270549,28.85856
0.05,9375,-31,270518,28.852175767918087
0.05,9376,82,270600,28.857843660019196
0.05,9377,87,270687,28.864043506078055
0.05,9378,20,270707,28.86309841134449
0.05,9379,9,270716,28.86098081023454
0.05,9380,-127,270589,28.844366272252426
0.05,9381,87,270676,28.85056491153272
0.05,9382,-51,270625,28.842054779921135
0.05,9383,-54,270571,28.83322676896846
0.05,9384,85,270656,28.839211507725093
0.05,9385,24,270680,28.838695930108674
0.05,9386,13,270693,28.837008628954937
0.05,9387,94,270787,28.843949723050702
0.05,9388,72,270859,28.84854617105123
0.05,9389,28,270887,28.848455804046857
0.05,9390,39,270926,28.84953679054414
0.05,9391,89,271015,28.85594122657581
0.05,9392,-58,270957,28.84669434685404
0.05,9393,17,270974,28.84543325526932
0.05,9394,58,271032,28.84853645556147
0.05,9395,-180,270852,28.826309067688378
0.05,9396,84,270936,28.832180483132916
0.05,9397,-123,270813,28.816024686103425
0.05,9398,-20,270793,28.810830939461646
0.05,9399,-14,270779,28.80627659574468
0.05,9400,83,270862,28.812041272205086
0.05,9401,94,270956,28.81897468623697
0.05,9402,14,270970,28.81739870254174
0.05,9403,68,271038,28.821565291365378
0.05,9404,57,271095,28.82456140350877
0.05,9405,58,271153,28.827663193706144
0.05,9406,74,271227,28.83246518550016
0.05,9407,-151,271076,28.813350340136054
0.05,9408,-178,270898,28.7913699649272
0.05,9409,94,270992,28.798299681190223
0.05,9410,-18,270974,28.79332695781532
0.05,9411,-126,270848,28.77688057798555
0.05,9412,84,270932,28.782747264421545
0.05,9413,50,270982,28.785001062247716
0.05,9414,82,271064,28.790653212958045
0.05,9415,5,271069,28.788126593033134
0.05,9416,64,271133,28.791865774662845
0.05,9417,-23,271110,28.786366532172437
0.05,9418,58,271168,28.789468096400892
0.05,9419,23,271191,28.788853503184715
0.05,9420,13,271204,28.787177581997664
0.05,9421,65,271269,28.79102101464657
0.05,9422,-32,271237,28.78456966995649
0.05,9423,91,271328,28.791171477079796
0.05,9424,36,271364,28.791936339522547
0.05,9425,7,271371,28.78962444302992
0.05,9426,47,271418,28.791556168452317
0.05,9427,10,271428,28.78956300381841
0.05,9428,68,271496,28.79372149750769
0.05,9429,-9,271487,28.789713679745493
0.05,9430,68,271555,28.793871275580532
0.05,9431,58,271613,28.796967769296014
0.05,9432,53,271666,28.799533552422346
0.05,9433,68,271734,28.80368878524486
0.05,9434,86,271820,28.809750927397985
0.05,9435,-105,271715,28.79557015684612
0.05,9436,32,271747,28.795909717071105
0.05,9437,-205,271542,28.771137952956135
0.05,9438,31,271573,28.771374086237948
0.05,9439,58,271631,28.77447033898305
0.05,9440,81,271712,28.78000211841966
0.05,9441,-16,271696,28.775259478923957
0.05,9442,16,271712,28.773906597479616
0.05,9443,61,271773,28.777318932655653
0.05,9444,52,271825,28.77977766013764
0.05,9445,-130,271695,28.762968452254924
0.05,9446,60,271755,28.76627500793903
0.05,9447,-58,271697,28.757091447925486
0.05,9448,62,271759,28.760609588316225
0.05,9449,90,271849,28.767089947089946
0.05,9450,48,271897,28.76912496032166
0.05,9451,64,271961,28.77285230639018
0.05,9452,25,271986,28.77245318946366
0.05,9453,65,272051,28.776285170298287
0.05,9454,87,272138,28.78244315177155
0.05,9455,21,272159,28.78162013536379
0.05,9456,79,272238,28.78693031616792
0.05,9457,-36,272202,28.78008035525481
0.05,9458,12,272214,28.778306374881065
0.05,9459,57,272271,28.781289640591964
0.05,9460,63,272334,28.78490645809111
0.05,9461,-20,272314,28.77975058127246
0.05,9462,16,272330,28.778400084539786
0.05,9463,80,272410,28.78381234150465
0.05,9464,84,272494,28.789646064447965
0.05,9465,8,272502,28.787449820409886
0.05,9466,76,272578,28.79243688602514
0.05,9467,72,272650,28.79700042247571
0.05,9468,93,272743,28.80378075826381
0.05,9469,59,272802,28.806969376979936
0.05,9470,68,272870,28.8111075915954
0.05,9471,84,272954,28.81693412162162
0.05,9472,60,273014,28.820225905204264
0.05,9473,51,273065,28.82256702554359
0.05,9474,94,273159,28.829445910290236
0.05,9475,81,273240,28.83495145631068
0.05,9476,-34,273206,28.82832119869157
0.05,9477,87,273293,28.834458746571006
0.05,9478,67,273360,28.83848507226501
0.05,9479,74,273434,28.84324894514768
0.05,9480,77,273511,28.848328235418204
0.05,9481,85,273596,28.854250158194475
0.05,9482,-69,273527,28.843931245386482
0.05,9483,72,273599,28.848481653310838
0.05,9484,91,273690,28.85503426462836
0.05,9485,87,273777,28.861163820366855
0.05,9486,-617,273160,28.793085274586275
0.05,9487,84,273244,28.798903878583474
0.05,9488,60,273304,28.80219201180314
0.05,9489,70,273374,28.806533192834564
0.05,9490,80,273454,28.811927088820987
0.05,9491,-12,273442,28.80762747576907
0.05,9492,-11,273431,28.803434109343726
0.05,9493,72,273503,28.80798398988835
0.05,9494,93,273596,28.814744602422326
0.05,9495,94,273690,28.82160909856782
0.05,9496,79,273769,28.82689270295883
0.05,9497,50,273819,28.829121920404294
0.05,9498,85,273904,28.835035266870197
0.05,9499,92,273996,28.841684210526317
0.05,9500,-63,273933,28.832017682349225
0.05,9501,90,274023,28.83845506209219
0.05,9502,40,274063,28.839629590655584
0.05,9503,-46,274017,28.831755050505052
0.05,9504,80,274097,28.83713834823777
0.05,9505,40,274137,28.838312644645487
0.05,9506,-56,274081,28.829388871357946
0.05,9507,70,274151,28.833718973496005
0.05,9508,71,274222,28.8381533284257
0.05,9509,24,274246,28.83764458464774
0.05,9510,6,274252,28.835243402376197
0.05,9511,89,274341,28.841568544995795
0.05,9512,87,274428,28.8476821192053
0.05,9513,88,274516,28.853899516501997
0.05,9514,74,274590,28.858644245927483
0.05,9515,-40,274550,28.851408154686844
0.05,9516,81,274631,28.856887674687403
0.05,9517,60,274691,28.860159697415423
0.05,9518,53,274744,28.862695661308962
0.05,9519,89,274833,28.869012605042016
0.05,9520,71,274904,28.873437664110913
0.05,9521,93,274997,28.880172232724217
0.05,9522,79,275076,28.88543526199727
0.05,9523,-356,274720,28.845023099538007
0.05,9524,76,274796,28.84997375328084
0.05,9525,-169,274627,28.829204283014906
0.05,9526,80,274707,28.834575417235225
0.05,9527,4,274711,28.831968933669184
0.05,9528,87,274798,28.838073250078708
0.05,9529,80,274878,28.843441762854145
0.05,9530,92,274970,28.850068198510126
0.05,9531,45,275015,28.851762484263535
0.05,9532,84,275099,28.85754746669464
0.05,9533,61,275160,28.860918816865954
0.05,9534,81,275241,28.866386995280546
0.05,9535,80,275321,28.871749161073826
0.05,9536,36,275357,28.872496592219775
0.05,9537,91,275448,28.87901027469071
0.05,9538,18,275466,28.877869797672712
0.05,9539,91,275557,28.884381551362683
0.05,9540,45,275602,28.886070642490306
0.05,9541,47,275649,28.88796897924963
0.05,9542,48,275697,28.889971707010375
0.05,9543,87,275784,28.896060352053645
0.05,9544,-14,275770,28.89156626506024
0.05,9545,84,275854,28.89733919966478
0.05,9546,2,275856,28.894521839321254
0.05,9547,51,275907,28.896837033933807
0.05,9548,-82,275825,28.885223583621322
0.05,9549,57,275882,28.888167539267016
0.05,9550,21,275903,28.88734163961889
0.05,9551,-13,275890,28.882956448911223
0.05,9552,55,275945,28.885690359049512
0.05,9553,5,275950,28.883190286790875
0.05,9554,30,275980,28.883307169021453
0.05,9555,89,276069,28.889598158225198
0.05,9556,-20,276049,28.88448257821492
0.05,9557,81,276130,28.889935132872985
0.05,9558,52,276182,28.892352756564495
0.05,9559,77,276259,28.897384937238495
0.05,9560,70,276329,28.901683924275705
0.05,9561,81,276410,28.90713239907969
0.05,9562,10,276420,28.905155285998116
0.05,9563,88,276508,28.91133416980343
0.05,9564,-70,276438,28.90099320439101
0.05,9565,94,276532,28.907798452853857
0.05,9566,-48,276484,28.899759590258178
0.05,9567,-45,276439,28.892035953177256
0.05,9568,69,276508,28.89622740098234
0.05,9569,89,276597,28.902507836990594
0.05,9570,68,276665,28.90659283251489
0.05,9571,90,276755,28.912975344755537
0.05,9572,-43,276712,28.905463282147707
0.05,9573,-9,276703,28.901504073532482
0.05,9574,9,276712,28.899425587467363
0.05,9575,-201,276511,28.875417710944028
0.05,9576,90,276601,28.881800146183565
0.05,9577,90,276691,28.888181248694927
0.05,9578,24,276715,28.88767094686293
0.05,9579,-294,276421,28.853966597077243
0.05,9580,52,276473,28.856382423546602
0.05,9581,73,276546,28.8609893550407
0.05,9582,93,276639,28.867682354168842
0.05,9583,80,276719,28.87301752921536
0.05,9584,-42,276677,28.865623369848723
0.05,9585,83,276760,28.871270602962653
0.05,9586,-92,276668,28.858662772504434
0.05,9587,14,276682,28.857113057989153
0.05,9588,44,276726,28.85869225153822
0.05,9589,80,276806,28.864025026068823
0.05,9590,88,276894,28.870190803878636
0.05,9591,-44,276850,28.862593828190157
0.05,9592,-94,276756,28.84978630251225
0.05,9593,89,276845,28.85605586825099
0.05,9594,52,276897,28.858467952058362
0.05,9595,10,276907,28.856502709462276
0.05,9596,91,276998,28.862978013962696
0.05,9597,76,277074,28.867889143571578
0.05,9598,83,277157,28.87352849255131
0.05,9599,92,277249,28.880104166666666
0.05,9600,23,277272,28.879491719612542
0.05,9601,91,277363,28.885961258071234
0.05,9602,-18,277345,28.881078829532438
0.05,9603,-42,277303,28.873698458975426
0.05,9604,-109,277194,28.859344091618947
0.05,9605,74,277268,28.864043306266918
0.05,9606,88,277356,28.870198813365253
0.05,9607,81,277437,28.875624479600333
0.05,9608,70,277507,28.87990425642627
0.05,9609,67,277574,28.883870967741935
0.05,9610,43,277617,28.88533971491
0.05,9611,68,277685,28.88940907199334
0.05,9612,18,277703,28.888276292520544
0.05,9613,18,277721,28.887143748699813
0.05,9614,-88,277633,28.87498699947998
0.05,9615,34,277667,28.87551996672213
0.05,9616,65,277732,28.879276281584694
0.05,9617,52,277784,28.881680182990227
0.05,9618,-92,277692,28.86911321343175
0.05,9619,-61,277631,28.85977130977131
0.05,9620,89,277720,28.866022243010082
0.05,9621,-61,277659,28.85668260236957
0.05,9622,1,277660,28.85378780006235
0.05,9623,45,277705,28.855465502909393
0.05,9624,52,277757,28.85787012987013
0.05,9625,-26,277731,28.852171202991897
0.05,9626,94,277825,28.85893840240989
0.05,9627,21,277846,28.858122143747405
0.05,9628,63,277909,28.86166787828435
0.05,9629,91,278000,28.868120456905505
0.05,9630,24,278024,28.86761499325096
0.05,9631,89,278113,28.873857973421927
0.05,9632,-35,278078,28.867227239696874
0.05,9633,56,278134,28.870043595598922
0.05,9634,0,278134,28.867047223663725
0.05,9635,82,278216,28.872561228725612
0.05,9636,20,278236,28.871640552039015
0.05,9637,90,278326,28.877982984021582
0.05,9638,61,278387,28.881315489158627
0.05,9639,59,278446,28.884439834024896
0.05,9640,70,278516,28.888704491235348
0.05,9641,-137,278379,28.87149968886123
0.05,9642,89,278468,28.877735144664523
0.05,9643,87,278555,28.88376192451265
0.05,9644,21,278576,28.882944530845
0.05,9645,77,278653,28.887932821895085
0.05,9646,53,278706,28.890432258733284
0.05,9647,-37,278669,28.883602819237147
0.05,9648,67,278736,28.887553114312364
0.05,9649,-80,278656,28.876269430051813
0.05,9650,59,278715,28.879390736711223
0.05,9651,17,278732,28.87815996684625
0.05,9652,85,278817,28.88397389412618
0.05,9653,73,278890,28.88854360886679
0.05,9654,78,278968,28.893630243397205
0.05,9655,90,279058,28.899958574979287
0.05,9656,63,279121,28.903489696593144
0.05,9657,92,279213,28.91002277904328
0.05,9658,94,279307,28.916761569520656
0.05,9659,-150,279157,28.89824016563147
0.05,9660,-9,279148,28.894317358451506
0.05,9661,84,279232,28.900020699648106
0.05,9662,73,279305,28.90458449756804
0.05,9663,16,279321,28.90324917218543
0.05,9664,54,279375,28.905845835488876
0.05,9665,64,279439,28.909476515621765
0.05,9666,61,279500,28.91279611047895
0.05,9667,89,279589,28.919011170872984
0.05,9668,-76,279513,28.90816009928638
0.05,9669,68,279581,28.912202688728026
0.05,9670,39,279620,28.913245786371625
0.05,9671,75,279695,28.918010752688172
0.05,9672,62,279757,28.92143078672594
0.05,9673,90,279847,28.927744469712632
0.05,9674,94,279941,28.934470284237726
0.05,9675,46,279987,28.93623398098388
0.05,9676,-63,279924,28.926733491784645
0.05,9677,90,280014,28.93304401735896
0.05,9678,82,280096,28.938526707304472
0.05,9679,74,280170,28.943181818181817
0.05,9680,89,280259,28.94938539407086
0.05,9681,80,280339,28.95465812848585
0.05,9682,44,280383,28.95621191779407
0.05,9683,42,280425,28.957558859975215
0.05,9684,27,280452,28.957356737222508
0.05,9685,76,280528,28.96221350402643
0.05,9686,67,280595,28.966140187880665
0.05,9687,45,280640,28.967795210569776
0.05,9688,91,280731,28.974197543606152
0.05,9689,-125,280606,28.95830753353973
0.05,9690,-14,280592,28.95387472913012
0.05,9691,80,280672,28.959141560049524
0.05,9692,89,280761,28.96533580934695
0.05,9693,64,280825,28.96894986589643
0.05,9694,29,280854,28.968953068592057
0.05,9695,93,280947,28.97555693069307
0.05,9696,-161,280786,28.955965762606994
0.05,9697,91,280877,28.962363373891524
0.05,9698,71,280948,28.966697597690484
0.05,9699,84,281032,28.97237113402062
0.05,9700,-48,280984,28.964436656014843
0.05,9701,87,281071,28.97041847041847
0.05,9702,93,281164,28.97701741729362
0.05,9703,93,281257,28.98361500412201
0.05,9704,65,281322,28.987326120556414
0.05,9705,78,281400,28.992375849989696
0.05,9706,89,281489,28.99855774183579
0.05,9707,72,281561,29.002987227029255
0.05,9708,25,281586,29.00257493047688
0.05,9709,6,281592,29.00020597322348
0.05,9710,89,281681,29.00638451240861
0.05,9711,-20,281661,29.001338550247116
0.05,9712,-30,281631,28.995264079069287
0.05,9713,-48,281583,28.98733786287832
0.05,9714,55,281638,28.990015440041173
0.05,9715,20,281658,28.9890901605599
0.05,9716,18,281676,28.987959246681076
0.05,9717,71,281747,28.992282362626053
0.05,9718,92,281839,28.99876530507254
0.05,9719,85,281924,29.004526748971195
0.05,9720,93,282017,29.011109968110276
0.05,9721,-67,281950,29.001234313927174
0.05,9722,88,282038,29.00730227296102
0.05,9723,44,282082,29.00884409707939
0.05,9724,64,282146,29.012442159383035
0.05,9725,89,282235,29.018609911577215
0.05,9726,82,282317,29.02405674925465
0.05,9727,88,282405,29.03011924342105
0.05,9728,94,282499,29.036797204234762
0.05,9729,15,282514,29.03535457348407
0.05,9730,82,282596,29.04079745144384
0.05,9731,75,282671,29.045519934237568
0.05,9732,15,282686,29.044076851946983
0.05,9733,83,282769,29.049619889048696
0.05,9734,83,282852,29.055161787365176
0.05,9735,78,282930,29.060188989317997
0.05,9736,77,283007,29.065112457635824
0.05,9737,90,283097,29.07136989114808
0.05,9738,53,283150,29.07382688161002
0.05,9739,13,283163,29.07217659137577
0.05,9740,-17,283146,29.06744687403757
0.05,9741,52,283198,29.069800862245945
0.05,9742,-110,283088,29.05552704505799
0.05,9743,94,283182,29.0621921182266
0.05,9744,-140,283042,29.044843509492047
0.05,9745,92,283134,29.051303098707162
0.05,9746,51,283185,29.053554939981534
0.05,9747,92,283277,29.06001231021748
0.05,9748,58,283335,29.06298081854549
0.05,9749,72,283407,29.067384615384615
0.05,9750,5,283412,29.064916418828837
0.05,9751,67,283479,29.06880639868745
0.05,9752,-141,283338,29.051368809597047
0.05,9753,91,283429,29.0577199097806
0.05,9754,43,283472,29.059149154279858
0.05,9755,38,283510,29.060065600656007
0.05,9756,-9,283501,29.05616480475556
0.05,9757,50,283551,29.05831112932978
0.05,9758,93,283644,29.06486320319705
0.05,9759,-178,283466,29.043647540983606
0.05,9760,-106,283360,29.0298125192091
0.05,9761,88,283448,29.03585330874821
0.05,9762,-302,283146,29.001946123117893
0.05,9763,-29,283117,28.996005735354363
0.05,9764,40,283157,28.997132616487455
0.05,9765,-170,282987,28.976756092566045
0.05,9766,41,283028,28.977987099416403
0.05,9767,80,283108,28.983210483210485
0.05,9768,71,283179,28.987511516020064
0.05,9769,79,283258,28.992630501535313
0.05,9770,38,283296,28.993552348787226
0.05,9771,76,283372,28.998362668849776
0.05,9772,18,283390,28.997237286401308
0.05,9773,75,283465,29.001943932883158
0.05,9774,35,283500,29.002557544757032
0.05,9775,-28,283472,28.99672667757774
0.05,9776,44,283516,28.998261225324743
0.05,9777,74,283590,29.00286357128247
0.05,9778,71,283661,29.007158196134576
0.05,9779,-39,283622,29.000204498977507
0.05,9780,89,283711,29.006338820161538
0.05,9781,32,283743,29.00664485790227
0.05,9782,86,283829,29.01247061228662
0.05,9783,94,283923,29.019112837285363
0.05,9784,52,283975,29.021461420541645
0.05,9785,-118,283857,29.006437768240342
0.05,9786,12,283869,29.00470011239399
0.05,9787,91,283960,29.011033919084593
0.05,9788,86,284046,29.016855654305854
0.05,9789,41,284087,29.01807967313585
0.05,9790,93,284180,29.024614441834338
0.05,9791,-163,284017,29.00500408496732
0.05,9792,91,284108,29.011334626774225
0.05,9793,81,284189,29.016642842556667
0.05,9794,86,284275,29.022460438999488
0.05,9795,84,284359,29.028072682727643
0.05,9796,-75,284284,29.017454322751863
0.05,9797,65,284349,29.02112676056338
0.05,9798,59,284408,29.024186141443003
0.05,9799,38,284446,29.025102040816325
0.05,9800,84,284530,29.030711151923274
0.05,9801,61,284591,29.033972658641094
0.05,9802,80,284671,29.03917168213812
0.05,9803,-14,284657,29.034781721746224
0.05,9804,88,284745,29.040795512493627
0.05,9805,93,284838,29.047317968590658
0.05,9806,69,284907,29.051391862955033
0.05,9807,87,284994,29.057300163132137
0.05,9808,48,285042,29.059231318177183
0.05,9809,2,285044,29.056472986748215
0.05,9810,-31,285013,29.05035164611151
0.05,9811,93,285106,29.05686913982878
0.05,9812,92,285198,29.063283399571997
0.05,9813,-64,285134,29.053800692887712
0.05,9814,-33,285101,29.047478349465106
0.05,9815,32,285133,29.04777913610432
0.05,9816,90,285223,29.053987980034634
0.05,9817,85,285308,29.059686290486862
0.05,9818,73,285381,29.064161319890008
0.05,9819,85,285466,29.069857433808554
0.05,9820,-160,285306,29.050605844618673
0.05,9821,-5,285301,29.047139075544695
0.05,9822,0,285301,29.044182021785605
0.05,9823,69,285370,29.048249185667753
0.05,9824,92,285462,29.054656488549618
0.05,9825,-38,285424,29.04783228170161
0.05,9826,-21,285403,29.042739391472473
0.05,9827,-79,285324,29.03174603174603
0.05,9828,30,285354,29.031844541662426
0.05,9829,-112,285242,29.017497456765007
0.05,9830,88,285330,29.023497101007017
0.05,9831,64,285394,29.02705451586656
0.05,9832,92,285486,29.03345876131394
0.05,9833,90,285576,29.039658328248933
0.05,9834,29,285605,29.039654295882055
0.05,9835,50,285655,29.041785278568526
0.05,9836,83,285738,29.047270509301615
0.05,9837,-15,285723,29.042793250660704
0.05,9838,68,285791,29.046752718772233
0.05,9839,28,285819,29.046646341463415
0.05,9840,45,285864,29.048267452494667
0.05,9841,-38,285826,29.04145498882341
0.05,9842,80,285906,29.04663212435233
0.05,9843,82,285988,29.052011377488824
0.05,9844,94,286082,29.05860843067547
0.05,9845,85,286167,29.064290067032296
0.05,9846,70,286237,29.068447242815072
0.05,9847,-44,286193,29.061027619821285
0.05,9848,56,286249,29.06376281856026
0.05,9849,-54,286195,29.05532994923858
0.05,9850,86,286281,29.061110547152573
0.05,9851,58,286339,29.064047909054
0.05,9852,87,286426,29.06992794072871
0.05,9853,83,286509,29.075400852445707
0.05,9854,83,286592,29.080872653475392
0.05,9855,88,286680,29.086850649350648
0.05,9856,-46,286634,29.079233032362787
0.05,9857,55,286689,29.081862446743763
0.05,9858,-130,286559,29.065726747134597
0.05,9859,93,286652,29.072210953346858
0.05,9860,89,286741,29.078288206064293
0.05,9861,9,286750,29.076252281484486
0.05,9862,49,286799,29.078272330933792
0.05,9863,36,286835,29.07897404703974
0.05,9864,-67,286768,29.069234668018247
0.05,9865,79,286847,29.074295560510844
0.05,9866,20,286867,29.073375899462857
0.05,9867,63,286930,29.076813944061612
0.05,9868,79,287009,29.0818725301449
0.05,9869,32,287041,29.082168186423505
0.05,9870,58,287099,29.085097761118426
0.05,9871,41,287140,29.086304700162074
0.05,9872,42,287182,29.087612681049325
0.05,9873,0,287182,29.084666801701438
0.05,9874,-126,287056,29.068962025316456
0.05,9875,77,287133,29.07381530984204
0.05,9876,53,287186,29.076237724005264
0.05,9877,51,287237,29.07845717756631
0.05,9878,-23,287214,29.073185545095658
0.05,9879,85,287299,29.078846153846154
0.05,9880,91,287390,29.085112842829673
0.05,9881,18,287408,29.083991094920055
0.05,9882,84,287492,29.089547708185773
0.05,9883,68,287560,29.093484419263458
0.05,9884,94,287654,29.100050581689427
0.05,9885,44,287698,29.101557758446287
0.05,9886,-3,287695,29.09831091332052
0.05,9887,27,287722,29.098098705501616
0.05,9888,53,287775,29.100515724542422
0.05,9889,93,287868,29.106976744186046
0.05,9890,23,287891,29.1063593165504
0.05,9891,47,287938,29.1081682167408
0.05,9892,-76,287862,29.097543717780248
0.05,9893,-31,287831,29.091469577521732
0.05,9894,80,287911,29.096614451743303
0.05,9895,-75,287836,29.086095392077606
0.05,9896,50,287886,29.08820854804486
0.05,9897,-198,287688,29.065265710244493
0.05,9898,29,287717,29.065259117082533
0.05,9899,55,287772,29.067878787878787
0.05,9900,-94,287678,29.055448944551056
0.05,9901,91,287769,29.061704706119976
0.05,9902,32,287801,29.062001413713016
0.05,9903,92,287893,29.06835621970921
0.05,9904,22,287915,29.067642604745078
0.05,9905,84,287999,29.073187966888753
0.05,9906,65,288064,29.07681437367518
0.05,9907,-21,288043,29.0717601937828
0.05,9908,85,288128,29.077404379856695
0.05,9909,23,288151,29.076791120080728
0.05,9910,88,288239,29.082736353546565
0.05,9911,69,288308,29.086763518966908
0.05,9912,47,288355,29.088570563905982
0.05,9913,93,288448,29.095017147468226
0.05,9914,89,288537,29.10105900151286
0.05,9915,77,288614,29.105889471561113
0.05,9916,30,288644,29.105979630936776
0.05,9917,81,288725,29.111211937890705
0.05,9918,-129,288596,29.095271700776287
0.05,9919,-143,288453,29.077923387096774
0.05,9920,30,288483,29.078016328999094
0.05,9921,85,288568,29.083652489417457
0.05,9922,55,288623,29.08626423460647
0.05,9923,39,288662,29.08726320032245
0.05,9924,64,288726,29.090780856423173
0.05,9925,93,288819,29.097219423735645
0.05,9926,71,288890,29.101440515765084
0.05,9927,-60,288830,29.09246575342466
0.05,9928,42,288872,29.093765736730788
0.05,9929,14,288886,29.09224572004028
0.05,9930,89,288975,29.098278119021245
0.05,9931,90,289065,29.10440998791784
0.05,9932,54,289119,29.10691633947448
0.05,9933,92,289211,29.113247433058184
0.05,9934,0,289211,29.110317060895824
0.05,9935,78,289289,29.115237520128826
0.05,9936,-5,289284,29.111804367515347
0.05,9937,-56,289228,29.103240088549004
0.05,9938,41,289269,29.10443706610323
0.05,9939,-5,289264,29.101006036217303
0.05,9940,20,289284,29.100090534151494
0.05,9941,36,289320,29.100784550392277
0.05,9942,20,289340,29.099869254752086
0.05,9943,-164,289176,29.0804505229284
0.05,9944,25,289201,29.08004022121669
0.05,9945,85,289286,29.085662577920772
0.05,9946,20,289306,29.0847491706042
0.05,9947,-14,289292,29.08041817450744
0.05,9948,-7,289285,29.07679163735049
0.05,9949,-123,289162,29.061507537688442
0.05,9950,57,289219,29.064315144206613
0.05,9951,54,289273,29.06682073954984
0.05,9952,74,289347,29.071335275796244
0.05,9953,-21,289326,29.066305003013863
0.05,9954,94,289420,29.072827724761428
0.05,9955,64,289484,29.076335877862597
0.05,9956,87,289571,29.082153259013758
0.05,9957,-79,289492,29.071299457722436
0.05,9958,-117,289375,29.05663219198715
0.05,9959,1,289376,29.05381526104418
0.05,9960,5,289381,29.051400461801023
0.05,9961,45,289426,29.053001405340293
0.05,9962,85,289511,29.05861688246512
0.05,9963,92,289603,29.06493376154155
0.05,9964,80,289683,29.070045158053187
0.05,9965,-153,289530,29.051776038531006
0.05,9966,-35,289495,29.04534965385773
0.05,9967,-1,289494,29.042335473515248
0.05,9968,-95,289399,29.029892667268534
0.05,9969,-147,289252,29.01223671013039
0.05,9970,93,289345,29.018654096880955
0.05,9971,-246,289099,28.99107501002808
0.05,9972,82,289181,28.99639025368495
0.05,9973,-12,289169,28.992279927812312
0.05,9974,71,289240,28.996491228070177
0.05,9975,82,289322,29.001804330392943
0.05,9976,71,289393,29.00601383181317
0.05,9977,76,289469,29.010723591902185
0.05,9978,80,289549,29.01583324982463
0.05,9979,-2,289547,29.012725450901804
0.05,9980,-104,289443,28.999398857829878
0.05,9981,83,289526,29.004808655580042
0.05,9982,-152,289374,28.986677351497544
0.05,9983,85,289459,28.99228766025641
0.05,9984,-83,289376,28.981071607411117
0.05,9985,78,289454,28.98598037252153
0.05,9986,68,289522,28.989886852908782
0.05,9987,10,289532,28.98798558269924
0.05,9988,42,289574,28.98928821703874
0.05,9989,90,289664,28.995395395395395
0.05,9990,72,289736,28.99969972975678
0.05,9991,10,289746,28.99779823859087
0.05,9992,38,289784,28.998699089362553
0.05,9993,88,289872,29.004602761656994
0.05,9994,91,289963,29.01080540270135
0.05,9995,57,290020,29.01360544217687
0.05,9996,91,290111,29.019805941782536
0.05,9997,2,290113,29.017103420684137
0.05,9998,31,290144,29.017301730173017
0.05,9999,60,290204,29.0204
