0.2,0,51,51,51.0
0.2,1,-20,31,15.5
0.2,2,25,56,18.666666666666668
0.2,3,90,146,36.5
0.2,4,83,229,45.8
0.2,5,17,246,41.0
0.2,6,69,315,45.0
0.2,7,-14,301,37.625
0.2,8,82,383,42.55555555555556
0.2,9,92,475,47.5
0.2,10,-149,326,29.636363636363637
0.2,11,82,408,34.0
0.2,12,77,485,37.30769230769231
0.2,13,47,532,38.0
0.2,14,61,593,39.53333333333333
0.2,15,34,627,39.1875
0.2,16,21,648,38.11764705882353
0.2,17,24,672,37.333333333333336
0.2,18,61,733,38.578947368421055
0.2,19,-154,579,28.95
0.2,20,88,667,31.761904761904763
0.2,21,-59,608,27.636363636363637
0.2,22,89,697,30.304347826086957
0.2,23,40,737,30.708333333333332
0.2,24,4,741,29.64
0.2,25,-52,689,26.5
0.2,26,91,780,28.88888888888889
0.2,27,-18,762,27.214285714285715
0.2,28,13,775,26.724137931034484
0.2,29,94,869,28.966666666666665
0.2,30,84,953,30.741935483870968
0.2,31,85,1038,32.4375
0.2,32,91,1129,34.21212121212121
0.2,33,23,1152,33.88235294117647
0.2,34,83,1235,35.285714285714285
0.2,35,73,1308,36.333333333333336
0.2,36,92,1400,37.83783783783784
0.2,37,13,1413,37.18421052631579
0.2,38,73,1486,38.1025641025641
0.2,39,46,1532,38.3
0.2,40,38,1570,38.292682926829265
0.2,41,-39,1531,36.45238095238095
0.2,42,90,1621,37.69767441860465
0.2,43,77,1698,38.59090909090909
0.2,44,-397,1301,28.91111111111111
0.2,45,46,1347,29.282608695652176
0.2,46,-38,1309,27.851063829787233
0.2,47,45,1354,28.208333333333332
0.2,48,12,1366,27.877551020408163
0.2,49,5,1371,27.42
0.2,50,-79,1292,25.333333333333332
0.2,51,68,1360,26.153846153846153
0.2,52,-21,1339,25.264150943396228
0.2,53,-50,1289,23.87037037037037
0.2,54,8,1297,23.581818181818182
0.2,55,82,1379,24.625
0.2,56,-67,1312,23.017543859649123
0.2,57,94,1406,24.24137931034483
0.2,58,70,1476,25.016949152542374
0.2,59,93,1569,26.15
0.2,60,68,1637,26.83606557377049
0.2,61,27,1664,26.838709677419356
0.2,62,92,1756,27.873015873015873
0.2,63,48,1804,28.1875
0.2,64,-103,1701,26.16923076923077
0.2,65,69,1770,26.818181818181817
0.2,66,94,1864,27.82089552238806
0.2,67,29,1893,27.83823529411765
0.2,68,86,1979,28.681159420289855
0.2,69,29,2008,28.685714285714287
0.2,70,89,2097,29.535211267605632
0.2,71,11,2108,29.27777777777778
0.2,72,92,2200,30.136986301369863
0.2,73,56,2256,30.486486486486488
0.2,74,29,2285,30.466666666666665
0.2,75,68,2353,30.960526315789473
0.2,76,-168,2185,28.376623376623378
0.2,77,25,2210,28.333333333333332
0.2,78,25,2235,28.29113924050633
0.2,79,-107,2128,26.6
0.2,80,70,2198,27.135802469135804
0.2,81,65,2263,27.597560975609756
0.2,82,54,2317,27.91566265060241
0.2,83,92,2409,28.678571428571427
0.2,84,52,2461,28.95294117647059
0.2,85,83,2544,29.58139534883721
0.2,86,57,2601,29.896551724137932
0.2,87,24,2625,29.829545454545453
0.2,88,84,2709,30.43820224719101
0.2,89,-167,2542,28.244444444444444
0.2,90,29,2571,28.252747252747252
0.2,91,41,2612,28.391304347826086
0.2,92,-55,2557,27.49462365591398
0.2,93,44,2601,27.670212765957448
0.2,94,-18,2583,27.189473684210526
0.2,95,23,2606,27.145833333333332
0.2,96,-46,2560,26.391752577319586
0.2,97,18,2578,26.306122448979593
0.2,98,77,2655,26.818181818181817
0.2,99,90,2745,27.45
0.2,100,94,2839,28.10891089108911
0.2,101,94,2933,28.754901960784313
0.2,102,94,3027,29.388349514563107
0.2,103,-47,2980,28.653846153846153
0.2,104,94,3074,29.276190476190475
0.2,105,69,3143,29.650943396226417
0.2,106,93,3236,30.242990654205606
0.2,107,-32,3204,29.666666666666668
0.2,108,55,3259,29.89908256880734
0.2,109,40,3299,29.990909090909092
0.2,110,60,3359,30.26126126126126
0.2,111,77,3436,30.678571428571427
0.2,112,94,3530,31.238938053097346
0.2,113,-39,3491,30.62280701754386
0.2,114,-192,3299,28.68695652173913
0.2,115,79,3378,29.120689655172413
0.2,116,-114,3264,27.897435897435898
0.2,117,70,3334,28.25423728813559
0.2,118,88,3422,28.756302521008404
0.2,119,88,3510,29.25
0.2,120,8,3518,29.074380165289256
0.2,121,67,3585,29.385245901639344
0.2,122,-98,3487,28.349593495934958
0.2,123,64,3551,28.637096774193548
0.2,124,92,3643,29.144
0.2,125,78,3721,29.53174603174603
0.2,126,-56,3665,28.858267716535433
0.2,127,77,3742,29.234375
0.2,128,22,3764,29.17829457364341
0.2,129,92,3856,29.661538461538463
0.2,130,-47,3809,29.076335877862597
0.2,131,-7,3802,28.803030303030305
0.2,132,15,3817,28.69924812030075
0.2,133,73,3890,29.029850746268657
0.2,134,71,3961,29.340740740740742
0.2,135,87,4048,29.764705882352942
0.2,136,83,4131,30.153284671532848
0.2,137,28,4159,30.13768115942029
0.2,138,76,4235,30.467625899280577
0.2,139,71,4306,30.757142857142856
0.2,140,-34,4272,30.29787234042553
0.2,141,45,4317,30.401408450704224
0.2,142,87,4404,30.797202797202797
0.2,143,-17,4387,30.46527777777778
0.2,144,27,4414,30.44137931034483
0.2,145,91,4505,30.856164383561644
0.2,146,17,4522,30.761904761904763
0.2,147,69,4591,31.02027027027027
0.2,148,-101,4490,30.13422818791946
0.2,149,51,4541,30.273333333333333
0.2,150,51,4592,30.410596026490065
0.2,151,85,4677,30.769736842105264
0.2,152,92,4769,31.169934640522875
0.2,153,32,4801,31.175324675324674
0.2,154,93,4894,31.574193548387097
0.2,155,-24,4870,31.21794871794872
0.2,156,75,4945,31.496815286624205
0.2,157,16,4961,31.39873417721519
0.2,158,-91,4870,30.628930817610062
0.2,159,51,4921,30.75625
0.2,160,-195,4726,29.354037267080745
0.2,161,22,4748,29.308641975308642
0.2,162,16,4764,29.226993865030675
0.2,163,-1033,3731,22.75
0.2,164,83,3814,23.115151515151513
0.2,165,-15,3799,22.8855421686747
0.2,166,-12,3787,22.676646706586826
0.2,167,83,3870,23.035714285714285
0.2,168,89,3959,23.42603550295858
0.2,169,20,3979,23.405882352941177
0.2,170,48,4027,23.549707602339183
0.2,171,64,4091,23.78488372093023
0.2,172,62,4153,24.00578034682081
0.2,173,19,4172,23.977011494252874
0.2,174,50,4222,24.125714285714285
0.2,175,-297,3925,22.301136363636363
0.2,176,-37,3888,21.966101694915253
0.2,177,-78,3810,21.40449438202247
0.2,178,20,3830,21.39664804469274
0.2,179,-121,3709,20.605555555555554
0.2,180,-89,3620,20.0
0.2,181,80,3700,20.32967032967033
0.2,182,31,3731,20.387978142076502
0.2,183,65,3796,20.630434782608695
0.2,184,84,3880,20.972972972972972
0.2,185,80,3960,21.29032258064516
0.2,186,52,4012,21.454545454545453
0.2,187,-93,3919,20.845744680851062
0.2,188,58,3977,21.04232804232804
0.2,189,24,4001,21.057894736842105
0.2,190,76,4077,21.345549738219894
0.2,191,89,4166,21.697916666666668
0.2,192,-90,4076,21.11917098445596
0.2,193,79,4155,21.417525773195877
0.2,194,67,4222,21.651282051282053
0.2,195,-73,4149,21.168367346938776
0.2,196,18,4167,21.15228426395939
0.2,197,-176,3991,20.156565656565657
0.2,198,64,4055,20.376884422110553
0.2,199,91,4146,20.73
0.2,200,-74,4072,20.258706467661693
0.2,201,39,4111,20.35148514851485
0.2,202,84,4195,20.665024630541872
0.2,203,-43,4152,20.352941176470587
0.2,204,62,4214,20.55609756097561
0.2,205,16,4230,20.533980582524272
0.2,206,-30,4200,20.28985507246377
0.2,207,70,4270,20.528846153846153
0.2,208,40,4310,20.62200956937799
0.2,209,-69,4241,20.195238095238096
0.2,210,-86,4155,19.691943127962084
0.2,211,-42,4113,19.400943396226417
0.2,212,38,4151,19.488262910798124
0.2,213,67,4218,19.710280373831775
0.2,214,3,4221,19.632558139534883
0.2,215,80,4301,19.912037037037038
0.2,216,-175,4126,19.013824884792626
0.2,217,69,4195,19.243119266055047
0.2,218,75,4270,19.49771689497717
0.2,219,93,4363,19.831818181818182
0.2,220,-39,4324,19.56561085972851
0.2,221,92,4416,19.89189189189189
0.2,222,-348,4068,18.242152466367713
0.2,223,69,4137,18.46875
0.2,224,-10,4127,18.342222222222222
0.2,225,93,4220,18.672566371681416
0.2,226,72,4292,18.90748898678414
0.2,227,89,4381,19.214912280701753
0.2,228,32,4413,19.270742358078603
0.2,229,89,4502,19.57391304347826
0.2,230,-3,4499,19.476190476190474
0.2,231,94,4593,19.79741379310345
0.2,232,15,4608,19.776824034334766
0.2,233,-38,4570,19.52991452991453
0.2,234,-10,4560,19.404255319148938
0.2,235,88,4648,19.694915254237287
0.2,236,62,4710,19.873417721518987
0.2,237,83,4793,20.138655462184875
0.2,238,4,4797,20.07112970711297
0.2,239,-5,4792,19.966666666666665
0.2,240,15,4807,19.946058091286307
0.2,241,74,4881,20.169421487603305
0.2,242,93,4974,20.469135802469136
0.2,243,40,5014,20.549180327868854
0.2,244,48,5062,20.66122448979592
0.2,245,-32,5030,20.447154471544714
0.2,246,93,5123,20.74089068825911
0.2,247,-56,5067,20.431451612903224
0.2,248,5,5072,20.369477911646587
0.2,249,25,5097,20.388
0.2,250,93,5190,20.677290836653388
0.2,251,34,5224,20.73015873015873
0.2,252,39,5263,20.802371541501977
0.2,253,-38,5225,20.570866141732285
0.2,254,87,5312,20.83137254901961
0.2,255,79,5391,21.05859375
0.2,256,93,5484,21.33852140077821
0.2,257,91,5575,21.608527131782946
0.2,258,11,5586,21.56756756756757
0.2,259,66,5652,21.73846153846154
0.2,260,42,5694,21.816091954022987
0.2,261,35,5729,21.866412213740457
0.2,262,92,5821,22.133079847908746
0.2,263,10,5831,22.08712121212121
0.2,264,95,5926,22.362264150943396
0.2,265,87,6013,22.605263157894736
0.2,266,91,6104,22.861423220973784
0.2,267,82,6186,23.082089552238806
0.2,268,84,6270,23.308550185873607
0.2,269,41,6311,23.374074074074073
0.2,270,41,6352,23.43911439114391
0.2,271,71,6423,23.613970588235293
0.2,272,74,6497,23.7985347985348
0.2,273,92,6589,24.047445255474454
0.2,274,-197,6392,23.243636363636362
0.2,275,56,6448,23.36231884057971
0.2,276,52,6500,23.465703971119133
0.2,277,67,6567,23.62230215827338
0.2,278,37,6604,23.670250896057347
0.2,279,5,6609,23.603571428571428
0.2,280,-6,6603,23.498220640569397
0.2,281,79,6682,23.69503546099291
0.2,282,84,6766,23.908127208480565
0.2,283,22,6788,23.901408450704224
0.2,284,93,6881,24.143859649122806
0.2,285,-81,6800,23.776223776223777
0.2,286,6,6806,23.714285714285715
0.2,287,59,6865,23.836805555555557
0.2,288,-168,6697,23.173010380622838
0.2,289,-69,6628,22.855172413793102
0.2,290,-4,6624,22.762886597938145
0.2,291,80,6704,22.958904109589042
0.2,292,20,6724,22.948805460750854
0.2,293,93,6817,23.187074829931973
0.2,294,3,6820,23.11864406779661
0.2,295,-187,6633,22.408783783783782
0.2,296,91,6724,22.63973063973064
0.2,297,10,6734,22.59731543624161
0.2,298,85,6819,22.806020066889634
0.2,299,67,6886,22.953333333333333
0.2,300,-43,6843,22.73421926910299
0.2,301,-86,6757,22.374172185430464
0.2,302,30,6787,22.3993399339934
0.2,303,-113,6674,21.95394736842105
0.2,304,94,6768,22.19016393442623
0.2,305,55,6823,22.297385620915033
0.2,306,-28,6795,22.133550488599347
0.2,307,-30,6765,21.964285714285715
0.2,308,-77,6688,21.644012944983817
0.2,309,-25,6663,21.493548387096773
0.2,310,15,6678,21.472668810289388
0.2,311,45,6723,21.548076923076923
0.2,312,32,6755,21.5814696485623
0.2,313,14,6769,21.55732484076433
0.2,314,-66,6703,21.27936507936508
0.2,315,9,6712,21.240506329113924
0.2,316,27,6739,21.258675078864353
0.2,317,78,6817,21.437106918238992
0.2,318,66,6883,21.57680250783699
0.2,319,80,6963,21.759375
0.2,320,-43,6920,21.557632398753896
0.2,321,-64,6856,21.29192546583851
0.2,322,68,6924,21.436532507739937
0.2,323,91,7015,21.651234567901234
0.2,324,17,7032,21.636923076923075
0.2,325,93,7125,21.855828220858896
0.2,326,62,7187,21.978593272171253
0.2,327,-9,7178,21.884146341463413
0.2,328,91,7269,22.09422492401216
0.2,329,84,7353,22.28181818181818
0.2,330,-158,7195,21.73716012084592
0.2,331,77,7272,21.903614457831324
0.2,332,92,7364,22.114114114114113
0.2,333,87,7451,22.308383233532933
0.2,334,65,7516,22.435820895522387
0.2,335,54,7570,22.529761904761905
0.2,336,-114,7456,22.124629080118694
0.2,337,90,7546,22.325443786982248
0.2,338,94,7640,22.536873156342182
0.2,339,-137,7503,22.06764705882353
0.2,340,-142,7361,21.58651026392962
0.2,341,-13,7348,21.485380116959064
0.2,342,-61,7287,21.244897959183675
0.2,343,77,7364,21.406976744186046
0.2,344,89,7453,21.60289855072464
0.2,345,31,7484,21.63005780346821
0.2,346,94,7578,21.838616714697405
0.2,347,1,7579,21.778735632183906
0.2,348,85,7664,21.959885386819483
0.2,349,-66,7598,21.708571428571428
0.2,350,-73,7525,21.43874643874644
0.2,351,86,7611,21.62215909090909
0.2,352,55,7666,21.71671388101983
0.2,353,-86,7580,21.412429378531073
0.2,354,92,7672,21.611267605633802
0.2,355,93,7765,21.81179775280899
0.2,356,-65,7700,21.568627450980394
0.2,357,91,7791,21.762569832402235
0.2,358,32,7823,21.79108635097493
0.2,359,42,7865,21.84722222222222
0.2,360,30,7895,21.869806094182824
0.2,361,72,7967,22.00828729281768
0.2,362,87,8054,22.18732782369146
0.2,363,81,8135,22.3489010989011
0.2,364,43,8178,22.405479452054795
0.2,365,-22,8156,22.284153005464482
0.2,366,-4,8152,22.212534059945504
0.2,367,-22,8130,22.092391304347824
0.2,368,72,8202,22.227642276422763
0.2,369,26,8228,22.237837837837837
0.2,370,74,8302,22.37735849056604
0.2,371,44,8346,22.43548387096774
0.2,372,64,8410,22.54691689008043
0.2,373,76,8486,22.689839572192515
0.2,374,18,8504,22.677333333333333
0.2,375,88,8592,22.851063829787233
0.2,376,-116,8476,22.482758620689655
0.2,377,40,8516,22.52910052910053
0.2,378,92,8608,22.71240105540897
0.2,379,90,8698,22.889473684210525
0.2,380,-60,8638,22.671916010498688
0.2,381,32,8670,22.69633507853403
0.2,382,92,8762,22.87728459530026
0.2,383,93,8855,23.059895833333332
0.2,384,-110,8745,22.714285714285715
0.2,385,19,8764,22.704663212435232
0.2,386,-26,8738,22.578811369509044
0.2,387,72,8810,22.70618556701031
0.2,388,90,8900,22.87917737789203
0.2,389,63,8963,22.98205128205128
0.2,390,65,9028,23.089514066496164
0.2,391,55,9083,23.17091836734694
0.2,392,79,9162,23.31297709923664
0.2,393,-123,9039,22.941624365482234
0.2,394,65,9104,23.048101265822783
0.2,395,70,9174,23.166666666666668
0.2,396,87,9261,23.327455919395465
0.2,397,87,9348,23.487437185929647
0.2,398,51,9399,23.55639097744361
0.2,399,47,9446,23.615
0.2,400,18,9464,23.600997506234414
0.2,401,76,9540,23.73134328358209
0.2,402,-95,9445,23.436724565756823
0.2,403,86,9531,23.59158415841584
0.2,404,54,9585,23.666666666666668
0.2,405,-26,9559,23.54433497536946
0.2,406,88,9647,23.7027027027027
0.2,407,-15,9632,23.607843137254903
0.2,408,93,9725,23.77750611246944
0.2,409,88,9813,23.934146341463414
0.2,410,91,9904,24.097323600973237
0.2,411,81,9985,24.235436893203882
0.2,412,45,10030,24.285714285714285
0.2,413,93,10123,24.45169082125604
0.2,414,-39,10084,24.29879518072289
0.2,415,59,10143,24.38221153846154
0.2,416,46,10189,24.434052757793765
0.2,417,-86,10103,24.169856459330145
0.2,418,-87,10016,23.90453460620525
0.2,419,-62,9954,23.7
0.2,420,92,10046,23.862232779097386
0.2,421,68,10114,23.966824644549764
0.2,422,-57,10057,23.775413711583923
0.2,423,88,10145,23.92688679245283
0.2,424,93,10238,24.089411764705883
0.2,425,62,10300,24.178403755868544
0.2,426,-51,10249,24.002341920374707
0.2,427,-17,10232,23.906542056074766
0.2,428,-6,10226,23.836829836829835
0.2,429,22,10248,23.832558139534882
0.2,430,81,10329,23.965197215777263
0.2,431,78,10407,24.09027777777778
0.2,432,-171,10236,23.63972286374134
0.2,433,59,10295,23.72119815668203
0.2,434,-81,10214,23.480459770114944
0.2,435,-30,10184,23.357798165137616
0.2,436,72,10256,23.469107551487415
0.2,437,68,10324,23.570776255707763
0.2,438,94,10418,23.73120728929385
0.2,439,94,10512,23.89090909090909
0.2,440,91,10603,24.04308390022676
0.2,441,-81,10522,23.805429864253394
0.2,442,-19,10503,23.708803611738148
0.2,443,83,10586,23.84234234234234
0.2,444,-5,10581,23.77752808988764
0.2,445,-155,10426,23.376681614349774
0.2,446,93,10519,23.532438478747203
0.2,447,49,10568,23.589285714285715
0.2,448,-2,10566,23.532293986636972
0.2,449,51,10617,23.593333333333334
0.2,450,17,10634,23.57871396895787
0.2,451,73,10707,23.688053097345133
0.2,452,81,10788,23.814569536423843
0.2,453,-62,10726,23.625550660792953
0.2,454,83,10809,23.756043956043957
0.2,455,-454,10355,22.708333333333332
0.2,456,-15,10340,22.62582056892779
0.2,457,85,10425,22.762008733624455
0.2,458,93,10518,22.915032679738562
0.2,459,92,10610,23.065217391304348
0.2,460,-4,10606,23.00650759219089
0.2,461,77,10683,23.123376623376622
0.2,462,-40,10643,22.987041036717063
0.2,463,61,10704,23.06896551724138
0.2,464,93,10797,23.219354838709677
0.2,465,41,10838,23.257510729613735
0.2,466,87,10925,23.394004282655246
0.2,467,89,11014,23.534188034188034
0.2,468,77,11091,23.64818763326226
0.2,469,66,11157,23.738297872340425
0.2,470,91,11248,23.881104033970274
0.2,471,-45,11203,23.735169491525422
0.2,472,-9,11194,23.66596194503171
0.2,473,-72,11122,23.464135021097047
0.2,474,56,11178,23.532631578947367
0.2,475,51,11229,23.590336134453782
0.2,476,91,11320,23.731656184486372
0.2,477,70,11390,23.828451882845187
0.2,478,46,11436,23.87473903966597
0.2,479,-37,11399,23.747916666666665
0.2,480,60,11459,23.823284823284823
0.2,481,74,11533,23.92738589211618
0.2,482,-110,11423,23.650103519668736
0.2,483,-78,11345,23.4400826446281
0.2,484,88,11433,23.57319587628866
0.2,485,-31,11402,23.46090534979424
0.2,486,69,11471,23.55441478439425
0.2,487,93,11564,23.69672131147541
0.2,488,75,11639,23.801635991820042
0.2,489,16,11655,23.785714285714285
0.2,490,-155,11500,23.421588594704684
0.2,491,37,11537,23.44918699186992
0.2,492,86,11623,23.57606490872211
0.2,493,40,11663,23.60931174089069
0.2,494,48,11711,23.65858585858586
0.2,495,89,11800,23.79032258064516
0.2,496,89,11889,23.921529175050303
0.2,497,94,11983,24.062248995983936
0.2,498,-66,11917,23.881763527054108
0.2,499,83,12000,24.0
0.2,500,90,12090,24.131736526946106
0.2,501,-122,11968,23.840637450199203
0.2,502,63,12031,23.918489065606362
0.2,503,67,12098,24.003968253968253
0.2,504,9,12107,23.974257425742575
0.2,505,27,12134,23.9802371541502
0.2,506,82,12216,24.09467455621302
0.2,507,68,12284,24.181102362204726
0.2,508,79,12363,24.288801571709232
0.2,509,89,12452,24.415686274509802
0.2,510,85,12537,24.534246575342465
0.2,511,88,12625,24.658203125
0.2,512,-42,12583,24.528265107212476
0.2,513,-40,12543,24.40272373540856
0.2,514,90,12633,24.53009708737864
0.2,515,85,12718,24.647286821705425
0.2,516,23,12741,24.64410058027079
0.2,517,-87,12654,24.428571428571427
0.2,518,11,12665,24.402697495183045
0.2,519,61,12726,24.473076923076924
0.2,520,74,12800,24.56813819577735
0.2,521,-141,12659,24.25095785440613
0.2,522,-390,12269,23.45889101338432
0.2,523,-44,12225,23.330152671755727
0.2,524,87,12312,23.451428571428572
0.2,525,47,12359,23.49619771863118
0.2,526,68,12427,23.580645161290324
0.2,527,82,12509,23.69128787878788
0.2,528,88,12597,23.812854442344044
0.2,529,54,12651,23.869811320754717
0.2,530,58,12709,23.934086629001882
0.2,531,-57,12652,23.781954887218046
0.2,532,-41,12611,23.660412757973734
0.2,533,72,12683,23.750936329588015
0.2,534,-85,12598,23.547663551401868
0.2,535,29,12627,23.557835820895523
0.2,536,-29,12598,23.459962756052143
0.2,537,29,12627,23.470260223048328
0.2,538,83,12710,23.58070500927644
0.2,539,-54,12656,23.437037037037037
0.2,540,91,12747,23.56192236598891
0.2,541,4,12751,23.525830258302584
0.2,542,26,12777,23.53038674033149
0.2,543,19,12796,23.522058823529413
0.2,544,15,12811,23.506422018348623
0.2,545,14,12825,23.48901098901099
0.2,546,-71,12754,23.316270566727606
0.2,547,15,12769,23.30109489051095
0.2,548,-30,12739,23.204007285974498
0.2,549,93,12832,23.330909090909092
0.2,550,94,12926,23.459165154264973
0.2,551,-65,12861,23.29891304347826
0.2,552,32,12893,23.314647377938517
0.2,553,87,12980,23.42960288808664
0.2,554,92,13072,23.553153153153154
0.2,555,-14,13058,23.485611510791365
0.2,556,93,13151,23.610412926391383
0.2,557,-11,13140,23.548387096774192
0.2,558,53,13193,23.60107334525939
0.2,559,20,13213,23.59464285714286
0.2,560,-112,13101,23.352941176470587
0.2,561,-60,13041,23.204626334519574
0.2,562,79,13120,23.30373001776199
0.2,563,94,13214,23.429078014184398
0.2,564,69,13283,23.509734513274335
0.2,565,67,13350,23.586572438162545
0.2,566,50,13400,23.6331569664903
0.2,567,91,13491,23.75176056338028
0.2,568,-18,13473,23.678383128295255
0.2,569,-34,13439,23.57719298245614
0.2,570,-102,13337,23.357267950963223
0.2,571,-35,13302,23.255244755244757
0.2,572,17,13319,23.244328097731238
0.2,573,38,13357,23.270034843205575
0.2,574,49,13406,23.31478260869565
0.2,575,-24,13382,23.23263888888889
0.2,576,23,13405,23.23223570190641
0.2,577,81,13486,23.33217993079585
0.2,578,78,13564,23.426597582037996
0.2,579,89,13653,23.53965517241379
0.2,580,66,13719,23.612736660929432
0.2,581,79,13798,23.70790378006873
0.2,582,71,13869,23.78902229845626
0.2,583,83,13952,23.89041095890411
0.2,584,54,14006,23.941880341880342
0.2,585,-47,13959,23.820819112627987
0.2,586,87,14046,23.92844974446337
0.2,587,49,14095,23.97108843537415
0.2,588,40,14135,23.99830220713073
0.2,589,93,14228,24.115254237288134
0.2,590,71,14299,24.194585448392555
0.2,591,-78,14221,24.02195945945946
0.2,592,89,14310,24.13153456998314
0.2,593,79,14389,24.223905723905723
0.2,594,38,14427,24.24705882352941
0.2,595,-64,14363,24.098993288590606
0.2,596,16,14379,24.08542713567839
0.2,597,31,14410,24.096989966555185
0.2,598,9,14419,24.071786310517528
0.2,599,55,14474,24.123333333333335
0.2,600,45,14519,24.158069883527453
0.2,601,87,14606,24.262458471760798
0.2,602,54,14660,24.311774461028193
0.2,603,83,14743,24.408940397350992
0.2,604,89,14832,24.51570247933884
0.2,605,75,14907,24.599009900990097
0.2,606,-228,14679,24.182866556836903
0.2,607,92,14771,24.294407894736842
0.2,608,93,14864,24.407224958949097
0.2,609,85,14949,24.50655737704918
0.2,610,53,15002,24.5531914893617
0.2,611,-55,14947,24.423202614379086
0.2,612,82,15029,24.517128874388256
0.2,613,73,15102,24.596091205211728
0.2,614,26,15128,24.598373983739837
0.2,615,67,15195,24.667207792207794
0.2,616,-41,15154,24.560777957860616
0.2,617,6,15160,24.53074433656958
0.2,618,78,15238,24.617124394184167
0.2,619,-12,15226,24.558064516129033
0.2,620,58,15284,24.611916264090176
0.2,621,92,15376,24.720257234726688
0.2,622,39,15415,24.74317817014446
0.2,623,-171,15244,24.42948717948718
0.2,624,94,15338,24.5408
0.2,625,92,15430,24.64856230031949
0.2,626,56,15486,24.698564593301434
0.2,627,-72,15414,24.544585987261147
0.2,628,29,15443,24.5516693163752
0.2,629,7,15450,24.523809523809526
0.2,630,-147,15303,24.251980982567353
0.2,631,64,15367,24.314873417721518
0.2,632,92,15459,24.421800947867297
0.2,633,-91,15368,24.2397476340694
0.2,634,91,15459,24.34488188976378
0.2,635,93,15552,24.452830188679247
0.2,636,89,15641,24.554160125588698
0.2,637,77,15718,24.636363636363637
0.2,638,94,15812,24.74491392801252
0.2,639,83,15895,24.8359375
0.2,640,61,15956,24.89235569422777
0.2,641,-21,15935,24.8208722741433
0.2,642,-25,15910,24.74339035769829
0.2,643,-143,15767,24.482919254658384
0.2,644,-1,15766,24.44341085271318
0.2,645,77,15843,24.524767801857585
0.2,646,50,15893,24.564142194744978
0.2,647,77,15970,24.645061728395063
0.2,648,89,16059,24.7442218798151
0.2,649,21,16080,24.73846153846154
0.2,650,70,16150,24.807987711213517
0.2,651,66,16216,24.87116564417178
0.2,652,72,16288,24.94333843797856
0.2,653,78,16366,25.02446483180428
0.2,654,20,16386,25.016793893129773
0.2,655,-33,16353,24.928353658536587
0.2,656,-10,16343,24.875190258751903
0.2,657,90,16433,24.9741641337386
0.2,658,72,16505,25.045523520485585
0.2,659,81,16586,25.13030303030303
0.2,660,44,16630,25.158850226928895
0.2,661,85,16715,25.249244712990937
0.2,662,-34,16681,25.159879336349924
0.2,663,89,16770,25.25602409638554
0.2,664,50,16820,25.293233082706767
0.2,665,39,16859,25.313813813813812
0.2,666,92,16951,25.413793103448278
0.2,667,52,17003,25.45359281437126
0.2,668,35,17038,25.467862481315397
0.2,669,87,17125,25.559701492537314
0.2,670,94,17219,25.661698956780924
0.2,671,-5,17214,25.616071428571427
0.2,672,86,17300,25.705794947994058
0.2,673,92,17392,25.80415430267062
0.2,674,-173,17219,25.50962962962963
0.2,675,37,17256,25.526627218934912
0.2,676,88,17344,25.61890694239291
0.2,677,62,17406,25.672566371681416
0.2,678,77,17483,25.74815905743741
0.2,679,89,17572,25.841176470588234
0.2,680,90,17662,25.93538913362702
0.2,681,77,17739,26.01026392961877
0.2,682,0,17739,25.972181551976576
0.2,683,81,17820,26.05263157894737
0.2,684,20,17840,26.043795620437955
0.2,685,67,17907,26.103498542274053
0.2,686,94,18001,26.202328966521105
0.2,687,-18,17983,26.138081395348838
0.2,688,-159,17824,25.869375907111756
0.2,689,-27,17797,25.792753623188407
0.2,690,-46,17751,25.688856729377715
0.2,691,53,17804,25.728323699421967
0.2,692,50,17854,25.763347763347763
0.2,693,51,17905,25.79971181556196
0.2,694,-71,17834,25.66043165467626
0.2,695,71,17905,25.725574712643677
0.2,696,-248,17657,25.332855093256814
0.2,697,34,17691,25.345272206303726
0.2,698,-149,17542,25.09585121602289
0.2,699,92,17634,25.19142857142857
0.2,700,89,17723,25.282453637660485
0.2,701,56,17779,25.326210826210826
0.2,702,84,17863,25.409672830725462
0.2,703,71,17934,25.474431818181817
0.2,704,93,18027,25.570212765957447
0.2,705,-126,17901,25.355524079320112
0.2,706,72,17973,25.42149929278642
0.2,707,-86,17887,25.26412429378531
0.2,708,56,17943,25.307475317348377
0.2,709,65,18008,25.36338028169014
0.2,710,-16,17992,25.30520393811533
0.2,711,80,18072,25.382022471910112
0.2,712,45,18117,25.40953716690042
0.2,713,62,18179,25.46078431372549
0.2,714,50,18229,25.495104895104895
0.2,715,91,18320,25.58659217877095
0.2,716,44,18364,25.612273361227338
0.2,717,57,18421,25.65598885793872
0.2,718,88,18509,25.74269819193324
0.2,719,55,18564,25.783333333333335
0.2,720,30,18594,25.789181692094314
0.2,721,-192,18402,25.48753462603878
0.2,722,47,18449,25.517289073305673
0.2,723,-172,18277,25.244475138121548
0.2,724,91,18368,25.335172413793103
0.2,725,24,18392,25.333333333333332
0.2,726,-37,18355,25.247592847317744
0.2,727,87,18442,25.332417582417584
0.2,728,64,18506,25.385459533607683
0.2,729,-183,18323,25.1
0.2,730,36,18359,25.114911080711355
0.2,731,82,18441,25.192622950819672
0.2,732,40,18481,25.21282401091405
0.2,733,-7,18474,25.168937329700274
0.2,734,-72,18402,25.036734693877552
0.2,735,-10,18392,24.98913043478261
0.2,736,-74,18318,24.85481682496608
0.2,737,78,18396,24.926829268292682
0.2,738,75,18471,24.994587280108256
0.2,739,85,18556,25.075675675675676
0.2,740,85,18641,25.156545209176787
0.2,741,57,18698,25.19946091644205
0.2,742,49,18747,25.231493943472408
0.2,743,-1,18746,25.196236559139784
0.2,744,83,18829,25.273825503355706
0.2,745,-39,18790,25.187667560321717
0.2,746,56,18846,25.228915662650603
0.2,747,67,18913,25.28475935828877
0.2,748,-6,18907,25.242990654205606
0.2,749,91,18998,25.330666666666666
0.2,750,78,19076,25.400798934753663
0.2,751,87,19163,25.482712765957448
0.2,752,91,19254,25.56972111553785
0.2,753,92,19346,25.657824933687003
0.2,754,11,19357,25.63841059602649
0.2,755,-103,19254,25.46825396825397
0.2,756,-63,19191,25.35138705416116
0.2,757,10,19201,25.3311345646438
0.2,758,84,19285,25.408432147562582
0.2,759,88,19373,25.49078947368421
0.2,760,93,19466,25.579500657030223
0.2,761,92,19558,25.666666666666668
0.2,762,75,19633,25.731323722149412
0.2,763,-78,19555,25.595549738219894
0.2,764,49,19604,25.626143790849675
0.2,765,38,19642,25.642297650130548
0.2,766,-153,19489,25.409387222946545
0.2,767,78,19567,25.477864583333332
0.2,768,56,19623,25.517555266579976
0.2,769,94,19717,25.606493506493507
0.2,770,-19,19698,25.54863813229572
0.2,771,71,19769,25.607512953367877
0.2,772,83,19852,25.681759379042692
0.2,773,-138,19714,25.470284237726098
0.2,774,81,19795,25.54193548387097
0.2,775,93,19888,25.628865979381445
0.2,776,14,19902,25.613899613899616
0.2,777,58,19960,25.655526992287918
0.2,778,89,20049,25.736842105263158
0.2,779,83,20132,25.81025641025641
0.2,780,-153,19979,25.581306017925737
0.2,781,57,20036,25.62148337595908
0.2,782,64,20100,25.67049808429119
0.2,783,94,20194,25.757653061224488
0.2,784,-28,20166,25.689171974522292
0.2,785,66,20232,25.740458015267176
0.2,786,-38,20194,25.659466327827193
0.2,787,85,20279,25.73477157360406
0.2,788,58,20337,25.775665399239543
0.2,789,23,20360,25.772151898734176
0.2,790,45,20405,25.79646017699115
0.2,791,8,20413,25.7739898989899
0.2,792,94,20507,25.86002522068096
0.2,793,56,20563,25.897984886649873
0.2,794,63,20626,25.944654088050314
0.2,795,88,20714,26.022613065326635
0.2,796,81,20795,26.091593475533248
0.2,797,94,20889,26.17669172932331
0.2,798,75,20964,26.2377972465582
0.2,799,-60,20904,26.13
0.2,800,40,20944,26.147315855181024
0.2,801,79,21023,26.213216957605987
0.2,802,92,21115,26.295143212951434
0.2,803,51,21166,26.32587064676617
0.2,804,51,21217,26.356521739130436
0.2,805,80,21297,26.423076923076923
0.2,806,92,21389,26.504337050805454
0.2,807,48,21437,26.530940594059405
0.2,808,63,21500,26.57601977750309
0.2,809,61,21561,26.618518518518517
0.2,810,70,21631,26.67200986436498
0.2,811,88,21719,26.747536945812808
0.2,812,70,21789,26.800738007380073
0.2,813,-180,21609,26.546683046683047
0.2,814,52,21661,26.577914110429447
0.2,815,88,21749,26.653186274509803
0.2,816,7,21756,26.629130966952264
0.2,817,65,21821,26.6760391198044
0.2,818,15,21836,26.661782661782663
0.2,819,74,21910,26.71951219512195
0.2,820,73,21983,26.77588306942753
0.2,821,58,22041,26.813868613138688
0.2,822,32,22073,26.820170109356013
0.2,823,-73,22000,26.699029126213592
0.2,824,90,22090,26.775757575757577
0.2,825,-101,21989,26.621065375302663
0.2,826,-52,21937,26.525997581620313
0.2,827,67,22004,26.57487922705314
0.2,828,90,22094,26.651387213510255
0.2,829,85,22179,26.721686746987952
0.2,830,89,22268,26.796630565583634
0.2,831,20,22288,26.78846153846154
0.2,832,91,22379,26.865546218487395
0.2,833,37,22416,26.87769784172662
0.2,834,-333,22083,26.44670658682635
0.2,835,78,22161,26.508373205741627
0.2,836,54,22215,26.54121863799283
0.2,837,38,22253,26.55489260143198
0.2,838,-47,22206,26.467222884386175
0.2,839,54,22260,26.5
0.2,840,-69,22191,26.38644470868014
0.2,841,49,22240,26.413301662707838
0.2,842,-250,21990,26.085409252669038
0.2,843,57,22047,26.122037914691944
0.2,844,83,22130,26.189349112426036
0.2,845,38,22168,26.203309692671393
0.2,846,77,22245,26.26328217237308
0.2,847,72,22317,26.317216981132077
0.2,848,37,22354,26.32979976442874
0.2,849,93,22447,26.40823529411765
0.2,850,82,22529,26.473560517038777
0.2,851,84,22613,26.541079812206572
0.2,852,44,22657,26.561547479484172
0.2,853,-170,22487,26.33138173302108
0.2,854,92,22579,26.408187134502924
0.2,855,-84,22495,26.279205607476637
0.2,856,14,22509,26.26487747957993
0.2,857,-125,22384,26.08857808857809
0.2,858,23,22407,26.08498253783469
0.2,859,2,22409,26.056976744186045
0.2,860,-8,22401,26.017421602787458
0.2,861,16,22417,26.005800464037122
0.2,862,93,22510,26.08342989571263
0.2,863,69,22579,26.13310185185185
0.2,864,13,22592,26.11791907514451
0.2,865,86,22678,26.187066974595844
0.2,866,87,22765,26.257208765859286
0.2,867,-322,22443,25.85599078341014
0.2,868,-43,22400,25.77675489067894
0.2,869,-81,22319,25.654022988505748
0.2,870,50,22369,25.681974741676235
0.2,871,86,22455,25.751146788990827
0.2,872,48,22503,25.7766323024055
0.2,873,-6,22497,25.740274599542335
0.2,874,86,22583,25.809142857142856
0.2,875,94,22677,25.886986301369863
0.2,876,68,22745,25.935005701254276
0.2,877,67,22812,25.981776765375855
0.2,878,-48,22764,25.897610921501705
0.2,879,84,22848,25.963636363636365
0.2,880,85,22933,26.030646992054482
0.2,881,-119,22814,25.866213151927436
0.2,882,78,22892,25.925254813137034
0.2,883,-45,22847,25.84502262443439
0.2,884,43,22890,25.864406779661017
0.2,885,94,22984,25.941309255079005
0.2,886,66,23050,25.986471251409245
0.2,887,46,23096,26.00900900900901
0.2,888,23,23119,26.00562429696288
0.2,889,-203,22916,25.748314606741573
0.2,890,41,22957,25.765432098765434
0.2,891,79,23036,25.82511210762332
0.2,892,51,23087,25.85330347144457
0.2,893,88,23175,25.92281879194631
0.2,894,88,23263,25.99217877094972
0.2,895,68,23331,26.0390625
0.2,896,79,23410,26.098104793756967
0.2,897,-190,23220,25.857461024498885
0.2,898,94,23314,25.93325917686318
0.2,899,70,23384,25.982222222222223
0.2,900,93,23477,26.056603773584907
0.2,901,-78,23399,25.941241685144124
0.2,902,-90,23309,25.812846068660022
0.2,903,38,23347,25.826327433628318
0.2,904,91,23438,25.898342541436463
0.2,905,-58,23380,25.805739514348787
0.2,906,79,23459,25.86438809261301
0.2,907,-49,23410,25.781938325991188
0.2,908,87,23497,25.84928492849285
0.2,909,65,23562,25.892307692307693
0.2,910,6,23568,25.870472008781558
0.2,911,84,23652,25.93421052631579
0.2,912,-22,23630,25.88170865279299
0.2,913,-18,23612,25.833698030634572
0.2,914,75,23687,25.887431693989072
0.2,915,34,23721,25.896288209606986
0.2,916,81,23802,25.95637949836423
0.2,917,87,23889,26.022875816993466
0.2,918,4,23893,25.99891186071817
0.2,919,46,23939,26.020652173913042
0.2,920,83,24022,26.082519001085775
0.2,921,-85,23937,25.962039045553144
0.2,922,10,23947,25.944745395449623
0.2,923,-31,23916,25.883116883116884
0.2,924,57,23973,25.916756756756758
0.2,925,-155,23818,25.721382289416848
0.2,926,-175,23643,25.50485436893204
0.2,927,53,23696,25.53448275862069
0.2,928,57,23753,25.568353067814854
0.2,929,35,23788,25.578494623655914
0.2,930,63,23851,25.618689581095595
0.2,931,-163,23688,25.416309012875537
0.2,932,-51,23637,25.334405144694532
0.2,933,93,23730,25.406852248394003
0.2,934,-45,23685,25.331550802139038
0.2,935,10,23695,25.31517094017094
0.2,936,-85,23610,25.197438633938102
0.2,937,89,23699,25.26545842217484
0.2,938,35,23734,25.275825346112885
0.2,939,8,23742,25.25744680851064
0.2,940,81,23823,25.316684378320936
0.2,941,75,23898,25.369426751592357
0.2,942,83,23981,25.430540827147404
0.2,943,-18,23963,25.384533898305083
0.2,944,38,24001,25.3978835978836
0.2,945,77,24078,25.452431289640593
0.2,946,-123,23955,25.295670538542765
0.2,947,7,23962,25.276371308016877
0.2,948,-90,23872,25.15489989462592
0.2,949,81,23953,25.213684210526317
0.2,950,92,24045,25.28391167192429
0.2,951,53,24098,25.313025210084035
0.2,952,79,24177,25.369359916054563
0.2,953,90,24267,25.437106918238992
0.2,954,20,24287,25.431413612565446
0.2,955,-50,24237,25.352510460251047
0.2,956,48,24285,25.37617554858934
0.2,957,70,24355,25.42275574112735
0.2,958,77,24432,25.476538060479665
0.2,959,67,24499,25.519791666666666
0.2,960,87,24586,25.583766909469304
0.2,961,74,24660,25.634095634095633
0.2,962,46,24706,25.655244029075806
0.2,963,73,24779,25.70435684647303
0.2,964,83,24862,25.763730569948187
0.2,965,-90,24772,25.643892339544514
0.2,966,83,24855,25.703205791106516
0.2,967,-64,24791,25.610537190082646
0.2,968,87,24878,25.67389060887513
0.2,969,-62,24816,25.583505154639177
0.2,970,80,24896,25.639546858908343
0.2,971,81,24977,25.69650205761317
0.2,972,-158,24819,25.50770811921891
0.2,973,-8,24811,25.473305954825463
0.2,974,93,24904,25.542564102564103
0.2,975,-142,24762,25.37090163934426
0.2,976,87,24849,25.43398157625384
0.2,977,-166,24683,25.238241308793455
0.2,978,91,24774,25.30541368743616
0.2,979,82,24856,25.36326530612245
0.2,980,-126,24730,25.208970438328237
0.2,981,-50,24680,25.132382892057027
0.2,982,69,24749,25.177009155645983
0.2,983,-32,24717,25.11890243902439
0.2,984,94,24811,25.188832487309643
0.2,985,59,24870,25.223123732251523
0.2,986,67,24937,25.265450861195543
0.2,987,94,25031,25.33502024291498
0.2,988,25,25056,25.334681496461073
0.2,989,63,25119,25.37272727272727
0.2,990,64,25183,25.4117053481332
0.2,991,58,25241,25.444556451612904
0.2,992,86,25327,25.5055387713998
0.2,993,86,25413,25.56639839034205
0.2,994,-52,25361,25.488442211055276
0.2,995,59,25420,25.522088353413654
0.2,996,72,25492,25.568706118355067
0.2,997,44,25536,25.587174348697395
0.2,998,86,25622,25.64764764764765
0.2,999,61,25683,25.683
0.2,1000,63,25746,25.72027972027972
0.2,1001,34,25780,25.72854291417166
0.2,1002,31,25811,25.733798604187438
0.2,1003,85,25896,25.792828685258964
0.2,1004,32,25928,25.79900497512438
0.2,1005,67,25995,25.839960238568587
0.2,1006,89,26084,25.90268123138034
0.2,1007,-252,25832,25.626984126984127
0.2,1008,24,25856,25.625371655104065
0.2,1009,17,25873,25.616831683168318
0.2,1010,90,25963,25.680514342235412
0.2,1011,20,25983,25.67490118577075
0.2,1012,-84,25899,25.566633761105628
0.2,1013,20,25919,25.56114398422091
0.2,1014,80,25999,25.614778325123154
0.2,1015,-12,25987,25.57775590551181
0.2,1016,60,26047,25.611602753195672
0.2,1017,-155,25892,25.43418467583497
0.2,1018,77,25969,25.484789008832188
0.2,1019,93,26062,25.550980392156863
0.2,1020,53,26115,25.577864838393733
0.2,1021,5,26120,25.557729941291583
0.2,1022,80,26200,25.61094819159335
0.2,1023,86,26286,25.669921875
0.2,1024,59,26345,25.702439024390245
0.2,1025,-27,26318,25.651072124756336
0.2,1026,28,26346,25.65335929892892
0.2,1027,78,26424,25.704280155642024
0.2,1028,11,26435,25.689990281827015
0.2,1029,71,26506,25.73398058252427
0.2,1030,-171,26335,25.543161978661495
0.2,1031,-56,26279,25.464147286821706
0.2,1032,23,26302,25.461761858664087
0.2,1033,84,26386,25.5183752417795
0.2,1034,-240,26146,25.261835748792272
0.2,1035,86,26232,25.320463320463322
0.2,1036,86,26318,25.37897782063645
0.2,1037,-110,26208,25.248554913294797
0.2,1038,83,26291,25.304138594802694
0.2,1039,59,26350,25.33653846153846
0.2,1040,-91,26259,25.22478386167147
0.2,1041,85,26344,25.28214971209213
0.2,1042,16,26360,25.273250239693194
0.2,1043,95,26455,25.340038314176244
0.2,1044,52,26507,25.365550239234448
0.2,1045,17,26524,25.35755258126195
0.2,1046,35,26559,25.36676217765043
0.2,1047,91,26650,25.4293893129771
0.2,1048,77,26727,25.47855100095329
0.2,1049,-66,26661,25.39142857142857
0.2,1050,36,26697,25.40152235965747
0.2,1051,-3,26694,25.374524714828897
0.2,1052,-119,26575,25.23741690408357
0.2,1053,72,26647,25.28178368121442
0.2,1054,85,26732,25.338388625592415
0.2,1055,0,26732,25.314393939393938
0.2,1056,-207,26525,25.094607379375592
0.2,1057,26,26551,25.09546313799622
0.2,1058,73,26624,25.140698772426816
0.2,1059,-297,26327,24.83679245283019
0.2,1060,90,26417,24.898209236569276
0.2,1061,70,26487,24.940677966101696
0.2,1062,-41,26446,24.878645343367825
0.2,1063,-11,26435,24.844924812030076
0.2,1064,67,26502,24.88450704225352
0.2,1065,86,26588,24.941838649155724
0.2,1066,15,26603,24.93252108716026
0.2,1067,90,26693,24.993445692883896
0.2,1068,59,26752,25.02525724976614
0.2,1069,91,26843,25.086915887850466
0.2,1070,-81,26762,24.987861811391223
0.2,1071,13,26775,24.97667910447761
0.2,1072,67,26842,25.015843429636533
0.2,1073,63,26905,25.0512104283054
0.2,1074,75,26980,25.09767441860465
0.2,1075,-145,26835,24.939591078066915
0.2,1076,75,26910,24.98607242339833
0.2,1077,85,26995,25.041743970315398
0.2,1078,92,27087,25.10379981464319
0.2,1079,79,27166,25.153703703703705
0.2,1080,74,27240,25.198889916743756
0.2,1081,-59,27181,25.121072088724585
0.2,1082,-21,27160,25.07848568790397
0.2,1083,-203,26957,24.868081180811807
0.2,1084,88,27045,24.92626728110599
0.2,1085,-4,27041,24.89963167587477
0.2,1086,88,27129,24.95768169273229
0.2,1087,76,27205,25.004595588235293
0.2,1088,86,27291,25.060606060606062
0.2,1089,-48,27243,24.993577981651377
0.2,1090,90,27333,25.053162236480294
0.2,1091,-59,27274,24.976190476190474
0.2,1092,80,27354,25.026532479414456
0.2,1093,-148,27206,24.86837294332724
0.2,1094,68,27274,24.907762557077625
0.2,1095,93,27367,24.969890510948904
0.2,1096,89,27456,25.028258887876024
0.2,1097,-287,27169,24.74408014571949
0.2,1098,90,27259,24.803457688808006
0.2,1099,-95,27164,24.694545454545455
0.2,1100,57,27221,24.723887375113534
0.2,1101,86,27307,24.779491833030853
0.2,1102,-9,27298,24.748866727107888
0.2,1103,16,27314,24.740942028985508
0.2,1104,34,27348,24.749321266968327
0.2,1105,93,27441,24.811030741410487
0.2,1106,-139,27302,24.66305329719964
0.2,1107,75,27377,24.708483754512635
0.2,1108,-52,27325,24.63931469792606
0.2,1109,57,27382,24.66846846846847
0.2,1110,-149,27233,24.512151215121513
0.2,1111,-38,27195,24.45593525179856
0.2,1112,93,27288,24.51752021563342
0.2,1113,40,27328,24.531418312387792
0.2,1114,46,27374,24.550672645739912
0.2,1115,-6,27368,24.523297491039425
0.2,1116,89,27457,24.5810205908684
0.2,1117,49,27506,24.602862254025045
0.2,1118,74,27580,24.647006255585342
0.2,1119,58,27638,24.676785714285714
0.2,1120,-2,27636,24.652988403211417
0.2,1121,86,27722,24.707664884135472
0.2,1122,90,27812,24.76580587711487
0.2,1123,59,27871,24.79626334519573
0.2,1124,87,27958,24.851555555555557
0.2,1125,-106,27852,24.735346358792185
0.2,1126,-182,27670,24.551907719609584
0.2,1127,78,27748,24.599290780141843
0.2,1128,-75,27673,24.511071744906996
0.2,1129,-121,27552,24.382300884955754
0.2,1130,93,27645,24.44297082228117
0.2,1131,52,27697,24.46731448763251
0.2,1132,30,27727,24.472197705207414
0.2,1133,55,27782,24.499118165784832
0.2,1134,31,27813,24.504845814977973
0.2,1135,82,27895,24.555457746478872
0.2,1136,93,27988,24.615655233069482
0.2,1137,-85,27903,24.51933216168717
0.2,1138,13,27916,24.509218612818263
0.2,1139,-32,27884,24.45964912280702
0.2,1140,61,27945,24.491673970201578
0.2,1141,88,28033,24.547285464098074
0.2,1142,38,28071,24.559055118110237
0.2,1143,79,28150,24.606643356643357
0.2,1144,-76,28074,24.51877729257642
0.2,1145,88,28162,24.574171029668413
0.2,1146,57,28219,24.60244115082825
0.2,1147,33,28252,24.609756097560975
0.2,1148,34,28286,24.61792863359443
0.2,1149,60,28346,24.648695652173913
0.2,1150,39,28385,24.661164205039096
0.2,1151,-18,28367,24.624131944444443
0.2,1152,91,28458,24.681699913269732
0.2,1153,93,28551,24.740901213171576
0.2,1154,72,28623,24.78181818181818
0.2,1155,86,28709,24.83477508650519
0.2,1156,-160,28549,24.675021607605878
0.2,1157,-12,28537,24.6433506044905
0.2,1158,9,28546,24.629853321829163
0.2,1159,42,28588,24.644827586206898
0.2,1160,75,28663,24.68819982773471
0.2,1161,-13,28650,24.655765920826163
0.2,1162,70,28720,24.69475494411006
0.2,1163,-21,28699,24.65549828178694
0.2,1164,92,28791,24.713304721030042
0.2,1165,53,28844,24.737564322469982
0.2,1166,21,28865,24.734361610968296
0.2,1167,67,28932,24.77054794520548
0.2,1168,-29,28903,24.724550898203592
0.2,1169,53,28956,24.74871794871795
0.2,1170,-106,28850,24.637062339880444
0.2,1171,45,28895,24.65443686006826
0.2,1172,82,28977,24.703324808184142
0.2,1173,42,29019,24.718057921635435
0.2,1174,25,29044,24.718297872340425
0.2,1175,-10,29034,24.68877551020408
0.2,1176,23,29057,24.68734069668649
0.2,1177,-46,29011,24.627334465195247
0.2,1178,85,29096,24.678541136556404
0.2,1179,89,29185,24.733050847457626
0.2,1180,93,29278,24.79085520745131
0.2,1181,89,29367,24.84517766497462
0.2,1182,-47,29320,24.78444632290786
0.2,1183,57,29377,24.811655405405407
0.2,1184,90,29467,24.866666666666667
0.2,1185,4,29471,24.849072512647556
0.2,1186,26,29497,24.850042122999156
0.2,1187,93,29590,24.90740740740741
0.2,1188,70,29660,24.94533221194281
0.2,1189,18,29678,24.939495798319328
0.2,1190,45,29723,24.95633921074727
0.2,1191,93,29816,25.013422818791945
0.2,1192,55,29871,25.038558256496227
0.2,1193,39,29910,25.050251256281406
0.2,1194,-23,29887,25.010041841004185
0.2,1195,76,29963,25.05267558528428
0.2,1196,81,30044,25.099415204678362
0.2,1197,88,30132,25.151919866444075
0.2,1198,42,30174,25.165971643035864
0.2,1199,-19,30155,25.129166666666666
0.2,1200,-23,30132,25.089092422980848
0.2,1201,81,30213,25.13560732113145
0.2,1202,50,30263,25.156275976724853
0.2,1203,-123,30140,25.033222591362126
0.2,1204,83,30223,25.081327800829875
0.2,1205,-75,30148,24.998341625207296
0.2,1206,46,30194,25.015741507870754
0.2,1207,-50,30144,24.95364238410596
0.2,1208,-207,29937,24.76178660049628
0.2,1209,63,30000,24.793388429752067
0.2,1210,78,30078,24.837324525185796
0.2,1211,55,30133,24.862211221122113
0.2,1212,-151,29982,24.717230008244023
0.2,1213,92,30074,24.772652388797365
0.2,1214,92,30166,24.82798353909465
0.2,1215,29,30195,24.83141447368421
0.2,1216,82,30277,24.878389482333606
0.2,1217,-109,30168,24.76847290640394
0.2,1218,81,30249,24.814602132895818
0.2,1219,4,30253,24.797540983606556
0.2,1220,50,30303,24.818181818181817
0.2,1221,-33,30270,24.7708674304419
0.2,1222,90,30360,24.82420278004906
0.2,1223,91,30451,24.87826797385621
0.2,1224,-237,30214,24.664489795918367
0.2,1225,68,30282,24.69983686786297
0.2,1226,78,30360,24.74327628361858
0.2,1227,56,30416,24.76872964169381
0.2,1228,-115,30301,24.65500406834825
0.2,1229,85,30386,24.704065040650406
0.2,1230,-77,30309,24.62144597887896
0.2,1231,18,30327,24.616071428571427
0.2,1232,59,30386,24.64395782643958
0.2,1233,-182,30204,24.47649918962723
0.2,1234,84,30288,24.524696356275303
0.2,1235,33,30321,24.531553398058254
0.2,1236,91,30412,24.58528698464026
0.2,1237,84,30496,24.633279483037157
0.2,1238,70,30566,24.669895076674738
0.2,1239,-58,30508,24.60322580645161
0.2,1240,52,30560,24.625302175664785
0.2,1241,76,30636,24.666666666666668
0.2,1242,86,30722,24.716009654062752
0.2,1243,18,30740,24.710610932475884
0.2,1244,66,30806,24.743775100401606
0.2,1245,-72,30734,24.6661316211878
0.2,1246,88,30822,24.71692060946271
0.2,1247,-10,30812,24.689102564102566
0.2,1248,81,30893,24.734187349879903
0.2,1249,1,30894,24.7152
0.2,1250,65,30959,24.74740207833733
0.2,1251,81,31040,24.792332268370608
0.2,1252,67,31107,24.82601755786113
0.2,1253,30,31137,24.830143540669855
0.2,1254,94,31231,24.885258964143425
0.2,1255,-40,31191,24.83359872611465
0.2,1256,-2,31189,24.81225139220366
0.2,1257,21,31210,24.809220985691574
0.2,1258,47,31257,24.82684670373312
0.2,1259,-125,31132,24.70793650793651
0.2,1260,29,31161,24.711340206185568
0.2,1261,41,31202,24.724247226624406
0.2,1262,48,31250,24.742676167854317
0.2,1263,-58,31192,24.67721518987342
0.2,1264,91,31283,24.729644268774702
0.2,1265,-21,31262,24.69352290679305
0.2,1266,-125,31137,24.575374901341753
0.2,1267,89,31226,24.626182965299684
0.2,1268,-115,31111,24.516154452324667
0.2,1269,84,31195,24.562992125984252
0.2,1270,66,31261,24.595594020456332
0.2,1271,-99,31162,24.498427672955973
0.2,1272,-88,31074,24.41005498821681
0.2,1273,75,31149,24.449764521193092
0.2,1274,-5,31144,24.426666666666666
0.2,1275,35,31179,24.434952978056426
0.2,1276,50,31229,24.454972592012528
0.2,1277,88,31317,24.504694835680752
0.2,1278,51,31368,24.525410476935104
0.2,1279,69,31437,24.56015625
0.2,1280,-69,31368,24.48711943793911
0.2,1281,67,31435,24.52028081123245
0.2,1282,71,31506,24.556508183943883
0.2,1283,42,31548,24.570093457943926
0.2,1284,66,31614,24.602334630350196
0.2,1285,70,31684,24.637636080870916
0.2,1286,75,31759,24.67676767676768
0.2,1287,63,31822,24.706521739130434
0.2,1288,-154,31668,24.56788207913111
0.2,1289,24,31692,24.567441860465117
0.2,1290,77,31769,24.608055770720373
0.2,1291,-259,31510,24.388544891640866
0.2,1292,93,31603,24.441608662026294
0.2,1293,94,31697,24.495363214837713
0.2,1294,91,31788,24.546718146718145
0.2,1295,77,31865,24.58719135802469
0.2,1296,91,31956,24.63839629915189
0.2,1297,92,32048,24.690292758089367
0.2,1298,78,32126,24.731331793687453
0.2,1299,84,32210,24.776923076923076
0.2,1300,72,32282,24.813220599538816
0.2,1301,-98,32184,24.71889400921659
0.2,1302,90,32274,24.768994627782043
0.2,1303,62,32336,24.79754601226994
0.2,1304,86,32422,24.844444444444445
0.2,1305,-20,32402,24.81010719754977
0.2,1306,91,32493,24.860749808722264
0.2,1307,85,32578,24.906727828746178
0.2,1308,35,32613,24.914438502673796
0.2,1309,63,32676,24.943511450381678
0.2,1310,41,32717,24.95575896262395
0.2,1311,-170,32547,24.807164634146343
0.2,1312,53,32600,24.828636709824828
0.2,1313,62,32662,24.856925418569254
0.2,1314,35,32697,24.86463878326996
0.2,1315,76,32773,24.903495440729483
0.2,1316,87,32860,24.950645406226272
0.2,1317,84,32944,24.99544764795144
0.2,1318,-25,32919,24.957543593631538
0.2,1319,94,33013,25.009848484848487
0.2,1320,93,33106,25.06131718395155
0.2,1321,21,33127,25.05824508320726
0.2,1322,-181,32946,24.90249433106576
0.2,1323,32,32978,24.90785498489426
0.2,1324,79,33057,24.948679245283017
0.2,1325,76,33133,24.987179487179485
0.2,1326,-149,32984,24.856066314996234
0.2,1327,-72,32912,24.783132530120483
0.2,1328,7,32919,24.769751693002256
0.2,1329,-47,32872,24.71578947368421
0.2,1330,3,32875,24.69947407963937
0.2,1331,9,32884,24.68768768768769
0.2,1332,-353,32531,24.404351087771943
0.2,1333,36,32567,24.41304347826087
0.2,1334,78,32645,24.45318352059925
0.2,1335,20,32665,24.4498502994012
0.2,1336,-180,32485,24.29693343305909
0.2,1337,-58,32427,24.23542600896861
0.2,1338,91,32518,24.285287528005973
0.2,1339,92,32610,24.33582089552239
0.2,1340,32,32642,24.34153616703952
0.2,1341,51,32693,24.361400894187778
0.2,1342,42,32735,24.374534623976174
0.2,1343,50,32785,24.39360119047619
0.2,1344,11,32796,24.38364312267658
0.2,1345,75,32871,24.421248142644874
0.2,1346,93,32964,24.472160356347437
0.2,1347,49,33013,24.490356083086052
0.2,1348,-13,33000,24.462564862861377
0.2,1349,79,33079,24.502962962962965
0.2,1350,1,33080,24.485566247224277
0.2,1351,61,33141,24.51257396449704
0.2,1352,-24,33117,24.47671840354767
0.2,1353,72,33189,24.511816838995568
0.2,1354,84,33273,24.555719557195573
0.2,1355,93,33366,24.606194690265486
0.2,1356,-171,33195,24.4620486366986
0.2,1357,94,33289,24.513254786450663
0.2,1358,-88,33201,24.43046357615894
0.2,1359,-10,33191,24.40514705882353
0.2,1360,70,33261,24.438648052902277
0.2,1361,94,33355,24.48972099853157
0.2,1362,49,33404,24.507703595011005
0.2,1363,1,33405,24.490469208211145
0.2,1364,-139,33266,24.37069597069597
0.2,1365,-131,33135,24.256954612005856
0.2,1366,84,33219,24.300658376005853
0.2,1367,-1,33218,24.28216374269006
0.2,1368,-6,33212,24.260043827611394
0.2,1369,62,33274,24.287591240875912
0.2,1370,56,33330,24.310722100656456
0.2,1371,24,33354,24.310495626822156
0.2,1372,-117,33237,24.207574654042244
0.2,1373,-20,33217,24.175400291120816
0.2,1374,39,33256,24.18618181818182
0.2,1375,92,33348,24.23546511627907
0.2,1376,65,33413,24.265068990559186
0.2,1377,25,33438,24.265602322206096
0.2,1378,26,33464,24.26686004350979
0.2,1379,52,33516,24.286956521739132
0.2,1380,93,33609,24.336712527154237
0.2,1381,-49,33560,24.283646888567294
0.2,1382,2,33562,24.267534345625453
0.2,1383,-231,33331,24.083092485549134
0.2,1384,-11,33320,24.057761732851986
0.2,1385,52,33372,24.07792207792208
0.2,1386,-71,33301,24.00937274693583
0.2,1387,-59,33242,23.94956772334294
0.2,1388,89,33331,23.99640028797696
0.2,1389,81,33412,24.037410071942446
0.2,1390,55,33467,24.059669302659955
0.2,1391,58,33525,24.084051724137932
0.2,1392,83,33608,24.126346015793253
0.2,1393,80,33688,24.16642754662841
0.2,1394,31,33719,24.171326164874554
0.2,1395,87,33806,24.216332378223495
0.2,1396,4,33810,24.20186113099499
0.2,1397,62,33872,24.22889842632332
0.2,1398,39,33911,24.239456754824875
0.2,1399,93,34004,24.28857142857143
0.2,1400,62,34066,24.315488936473947
0.2,1401,86,34152,24.359486447931527
0.2,1402,41,34193,24.371347113328582
0.2,1403,22,34215,24.36965811965812
0.2,1404,59,34274,24.394306049822063
0.2,1405,87,34361,24.438833570412516
0.2,1406,42,34403,24.45131485429993
0.2,1407,87,34490,24.495738636363637
0.2,1408,93,34583,24.544357700496807
0.2,1409,91,34674,24.591489361702127
0.2,1410,-109,34565,24.49681077250177
0.2,1411,-133,34432,24.38526912181303
0.2,1412,24,34456,24.384996461429584
0.2,1413,89,34545,24.43069306930693
0.2,1414,43,34588,24.443816254416962
0.2,1415,23,34611,24.44279661016949
0.2,1416,90,34701,24.489061397318277
0.2,1417,32,34733,24.49435825105783
0.2,1418,-27,34706,24.458069062720224
0.2,1419,-41,34665,24.411971830985916
0.2,1420,22,34687,24.41027445460943
0.2,1421,10,34697,24.40014064697609
0.2,1422,-5,34692,24.379479971890373
0.2,1423,-40,34652,24.334269662921347
0.2,1424,-17,34635,24.305263157894736
0.2,1425,85,34720,24.347826086956523
0.2,1426,63,34783,24.374912403644007
0.2,1427,36,34819,24.383053221288517
0.2,1428,92,34911,24.43037088873338
0.2,1429,-75,34836,24.36083916083916
0.2,1430,90,34926,24.40670859538784
0.2,1431,-257,34669,24.210195530726256
0.2,1432,93,34762,24.258199581297976
0.2,1433,-22,34740,24.225941422594143
0.2,1434,85,34825,24.26829268292683
0.2,1435,90,34915,24.314066852367688
0.2,1436,-220,34695,24.144050104384135
0.2,1437,62,34757,24.17037552155772
0.2,1438,4,34761,24.156358582348854
0.2,1439,-174,34587,24.01875
0.2,1440,-21,34566,23.987508674531576
0.2,1441,84,34650,24.02912621359223
0.2,1442,18,34668,24.024948024948024
0.2,1443,72,34740,24.058171745152354
0.2,1444,90,34830,24.103806228373703
0.2,1445,16,34846,24.09820193637621
0.2,1446,77,34923,24.134761575673807
0.2,1447,64,34987,24.162292817679557
0.2,1448,92,35079,24.209109730848862
0.2,1449,1,35080,24.193103448275863
0.2,1450,78,35158,24.230186078566504
0.2,1451,66,35224,24.258953168044076
0.2,1452,17,35241,24.253957329662768
0.2,1453,-6,35235,24.233149931224208
0.2,1454,-2,35233,24.21512027491409
0.2,1455,54,35287,24.235576923076923
0.2,1456,80,35367,24.27385037748799
0.2,1457,77,35444,24.310013717421125
0.2,1458,80,35524,24.348183687457162
0.2,1459,79,35603,24.385616438356163
0.2,1460,38,35641,24.394934976043807
0.2,1461,56,35697,24.41655266757866
0.2,1462,75,35772,24.451127819548873
0.2,1463,93,35865,24.49795081967213
0.2,1464,93,35958,24.54470989761092
0.2,1465,93,36051,24.591405184174626
0.2,1466,68,36119,24.62099522835719
0.2,1467,-101,36018,24.53542234332425
0.2,1468,-13,36005,24.509870660313137
0.2,1469,-24,35981,24.47687074829932
0.2,1470,24,36005,24.47654656696125
0.2,1471,-61,35944,24.418478260869566
0.2,1472,-16,35928,24.391038696537677
0.2,1473,-46,35882,24.34328358208955
0.2,1474,-52,35830,24.291525423728814
0.2,1475,57,35887,24.31368563685637
0.2,1476,-30,35857,24.276912660798917
0.2,1477,7,35864,24.265223274695533
0.2,1478,85,35949,24.30628803245436
0.2,1479,72,36021,24.338513513513515
0.2,1480,81,36102,24.37677245104659
0.2,1481,45,36147,24.39068825910931
0.2,1482,18,36165,24.386378961564397
0.2,1483,-4,36161,24.367250673854446
0.2,1484,28,36189,24.36969696969697
0.2,1485,94,36283,24.416554508748316
0.2,1486,5,36288,24.403496973772697
0.2,1487,-10,36278,24.38037634408602
0.2,1488,-25,36253,24.34721289456011
0.2,1489,69,36322,24.377181208053692
0.2,1490,92,36414,24.422535211267604
0.2,1491,92,36506,24.467828418230564
0.2,1492,-249,36257,24.284661754855996
0.2,1493,75,36332,24.318607764390897
0.2,1494,69,36401,24.348494983277593
0.2,1495,53,36454,24.36764705882353
0.2,1496,21,36475,24.365397461589847
0.2,1497,-60,36415,24.309078771695596
0.2,1498,35,36450,24.316210807204804
0.2,1499,72,36522,24.348
0.2,1500,84,36606,24.38774150566289
0.2,1501,-90,36516,24.311584553928096
0.2,1502,94,36610,24.357950765136394
0.2,1503,-124,36486,24.2593085106383
0.2,1504,89,36575,24.302325581395348
0.2,1505,94,36669,24.34860557768924
0.2,1506,75,36744,24.382216323822163
0.2,1507,-100,36644,24.29973474801061
0.2,1508,10,36654,24.290258449304176
0.2,1509,6,36660,24.278145695364238
0.2,1510,-46,36614,24.231634679020516
0.2,1511,33,36647,24.237433862433864
0.2,1512,86,36733,24.278255122273627
0.2,1513,66,36799,24.305812417437252
0.2,1514,41,36840,24.316831683168317
0.2,1515,-37,36803,24.276385224274406
0.2,1516,-42,36761,24.23269611074489
0.2,1517,46,36807,24.24703557312253
0.2,1518,83,36890,24.285714285714285
0.2,1519,77,36967,24.320394736842104
0.2,1520,92,37059,24.36489151873767
0.2,1521,53,37112,24.38370565045992
0.2,1522,64,37176,24.409717662508207
0.2,1523,47,37223,24.424540682414698
0.2,1524,46,37269,24.438688524590162
0.2,1525,67,37336,24.466579292267365
0.2,1526,73,37409,24.498362802881466
0.2,1527,87,37496,24.539267015706805
0.2,1528,-327,37169,24.309352517985612
0.2,1529,70,37239,24.33921568627451
0.2,1530,-126,37113,24.24101894186806
0.2,1531,70,37183,24.27088772845953
0.2,1532,-7,37176,24.250489236790607
0.2,1533,24,37200,24.2503259452412
0.2,1534,86,37286,24.29055374592834
0.2,1535,70,37356,24.3203125
0.2,1536,-232,37124,24.153545868575147
0.2,1537,94,37218,24.19895968790637
0.2,1538,-32,37186,24.162443144899285
0.2,1539,-207,36979,24.01233766233766
0.2,1540,38,37017,24.021414665801426
0.2,1541,71,37088,24.051880674448768
0.2,1542,77,37165,24.086195722618275
0.2,1543,83,37248,24.124352331606218
0.2,1544,-193,37055,23.983818770226538
0.2,1545,70,37125,24.013583441138422
0.2,1546,19,37144,24.010342598577893
0.2,1547,-121,37023,23.916666666666668
0.2,1548,-63,36960,23.860555196901228
0.2,1549,89,37049,23.90258064516129
0.2,1550,-30,37019,23.86782720825274
0.2,1551,15,37034,23.862113402061855
0.2,1552,94,37128,23.90727623953638
0.2,1553,23,37151,23.906692406692407
0.2,1554,-59,37092,23.853376205787782
0.2,1555,65,37157,23.879820051413883
0.2,1556,92,37249,23.923570969813746
0.2,1557,4,37253,23.910783055198973
0.2,1558,-27,37226,23.878127004490057
0.2,1559,90,37316,23.92051282051282
0.2,1560,77,37393,23.954516335682253
0.2,1561,65,37458,23.98079385403329
0.2,1562,53,37511,23.999360204734487
0.2,1563,83,37594,24.037084398976983
0.2,1564,82,37676,24.074121405750798
0.2,1565,-144,37532,23.966794380587483
0.2,1566,-48,37484,23.920867900446712
0.2,1567,7,37491,23.910076530612244
0.2,1568,-255,37236,23.73231357552581
0.2,1569,85,37321,23.771337579617835
0.2,1570,-60,37261,23.718014003819224
0.2,1571,-56,37205,23.66730279898219
0.2,1572,-33,37172,23.631277813095995
0.2,1573,51,37223,23.64866581956798
0.2,1574,-47,37176,23.603809523809524
0.2,1575,93,37269,23.647842639593907
0.2,1576,13,37282,23.641090678503488
0.2,1577,66,37348,23.667934093789608
0.2,1578,67,37415,23.69537682077264
0.2,1579,66,37481,23.72215189873418
0.2,1580,35,37516,23.729285262492095
0.2,1581,86,37602,23.76864728192162
0.2,1582,82,37684,23.805432722678457
0.2,1583,-64,37620,23.75
0.2,1584,-19,37601,23.723028391167194
0.2,1585,89,37690,23.764186633039092
0.2,1586,-82,37608,23.697542533081286
0.2,1587,22,37630,23.69647355163728
0.2,1588,-36,37594,23.6589049716803
0.2,1589,92,37686,23.70188679245283
0.2,1590,84,37770,23.739786297925832
0.2,1591,49,37819,23.75565326633166
0.2,1592,51,37870,23.77275580665411
0.2,1593,8,37878,23.762860727728985
0.2,1594,88,37966,23.803134796238243
0.2,1595,89,38055,23.843984962406015
0.2,1596,92,38147,23.886662492172825
0.2,1597,83,38230,23.923654568210264
0.2,1598,-17,38213,23.89806128830519
0.2,1599,1,38214,23.88375
0.2,1600,-43,38171,23.841973766396002
0.2,1601,7,38178,23.831460674157302
0.2,1602,70,38248,23.860262008733624
0.2,1603,77,38325,23.893391521197007
0.2,1604,87,38412,23.932710280373833
0.2,1605,76,38488,23.96513075965131
0.2,1606,78,38566,23.998755444928438
0.2,1607,89,38655,24.03917910447761
0.2,1608,-400,38255,23.77563704164077
0.2,1609,89,38344,23.816149068322982
0.2,1610,77,38421,23.849162011173185
0.2,1611,43,38464,23.86104218362283
0.2,1612,46,38510,23.874767513949163
0.2,1613,-40,38470,23.835192069392814
0.2,1614,-39,38431,23.796284829721362
0.2,1615,21,38452,23.794554455445546
0.2,1616,92,38544,23.836734693877553
0.2,1617,-16,38528,23.81211372064277
0.2,1618,93,38621,23.854848672019767
0.2,1619,-44,38577,23.812962962962963
0.2,1620,87,38664,23.851943244910547
0.2,1621,92,38756,23.89395807644883
0.2,1622,-12,38744,23.871842267406038
0.2,1623,78,38822,23.905172413793103
0.2,1624,77,38899,23.937846153846152
0.2,1625,-98,38801,23.862853628536286
0.2,1626,-13,38788,23.840196681007992
0.2,1627,-163,38625,23.725429975429975
0.2,1628,-22,38603,23.697360343769184
0.2,1629,82,38685,23.733128834355828
0.2,1630,-14,38671,23.709993868792154
0.2,1631,47,38718,23.72426470588235
0.2,1632,67,38785,23.750765462339253
0.2,1633,43,38828,23.7625458996328
0.2,1634,-10,38818,23.741896024464832
0.2,1635,66,38884,23.767726161369193
0.2,1636,59,38943,23.789248625534515
0.2,1637,89,39032,23.82905982905983
0.2,1638,67,39099,23.855399633923124
0.2,1639,94,39193,23.898170731707317
0.2,1640,94,39287,23.940889701401584
0.2,1641,84,39371,23.977466504263095
0.2,1642,91,39462,24.018259281801583
0.2,1643,-200,39262,23.881995133819952
0.2,1644,5,39267,23.870516717325227
0.2,1645,92,39359,23.91190765492102
0.2,1646,89,39448,23.951426836672738
0.2,1647,-189,39259,23.822208737864077
0.2,1648,60,39319,23.844147968465737
0.2,1649,51,39370,23.86060606060606
0.2,1650,43,39413,23.872198667474258
0.2,1651,80,39493,23.906174334140434
0.2,1652,-10,39483,23.885662431941924
0.2,1653,85,39568,23.92261185006046
0.2,1654,27,39595,23.924471299093657
0.2,1655,84,39679,23.960748792270532
0.2,1656,93,39772,24.002414001207
0.2,1657,61,39833,24.024728588661038
0.2,1658,92,39925,24.06570223025919
0.2,1659,2,39927,24.052409638554217
0.2,1660,94,40021,24.094521372667067
0.2,1661,69,40090,24.121540312876053
0.2,1662,92,40182,24.16235718580878
0.2,1663,92,40274,24.203125
0.2,1664,81,40355,24.237237237237238
0.2,1665,-12,40343,24.21548619447779
0.2,1666,-12,40331,24.19376124775045
0.2,1667,69,40400,24.22062350119904
0.2,1668,-77,40323,24.159976033553026
0.2,1669,74,40397,24.189820359281438
0.2,1670,19,40416,24.186714542190305
0.2,1671,70,40486,24.214114832535884
0.2,1672,90,40576,24.25343693962941
0.2,1673,-6,40570,24.23536439665472
0.2,1674,25,40595,24.235820895522387
0.2,1675,86,40681,24.272673031026255
0.2,1676,84,40765,24.30828861061419
0.2,1677,12,40777,24.300953516090583
0.2,1678,87,40864,24.338296605122096
0.2,1679,86,40950,24.375
0.2,1680,68,41018,24.400951814396194
0.2,1681,-29,40989,24.3692033293698
0.2,1682,-115,40874,24.286393345216876
0.2,1683,66,40940,24.311163895486935
0.2,1684,77,41017,24.342433234421364
0.2,1685,92,41109,24.38256227758007
0.2,1686,0,41109,24.36810906935388
0.2,1687,76,41185,24.398696682464454
0.2,1688,-350,40835,24.177027827116635
0.2,1689,67,40902,24.202366863905326
0.2,1690,78,40980,24.23418095801301
0.2,1691,93,41073,24.27482269503546
0.2,1692,82,41155,24.30891907855877
0.2,1693,67,41222,24.334120425029514
0.2,1694,7,41229,24.323893805309734
0.2,1695,82,41311,24.357900943396228
0.2,1696,89,41400,24.3959929286977
0.2,1697,61,41461,24.417550058892814
0.2,1698,-61,41400,24.367274867569158
0.2,1699,73,41473,24.395882352941175
0.2,1700,94,41567,24.436801881246325
0.2,1701,-229,41338,24.28789659224442
0.2,1702,-101,41237,24.21432765707575
0.2,1703,-123,41114,24.127934272300468
0.2,1704,92,41206,24.16774193548387
0.2,1705,-150,41056,24.06565064478312
0.2,1706,86,41142,24.101933216168717
0.2,1707,89,41231,24.13992974238876
0.2,1708,72,41303,24.16793446459918
0.2,1709,-33,41270,24.13450292397661
0.2,1710,72,41342,24.1624780829924
0.2,1711,50,41392,24.177570093457945
0.2,1712,63,41455,24.20023350846468
0.2,1713,77,41532,24.231038506417736
0.2,1714,74,41606,24.260058309037902
0.2,1715,90,41696,24.2983682983683
0.2,1716,76,41772,24.32847990681421
0.2,1717,58,41830,24.348079161816067
0.2,1718,31,41861,24.35194880744619
0.2,1719,80,41941,24.384302325581395
0.2,1720,5,41946,24.373038930854154
0.2,1721,9,41955,24.364111498257838
0.2,1722,9,41964,24.355194428322694
0.2,1723,89,42053,24.392691415313227
0.2,1724,37,42090,24.4
0.2,1725,-28,42062,24.369640787949017
0.2,1726,19,42081,24.36653155761436
0.2,1727,76,42157,24.396412037037038
0.2,1728,-14,42143,24.374204742625796
0.2,1729,87,42230,24.410404624277458
0.2,1730,90,42320,24.448295782784516
0.2,1731,94,42414,24.488452655889144
0.2,1732,50,42464,24.503173687247546
0.2,1733,89,42553,24.540369088811996
0.2,1734,-112,42441,24.461671469740633
0.2,1735,80,42521,24.493663594470046
0.2,1736,20,42541,24.491076568796775
0.2,1737,84,42625,24.525316455696203
0.2,1738,77,42702,24.55549166187464
0.2,1739,93,42795,24.594827586206897
0.2,1740,82,42877,24.627800114876507
0.2,1741,13,42890,24.621125143513204
0.2,1742,-125,42765,24.535283993115318
0.2,1743,45,42810,24.547018348623855
0.2,1744,52,42862,24.562750716332378
0.2,1745,48,42910,24.576174112256588
0.2,1746,90,43000,24.613623354321696
0.2,1747,68,43068,24.638443935926773
0.2,1748,-21,43047,24.612349914236706
0.2,1749,-30,43017,24.581142857142858
0.2,1750,71,43088,24.607652769845803
0.2,1751,78,43166,24.63812785388128
0.2,1752,34,43200,24.64346833998859
0.2,1753,43,43243,24.653933865450398
0.2,1754,84,43327,24.687749287749288
0.2,1755,-18,43309,24.66343963553531
0.2,1756,-188,43121,24.542401821286283
0.2,1757,62,43183,24.563708759954494
0.2,1758,21,43204,24.56168277430358
0.2,1759,80,43284,24.59318181818182
0.2,1760,50,43334,24.607609312890403
0.2,1761,88,43422,24.643586833144155
0.2,1762,68,43490,24.668179239931934
0.2,1763,56,43546,24.6859410430839
0.2,1764,92,43638,24.724079320113315
0.2,1765,-29,43609,24.69365798414496
0.2,1766,71,43680,24.719864176570457
0.2,1767,93,43773,24.75848416289593
0.2,1768,92,43865,24.79649519502544
0.2,1769,48,43913,24.809604519774012
0.2,1770,70,43983,24.835121400338792
0.2,1771,85,44068,24.869074492099323
0.2,1772,13,44081,24.862380146644107
0.2,1773,76,44157,24.89120631341601
0.2,1774,72,44229,24.91774647887324
0.2,1775,64,44293,24.93975225225225
0.2,1776,85,44378,24.973550928531232
0.2,1777,92,44470,25.01124859392576
0.2,1778,91,44561,25.048341765036536
0.2,1779,-6,44555,25.030898876404493
0.2,1780,85,44640,25.06457046603032
0.2,1781,70,44710,25.089786756453424
0.2,1782,-209,44501,24.958496915311272
0.2,1783,-4,44497,24.942264573991032
0.2,1784,-38,44459,24.90700280112045
0.2,1785,8,44467,24.89753639417693
0.2,1786,51,44518,24.912143256855064
0.2,1787,52,44570,24.927293064876956
0.2,1788,91,44661,24.964225824482952
0.2,1789,43,44704,24.974301675977653
0.2,1790,-87,44617,24.91178112786153
0.2,1791,85,44702,24.9453125
0.2,1792,68,44770,24.969325153374232
0.2,1793,94,44864,25.007803790412485
0.2,1794,35,44899,25.013370473537606
0.2,1795,70,44969,25.038418708240535
0.2,1796,82,45051,25.070116861435725
0.2,1797,51,45102,25.084538375973302
0.2,1798,91,45193,25.12117843246248
0.2,1799,-72,45121,25.067222222222224
0.2,1800,90,45211,25.103275957801223
0.2,1801,77,45288,25.132075471698112
0.2,1802,81,45369,25.163061564059902
0.2,1803,-162,45207,25.05931263858093
0.2,1804,14,45221,25.053185595567868
0.2,1805,16,45237,25.048172757475083
0.2,1806,12,45249,25.040951853901493
0.2,1807,94,45343,25.079092920353983
0.2,1808,43,45386,25.0889994472084
0.2,1809,78,45464,25.118232044198894
0.2,1810,-121,45343,25.037548315847598
0.2,1811,-3,45340,25.02207505518764
0.2,1812,90,45430,25.057915057915057
0.2,1813,83,45513,25.089856670341785
0.2,1814,39,45552,25.097520661157024
0.2,1815,93,45645,25.134911894273127
0.2,1816,91,45736,25.17116125481563
0.2,1817,93,45829,25.20847084708471
0.2,1818,-10,45819,25.189114898295767
0.2,1819,89,45908,25.224175824175823
0.2,1820,7,45915,25.214168039538716
0.2,1821,-21,45894,25.18880351262349
0.2,1822,-161,45733,25.08667032364235
0.2,1823,-2,45731,25.071820175438596
0.2,1824,-25,45706,25.044383561643837
0.2,1825,58,45764,25.062431544359256
0.2,1826,76,45840,25.09031198686371
0.2,1827,77,45917,25.11870897155361
0.2,1828,62,45979,25.138873701476218
0.2,1829,85,46064,25.17158469945355
0.2,1830,75,46139,25.198798470780993
0.2,1831,82,46221,25.229803493449783
0.2,1832,47,46268,25.241680305510094
0.2,1833,31,46299,25.24482006543075
0.2,1834,88,46387,25.279019073569483
0.2,1835,94,46481,25.31644880174292
0.2,1836,65,46546,25.3380511703865
0.2,1837,-14,46532,25.31664853101197
0.2,1838,81,46613,25.346927678085915
0.2,1839,-75,46538,25.292391304347827
0.2,1840,-48,46490,25.252580119500273
0.2,1841,-10,46480,25.23344191096634
0.2,1842,40,46520,25.24145415084102
0.2,1843,-1,46519,25.227223427331886
0.2,1844,56,46575,25.24390243902439
0.2,1845,91,46666,25.279523293607802
0.2,1846,23,46689,25.27828911748782
0.2,1847,-126,46563,25.196428571428573
0.2,1848,37,46600,25.202812330989723
0.2,1849,78,46678,25.23135135135135
0.2,1850,22,46700,25.22960561858455
0.2,1851,50,46750,25.242980561555076
0.2,1852,5,46755,25.232056125202373
0.2,1853,39,46794,25.23948220064725
0.2,1854,-33,46761,25.208086253369274
0.2,1855,94,46855,25.245150862068964
0.2,1856,-31,46824,25.214862681744748
0.2,1857,65,46889,25.23627556512379
0.2,1858,-62,46827,25.189349112426036
0.2,1859,74,46901,25.21559139784946
0.2,1860,-31,46870,25.185384202041913
0.2,1861,70,46940,25.209452201933406
0.2,1862,75,47015,25.2361782071927
0.2,1863,-121,46894,25.15772532188841
0.2,1864,64,46958,25.178552278820376
0.2,1865,79,47037,25.207395498392284
0.2,1866,25,47062,25.20728441349759
0.2,1867,76,47138,25.234475374732334
0.2,1868,-6,47132,25.21776350989834
0.2,1869,93,47225,25.254010695187166
0.2,1870,38,47263,25.26082308925708
0.2,1871,-79,47184,25.205128205128204
0.2,1872,75,47259,25.23171382808329
0.2,1873,-71,47188,25.1803628601921
0.2,1874,84,47272,25.211733333333335
0.2,1875,67,47339,25.23400852878465
0.2,1876,90,47429,25.268513585508792
0.2,1877,-22,47407,25.243343982960596
0.2,1878,58,47465,25.260777009047366
0.2,1879,70,47535,25.284574468085108
0.2,1880,27,47562,25.28548644338118
0.2,1881,-44,47518,25.248671625929862
0.2,1882,91,47609,25.283590015932024
0.2,1883,59,47668,25.301486199575372
0.2,1884,31,47699,25.30450928381963
0.2,1885,-50,47649,25.26458112407211
0.2,1886,90,47739,25.298887122416534
0.2,1887,89,47828,25.33262711864407
0.2,1888,-42,47786,25.296982530439386
0.2,1889,81,47867,25.326455026455026
0.2,1890,27,47894,25.327340031729243
0.2,1891,-37,47857,25.294397463002113
0.2,1892,91,47948,25.329107237189646
0.2,1893,29,47977,25.33104540654699
0.2,1894,93,48070,25.366754617414248
0.2,1895,6,48076,25.356540084388186
0.2,1896,57,48133,25.373220875065893
0.2,1897,22,48155,25.37144362486828
0.2,1898,75,48230,25.39757767245919
0.2,1899,42,48272,25.406315789473684
0.2,1900,94,48366,25.442398737506576
0.2,1901,-97,48269,25.37802313354364
0.2,1902,3,48272,25.36626379400946
0.2,1903,-10,48262,25.347689075630253
0.2,1904,88,48350,25.38057742782152
0.2,1905,81,48431,25.409758656873034
0.2,1906,75,48506,25.43576297850026
0.2,1907,-45,48461,25.398846960167713
0.2,1908,21,48482,25.39654269250917
0.2,1909,49,48531,25.40890052356021
0.2,1910,69,48600,25.43171114599686
0.2,1911,-91,48509,25.37081589958159
0.2,1912,-14,48495,25.350235232618925
0.2,1913,72,48567,25.37460815047022
0.2,1914,12,48579,25.367624020887728
0.2,1915,-37,48542,25.33507306889353
0.2,1916,76,48618,25.36150234741784
0.2,1917,32,48650,25.364963503649633
0.2,1918,49,48699,25.377279833246483
0.2,1919,72,48771,25.4015625
0.2,1920,68,48839,25.42373763664758
0.2,1921,56,48895,25.43964620187305
0.2,1922,80,48975,25.46801872074883
0.2,1923,85,49060,25.4989604989605
0.2,1924,72,49132,25.523116883116884
0.2,1925,86,49218,25.554517133956388
0.2,1926,86,49304,25.585884795018163
0.2,1927,19,49323,25.58246887966805
0.2,1928,91,49414,25.616381544841886
0.2,1929,-2,49412,25.602072538860103
0.2,1930,17,49429,25.597617814603833
0.2,1931,62,49491,25.616459627329192
0.2,1932,69,49560,25.63890325918262
0.2,1933,13,49573,25.632368148914168
0.2,1934,60,49633,25.650129198966408
0.2,1935,-39,49594,25.61673553719008
0.2,1936,86,49680,25.647909137842024
0.2,1937,84,49764,25.678018575851393
0.2,1938,60,49824,25.69571944301186
0.2,1939,35,49859,25.700515463917526
0.2,1940,94,49953,25.735703245749615
0.2,1941,90,50043,25.768795056642638
0.2,1942,-59,49984,25.725167267112713
0.2,1943,77,50061,25.751543209876544
0.2,1944,-62,49999,25.70642673521851
0.2,1945,40,50039,25.71377183967112
0.2,1946,47,50086,25.724704673857214
0.2,1947,83,50169,25.7541067761807
0.2,1948,77,50246,25.78040020523345
0.2,1949,-22,50224,25.755897435897435
0.2,1950,13,50237,25.74935930292158
0.2,1951,90,50327,25.782274590163933
0.2,1952,-45,50282,25.746031746031747
0.2,1953,94,50376,25.780962128966223
0.2,1954,-134,50242,25.69923273657289
0.2,1955,74,50316,25.7239263803681
0.2,1956,89,50405,25.756259580991312
0.2,1957,-29,50376,25.72829417773238
0.2,1958,86,50462,25.7590607452782
0.2,1959,85,50547,25.789285714285715
0.2,1960,79,50626,25.816420193778683
0.2,1961,83,50709,25.845565749235472
0.2,1962,92,50801,25.879266428935303
0.2,1963,85,50886,25.909368635437882
0.2,1964,67,50953,25.930279898218828
0.2,1965,64,51017,25.94964394710071
0.2,1966,-13,51004,25.92984239959329
0.2,1967,67,51071,25.95071138211382
0.2,1968,91,51162,25.98374809547994
0.2,1969,28,51190,25.98477157360406
0.2,1970,64,51254,26.004058853373923
0.2,1971,0,51254,25.99087221095335
0.2,1972,41,51295,25.998479472883933
0.2,1973,54,51349,26.012664640324214
0.2,1974,69,51418,26.034430379746837
0.2,1975,47,51465,26.045040485829958
0.2,1976,83,51548,26.073849266565503
0.2,1977,92,51640,26.10717896865521
0.2,1978,78,51718,26.133400707427995
0.2,1979,61,51779,26.1510101010101
0.2,1980,8,51787,26.141847551741545
0.2,1981,31,51818,26.144298688193743
0.2,1982,83,51901,26.172970247100352
0.2,1983,-116,51785,26.101310483870968
0.2,1984,74,51859,26.12544080604534
0.2,1985,-154,51705,26.03474320241692
0.2,1986,-61,51644,25.990941117262203
0.2,1987,40,51684,25.997987927565394
0.2,1988,-182,51502,25.893413775766717
0.2,1989,94,51596,25.927638190954774
0.2,1990,90,51686,25.959819186338525
0.2,1991,94,51780,25.99397590361446
0.2,1992,91,51871,26.026593075765177
0.2,1993,-62,51809,25.982447342026077
0.2,1994,67,51876,26.00300751879699
0.2,1995,4,51880,25.991983967935873
0.2,1996,92,51972,26.025037556334503
0.2,1997,92,52064,26.05805805805806
0.2,1998,5,52069,26.04752376188094
0.2,1999,82,52151,26.0755
0.2,2000,58,52209,26.09145427286357
0.2,2001,87,52296,26.121878121878122
0.2,2002,-76,52220,26.070893659510734
0.2,2003,2,52222,26.05888223552894
0.2,2004,94,52316,26.0927680798005
0.2,2005,-32,52284,26.063808574277168
0.2,2006,19,52303,26.06028898854011
0.2,2007,91,52394,26.092629482071715
0.2,2008,-65,52329,26.047287207565955
0.2,2009,-12,52317,26.028358208955225
0.2,2010,72,52389,26.051218299353554
0.2,2011,83,52472,26.07952286282306
0.2,2012,19,52491,26.076005961251862
0.2,2013,89,52580,26.107249255213507
0.2,2014,90,52670,26.13895781637717
0.2,2015,73,52743,26.16220238095238
0.2,2016,84,52827,26.19087754090233
0.2,2017,90,52917,26.222497522299307
0.2,2018,30,52947,26.224368499257057
0.2,2019,-204,52743,26.11039603960396
0.2,2020,-57,52686,26.069272637308263
0.2,2021,-23,52663,26.045004945598418
0.2,2022,29,52692,26.04646564508156
0.2,2023,88,52780,26.07707509881423
0.2,2024,69,52849,26.098271604938272
0.2,2025,89,52938,26.129318854886474
0.2,2026,41,52979,26.13665515540207
0.2,2027,86,53065,26.166173570019723
0.2,2028,81,53146,26.193198620009856
0.2,2029,77,53223,26.218226600985222
0.2,2030,93,53316,26.251107828655833
0.2,2031,45,53361,26.260334645669293
0.2,2032,49,53410,26.271519921298573
0.2,2033,71,53481,26.293510324483776
0.2,2034,-23,53458,26.26928746928747
0.2,2035,94,53552,26.30255402750491
0.2,2036,23,53575,26.300932744231712
0.2,2037,77,53652,26.325809617271837
0.2,2038,55,53707,26.339872486512995
0.2,2039,45,53752,26.349019607843136
0.2,2040,70,53822,26.370406663400296
0.2,2041,6,53828,26.360430950048972
0.2,2042,40,53868,26.367107195301028
0.2,2043,62,53930,26.38454011741683
0.2,2044,94,54024,26.41760391198044
0.2,2045,55,54079,26.431573802541543
0.2,2046,-35,54044,26.401563263312163
0.2,2047,60,54104,26.41796875
0.2,2048,91,54195,26.44948755490483
0.2,2049,67,54262,26.469268292682926
0.2,2050,83,54345,26.496830814236958
0.2,2051,77,54422,26.521442495126706
0.2,2052,88,54510,26.55138821237214
0.2,2053,-9,54501,26.534079844206428
0.2,2054,90,54591,26.564963503649636
0.2,2055,65,54656,26.58365758754864
0.2,2056,79,54735,26.609139523578026
0.2,2057,12,54747,26.602040816326532
0.2,2058,-378,54369,26.405536668285574
0.2,2059,25,54394,26.40485436893204
0.2,2060,-9,54385,26.38767588549248
0.2,2061,-57,54328,26.347235693501457
0.2,2062,15,54343,26.34173533688803
0.2,2063,-115,54228,26.273255813953487
0.2,2064,93,54321,26.305569007263923
0.2,2065,89,54410,26.33591481122943
0.2,2066,73,54483,26.358490566037737
0.2,2067,10,54493,26.350580270793035
0.2,2068,-21,54472,26.32769453842436
0.2,2069,81,54553,26.354106280193236
0.2,2070,85,54638,26.382423949782712
0.2,2071,63,54701,26.400096525096526
0.2,2072,94,54795,26.432706222865413
0.2,2073,62,54857,26.449855351976858
0.2,2074,92,54949,26.48144578313253
0.2,2075,-5,54944,26.466281310211947
0.2,2076,72,55016,26.488204140587385
0.2,2077,5,55021,26.47786333012512
0.2,2078,89,55110,26.50793650793651
0.2,2079,43,55153,26.515865384615385
0.2,2080,65,55218,26.53435848149928
0.2,2081,-23,55195,26.510566762728146
0.2,2082,22,55217,26.508401344215073
0.2,2083,93,55310,26.540307101727446
0.2,2084,78,55388,26.564988009592327
0.2,2085,62,55450,26.58197507190796
0.2,2086,93,55543,26.61379971250599
0.2,2087,-28,55515,26.58764367816092
0.2,2088,-147,55368,26.504547630445188
0.2,2089,38,55406,26.510047846889954
0.2,2090,17,55423,26.50549976087996
0.2,2091,-154,55269,26.41921606118547
0.2,2092,46,55315,26.428571428571427
0.2,2093,71,55386,26.449856733524356
0.2,2094,51,55437,26.461575178997613
0.2,2095,85,55522,26.489503816793892
0.2,2096,14,55536,26.48354792560801
0.2,2097,69,55605,26.503813155386084
0.2,2098,92,55697,26.535016674606954
0.2,2099,0,55697,26.522380952380953
0.2,2100,67,55764,26.541646834840552
0.2,2101,53,55817,26.554234062797335
0.2,2102,84,55901,26.58155016642891
0.2,2103,90,55991,26.611692015209126
0.2,2104,48,56039,26.62185273159145
0.2,2105,46,56085,26.63105413105413
0.2,2106,83,56168,26.6578073089701
0.2,2107,-179,55989,26.560246679316887
0.2,2108,90,56079,26.590327169274538
0.2,2109,92,56171,26.62132701421801
0.2,2110,73,56244,26.643297015632402
0.2,2111,26,56270,26.642992424242426
0.2,2112,94,56364,26.674869853289163
0.2,2113,21,56385,26.672185430463575
0.2,2114,-130,56255,26.59810874704492
0.2,2115,-55,56200,26.559546313799622
0.2,2116,-137,56063,26.482286254133207
0.2,2117,7,56070,26.473087818696882
0.2,2118,-240,55830,26.347333647947146
0.2,2119,-16,55814,26.327358490566038
0.2,2120,85,55899,26.355021216407355
0.2,2121,40,55939,26.361451460885956
0.2,2122,77,56016,26.38530381535563
0.2,2123,-74,55942,26.33804143126177
0.2,2124,93,56035,26.369411764705884
0.2,2125,79,56114,26.394167450611477
0.2,2126,23,56137,26.39257169722614
0.2,2127,70,56207,26.413063909774436
0.2,2128,89,56296,26.44246124941287
0.2,2129,94,56390,26.474178403755868
0.2,2130,93,56483,26.5053965274519
0.2,2131,24,56507,26.50422138836773
0.2,2132,82,56589,26.530239099859354
0.2,2133,15,56604,26.524835988753516
0.2,2134,79,56683,26.549414519906325
0.2,2135,79,56762,26.573970037453183
0.2,2136,58,56820,26.58867571361722
0.2,2137,26,56846,26.58840037418148
0.2,2138,65,56911,26.606358111266946
0.2,2139,91,57002,26.63644859813084
0.2,2140,11,57013,26.62914525922466
0.2,2141,94,57107,26.660597572362278
0.2,2142,28,57135,26.66122258516099
0.2,2143,84,57219,26.68796641791045
0.2,2144,92,57311,26.71841491841492
0.2,2145,7,57318,26.709226467847156
0.2,2146,83,57401,26.735444806707033
0.2,2147,50,57451,26.74627560521415
0.2,2148,57,57508,26.760353652861795
0.2,2149,-44,57464,26.727441860465117
0.2,2150,85,57549,26.754532775453278
0.2,2151,78,57627,26.778345724907062
0.2,2152,88,57715,26.80678123548537
0.2,2153,85,57800,26.83379758588672
0.2,2154,91,57891,26.863573085846866
0.2,2155,20,57911,26.86038961038961
0.2,2156,62,57973,26.87668057487251
0.2,2157,92,58065,26.906858202038926
0.2,2158,-80,57985,26.857341361741547
0.2,2159,-65,57920,26.814814814814813
0.2,2160,9,57929,26.80657103192966
0.2,2161,-23,57906,26.783533765032377
0.2,2162,90,57996,26.812760055478503
0.2,2163,91,58087,26.84242144177449
0.2,2164,-18,58069,26.821709006928405
0.2,2165,11,58080,26.814404432132964
0.2,2166,87,58167,26.842178126442086
0.2,2167,11,58178,26.834870848708487
0.2,2168,26,58204,26.83448593822038
0.2,2169,93,58297,26.864976958525347
0.2,2170,90,58387,26.894058037770613
0.2,2171,90,58477,26.923112338858196
0.2,2172,88,58565,26.951219512195124
0.2,2173,94,58659,26.982060717571297
0.2,2174,71,58730,27.002298850574714
0.2,2175,63,58793,27.018841911764707
0.2,2176,93,58886,27.049150206706475
0.2,2177,-29,58857,27.02341597796143
0.2,2178,79,58936,27.04726938962827
0.2,2179,-93,58843,26.992201834862385
0.2,2180,59,58902,27.00687757909216
0.2,2181,-65,58837,26.964711274060495
0.2,2182,15,58852,26.959230416857537
0.2,2183,92,58944,26.98901098901099
0.2,2184,-27,58917,26.964302059496568
0.2,2185,89,59006,26.99268069533394
0.2,2186,89,59095,27.02103337905807
0.2,2187,94,59189,27.05164533820841
0.2,2188,-26,59163,27.027409776153494
0.2,2189,4,59167,27.01689497716895
0.2,2190,76,59243,27.03925148334094
0.2,2191,-90,59153,26.985857664233578
0.2,2192,64,59217,27.002735978112174
0.2,2193,83,59300,27.028258887876024
0.2,2194,-248,59052,26.902961275626424
0.2,2195,-549,58503,26.64071038251366
0.2,2196,51,58554,26.651797906235775
0.2,2197,66,58620,26.669699727024568
0.2,2198,-33,58587,26.64256480218281
0.2,2199,92,58679,26.672272727272727
0.2,2200,0,58679,26.660154475238528
0.2,2201,57,58736,26.673932788374206
0.2,2202,81,58817,26.69859282796187
0.2,2203,-3,58814,26.685117967332122
0.2,2204,84,58898,26.711111111111112
0.2,2205,71,58969,26.731187669990934
0.2,2206,45,59014,26.7394653375623
0.2,2207,71,59085,26.75951086956522
0.2,2208,67,59152,26.777727478497056
0.2,2209,-179,58973,26.684615384615384
0.2,2210,-59,58914,26.645861601085482
0.2,2211,36,58950,26.6500904159132
0.2,2212,89,59039,26.6782647989155
0.2,2213,74,59113,26.699638663053296
0.2,2214,90,59203,26.72821670428894
0.2,2215,91,59294,26.7572202166065
0.2,2216,8,59302,26.748759585024807
0.2,2217,-36,59266,26.720468890892697
0.2,2218,38,59304,26.725552050473187
0.2,2219,-14,59290,26.707207207207208
0.2,2220,77,59367,26.729851418280052
0.2,2221,-27,59340,26.705670567056707
0.2,2222,-56,59284,26.66846603688709
0.2,2223,29,59313,26.66951438848921
0.2,2224,79,59392,26.69303370786517
0.2,2225,76,59468,26.7151841868823
0.2,2226,77,59545,26.737763807813202
0.2,2227,-37,59508,26.709156193895872
0.2,2228,45,59553,26.71736204576043
0.2,2229,89,59642,26.74529147982063
0.2,2230,88,59730,26.77274764679516
0.2,2231,75,59805,26.794354838709676
0.2,2232,70,59875,26.81370353784147
0.2,2233,-69,59806,26.770814682184422
0.2,2234,92,59898,26.8
0.2,2235,3,59901,26.789355992844364
0.2,2236,-4,59897,26.77559231113098
0.2,2237,-180,59717,26.68319928507596
0.2,2238,83,59800,26.708351942831623
0.2,2239,78,59878,26.73125
0.2,2240,90,59968,26.759482373940205
0.2,2241,52,60020,26.770740410347905
0.2,2242,0,60020,26.75880517164512
0.2,2243,55,60075,26.77139037433155
0.2,2244,90,60165,26.79955456570156
0.2,2245,-68,60097,26.757346393588602
0.2,2246,84,60181,26.782821539830884
0.2,2247,-36,60145,26.754893238434164
0.2,2248,80,60225,26.778568252556692
0.2,2249,80,60305,26.802222222222223
0.2,2250,82,60387,26.82674366948023
0.2,2251,78,60465,26.849467140319717
0.2,2252,77,60542,26.871726586773192
0.2,2253,20,60562,26.86867790594499
0.2,2254,72,60634,26.88869179600887
0.2,2255,94,60728,26.918439716312058
0.2,2256,19,60747,26.91493132476739
0.2,2257,7,60754,26.906111603188663
0.2,2258,72,60826,26.92607348384241
0.2,2259,94,60920,26.95575221238938
0.2,2260,86,61006,26.98186643078284
0.2,2261,87,61093,27.00839964633068
0.2,2262,79,61172,27.031374281926645
0.2,2263,88,61260,27.058303886925795
0.2,2264,-101,61159,27.00176600441501
0.2,2265,45,61204,27.009708737864077
0.2,2266,54,61258,27.02161446846052
0.2,2267,86,61344,27.047619047619047
0.2,2268,86,61430,27.073600705156455
0.2,2269,22,61452,27.07136563876652
0.2,2270,-34,61418,27.044473800088067
0.2,2271,56,61474,27.057218309859156
0.2,2272,89,61563,27.084469863616366
0.2,2273,-51,61512,27.050131926121374
0.2,2274,80,61592,27.07340659340659
0.2,2275,56,61648,27.08611599297012
0.2,2276,22,61670,27.083882301273604
0.2,2277,88,61758,27.11062335381914
0.2,2278,78,61836,27.13295304958315
0.2,2279,7,61843,27.124122807017542
0.2,2280,20,61863,27.12099956159579
0.2,2281,-155,61708,27.04119193689746
0.2,2282,45,61753,27.049058256679807
0.2,2283,90,61843,27.07661996497373
0.2,2284,27,61870,27.076586433260395
0.2,2285,88,61958,27.10323709536308
0.2,2286,67,62025,27.120682116309577
0.2,2287,30,62055,27.12194055944056
0.2,2288,20,62075,27.118829183049368
0.2,2289,82,62157,27.14279475982533
0.2,2290,-9,62148,27.127018769096466
0.2,2291,78,62226,27.149214659685864
0.2,2292,-246,61980,27.030091583078935
0.2,2293,74,62054,27.050566695727987
0.2,2294,83,62137,27.074945533769064
0.2,2295,58,62195,27.088414634146343
0.2,2296,34,62229,27.091423595994776
0.2,2297,39,62268,27.096605744125327
0.2,2298,80,62348,27.119617224880383
0.2,2299,6,62354,27.110434782608696
0.2,2300,80,62434,27.13342025206432
0.2,2301,75,62509,27.154213727193746
0.2,2302,81,62590,27.17759444203213
0.2,2303,79,62669,27.200086805555557
0.2,2304,94,62763,27.229067245119307
0.2,2305,49,62812,27.23850823937554
0.2,2306,45,62857,27.24620719549198
0.2,2307,66,62923,27.262998266897746
0.2,2308,81,63004,27.286271113035948
0.2,2309,-22,62982,27.264935064935067
0.2,2310,23,63005,27.26308957161402
0.2,2311,80,63085,27.28589965397924
0.2,2312,89,63174,27.312581063553825
0.2,2313,28,63202,27.312878133102853
0.2,2314,88,63290,27.339092872570195
0.2,2315,63,63353,27.35449050086356
0.2,2316,66,63419,27.371169615882607
0.2,2317,86,63505,27.396462467644522
0.2,2318,-2,63503,27.383786114704613
0.2,2319,0,63503,27.37198275862069
0.2,2320,86,63589,27.397242567858683
0.2,2321,-91,63498,27.34625322997416
0.2,2322,70,63568,27.3646147223418
0.2,2323,-60,63508,27.327022375215147
0.2,2324,3,63511,27.316559139784946
0.2,2325,-85,63426,27.268271711092005
0.2,2326,92,63518,27.29608938547486
0.2,2327,28,63546,27.29639175257732
0.2,2328,44,63590,27.303563761270933
0.2,2329,83,63673,27.327467811158797
0.2,2330,5,63678,27.317889317889318
0.2,2331,2,63680,27.30703259005146
0.2,2332,-163,63517,27.225460780111444
0.2,2333,64,63581,27.24121679520137
0.2,2334,78,63659,27.262955032119915
0.2,2335,17,63676,27.258561643835616
0.2,2336,94,63770,27.287120239623448
0.2,2337,49,63819,27.29640718562874
0.2,2338,69,63888,27.314236853356135
0.2,2339,77,63965,27.335470085470085
0.2,2340,-51,63914,27.302007689021785
0.2,2341,-50,63864,27.269000853970965
0.2,2342,5,63869,27.25949637217243
0.2,2343,1,63870,27.248293515358363
0.2,2344,32,63902,27.250319829424306
0.2,2345,51,63953,27.260443307757885
0.2,2346,-148,63805,27.185769066893908
0.2,2347,-48,63757,27.153747870528107
0.2,2348,78,63835,27.175393784589186
0.2,2349,80,63915,27.197872340425533
0.2,2350,66,63981,27.21437686091025
0.2,2351,80,64061,27.236819727891156
0.2,2352,-498,63563,27.0135996600085
0.2,2353,88,63651,27.039507221750213
0.2,2354,35,63686,27.042887473460723
0.2,2355,71,63757,27.061544991511035
0.2,2356,-193,63564,26.968179889690283
0.2,2357,-135,63429,26.89949109414758
0.2,2358,82,63511,26.922848664688427
0.2,2359,94,63605,26.951271186440678
0.2,2360,-10,63595,26.935620499788225
0.2,2361,46,63641,26.943691786621507
0.2,2362,-162,63479,26.86373254337706
0.2,2363,43,63522,26.870558375634516
0.2,2364,57,63579,26.883298097251586
0.2,2365,-58,63521,26.84742180896027
0.2,2366,82,63603,26.870722433460077
0.2,2367,92,63695,26.89822635135135
0.2,2368,74,63769,26.918108906711694
0.2,2369,-108,63661,26.861181434599157
0.2,2370,89,63750,26.887389287220582
0.2,2371,-44,63706,26.857504215851602
0.2,2372,-345,63361,26.700800674252
0.2,2373,-163,63198,26.62089300758214
0.2,2374,46,63244,26.629052631578947
0.2,2375,86,63330,26.654040404040405
0.2,2376,74,63404,26.67395877156079
0.2,2377,88,63492,26.699747687132042
0.2,2378,30,63522,26.70113493064313
0.2,2379,67,63589,26.718067226890756
0.2,2380,-98,63491,26.665686686266273
0.2,2381,43,63534,26.672544080604535
0.2,2382,-41,63493,26.644146034410408
0.2,2383,87,63580,26.66946308724832
0.2,2384,46,63626,26.677568134171906
0.2,2385,67,63693,26.69446772841576
0.2,2386,-34,63659,26.669040636782572
0.2,2387,85,63744,26.693467336683415
0.2,2388,58,63802,26.706571787358726
0.2,2389,18,63820,26.702928870292887
0.2,2390,-230,63590,26.59556670849017
0.2,2391,-18,63572,26.576923076923077
0.2,2392,-4,63568,26.564145424153782
0.2,2393,52,63620,26.574770258980784
0.2,2394,-199,63421,26.480584551148226
0.2,2395,71,63492,26.4991652754591
0.2,2396,52,63544,26.50980392156863
0.2,2397,73,63617,26.529190992493746
0.2,2398,76,63693,26.549812421842436
0.2,2399,19,63712,26.546666666666667
0.2,2400,29,63741,26.547688463140357
0.2,2401,91,63832,26.574521232306413
0.2,2402,88,63920,26.60008322929671
0.2,2403,14,63934,26.594841930116473
0.2,2404,15,63949,26.59002079002079
0.2,2405,74,64023,26.609725685785538
0.2,2406,80,64103,26.631906938097217
0.2,2407,25,64128,26.631229235880397
0.2,2408,-58,64070,26.59609796596098
0.2,2409,21,64091,26.593775933609958
0.2,2410,84,64175,26.61758606387391
0.2,2411,35,64210,26.62106135986733
0.2,2412,80,64290,26.64318276004973
0.2,2413,74,64364,26.662800331400167
0.2,2414,84,64448,26.686542443064184
0.2,2415,-6,64442,26.67301324503311
0.2,2416,-147,64295,26.601158460901946
0.2,2417,-52,64243,26.568651778329198
0.2,2418,-9,64234,26.553947912360478
0.2,2419,-30,64204,26.530578512396694
0.2,2420,32,64236,26.53283767038414
0.2,2421,88,64324,26.558216350123864
0.2,2422,64,64388,26.57366900536525
0.2,2423,92,64480,26.6006600660066
0.2,2424,17,64497,26.596701030927836
0.2,2425,71,64568,26.61500412201154
0.2,2426,83,64651,26.638236505974454
0.2,2427,-24,64627,26.617380560131796
0.2,2428,-9,64618,26.602717167558666
0.2,2429,19,64637,26.599588477366254
0.2,2430,49,64686,26.60880296174414
0.2,2431,87,64773,26.63363486842105
0.2,2432,80,64853,26.655569256062474
0.2,2433,85,64938,26.679539852095317
0.2,2434,-80,64858,26.635728952772073
0.2,2435,24,64882,26.63464696223317
0.2,2436,33,64915,26.637258924907673
0.2,2437,75,64990,26.65709598031173
0.2,2438,-76,64914,26.6150061500615
0.2,2439,92,65006,26.641803278688524
0.2,2440,14,65020,26.636624334289227
0.2,2441,-38,64982,26.61015561015561
0.2,2442,-62,64920,26.573884568153908
0.2,2443,43,64963,26.580605564648117
0.2,2444,43,65006,26.587321063394683
0.2,2445,63,65069,26.602207686017987
0.2,2446,-103,64966,26.54924397221087
0.2,2447,16,64982,26.544934640522875
0.2,2448,23,65005,26.543487137607187
0.2,2449,43,65048,26.550204081632653
0.2,2450,-60,64988,26.514891880864955
0.2,2451,34,65022,26.517944535073408
0.2,2452,72,65094,26.536485935589074
0.2,2453,94,65188,26.5639771801141
0.2,2454,71,65259,26.582077393075355
0.2,2455,52,65311,26.59242671009772
0.2,2456,71,65382,26.610500610500612
0.2,2457,-131,65251,26.546379170056955
0.2,2458,-12,65239,26.530703538023587
0.2,2459,87,65326,26.555284552845528
0.2,2460,31,65357,26.55709061357172
0.2,2461,90,65447,26.58285946385053
0.2,2462,2,65449,26.572878603329272
0.2,2463,7,65456,26.564935064935064
0.2,2464,-21,65435,26.545638945233264
0.2,2465,93,65528,26.572587185725872
0.2,2466,25,65553,26.571949736522093
0.2,2467,31,65584,26.573743922204216
0.2,2468,-44,65540,26.54515998379911
0.2,2469,63,65603,26.55991902834008
0.2,2470,-80,65523,26.516794819910967
0.2,2471,-56,65467,26.4834142394822
0.2,2472,87,65554,26.50788515972503
0.2,2473,77,65631,26.528294260307195
0.2,2474,-148,65483,26.45777777777778
0.2,2475,21,65504,26.455573505654282
0.2,2476,79,65583,26.476786435203877
0.2,2477,78,65661,26.497578692493946
0.2,2478,87,65748,26.521984671238403
0.2,2479,-54,65694,26.489516129032257
0.2,2480,31,65725,26.491334139459894
0.2,2481,79,65804,26.51248992747784
0.2,2482,-22,65782,26.492952074103908
0.2,2483,86,65868,26.516908212560388
0.2,2484,94,65962,26.544064386317906
0.2,2485,41,66003,26.549879324215606
0.2,2486,31,66034,26.55166867712103
0.2,2487,78,66112,26.572347266881028
0.2,2488,53,66165,26.582965046203295
0.2,2489,-38,66127,26.5570281124498
0.2,2490,72,66199,26.57527097551184
0.2,2491,93,66292,26.601926163723917
0.2,2492,28,66320,26.602486963497793
0.2,2493,23,66343,26.601042502004812
0.2,2494,84,66427,26.624048096192386
0.2,2495,93,66520,26.650641025641026
0.2,2496,91,66611,26.67641169403284
0.2,2497,86,66697,26.700160128102482
0.2,2498,-105,66592,26.647458983593438
0.2,2499,-154,66438,26.5752
0.2,2500,78,66516,26.595761695321873
0.2,2501,56,66572,26.607513988808954
0.2,2502,84,66656,26.630443467838592
0.2,2503,35,66691,26.63378594249201
0.2,2504,-73,66618,26.594011976047906
0.2,2505,45,66663,26.601356743814843
0.2,2506,-37,66626,26.575987235739927
0.2,2507,72,66698,26.594098883572567
0.2,2508,87,66785,26.618174571542447
0.2,2509,17,66802,26.61434262948207
0.2,2510,78,66880,26.634806849860613
0.2,2511,6,66886,26.626592356687897
0.2,2512,4,66890,26.61758853959411
0.2,2513,-28,66862,26.595863166268895
0.2,2514,21,66883,26.593638170974156
0.2,2515,88,66971,26.61804451510334
0.2,2516,84,67055,26.64084227254668
0.2,2517,41,67096,26.646544876886416
0.2,2518,91,67187,26.6720921000397
0.2,2519,92,67279,26.698015873015873
0.2,2520,74,67353,26.716779055930186
0.2,2521,93,67446,26.743061062648692
0.2,2522,86,67532,26.766547760602457
0.2,2523,40,67572,26.771790808240887
0.2,2524,87,67659,26.795643564356435
0.2,2525,90,67749,26.820665083135392
0.2,2526,81,67830,26.842105263157894
0.2,2527,87,67917,26.865901898734176
0.2,2528,-92,67825,26.818900751285092
0.2,2529,-59,67766,26.78498023715415
0.2,2530,84,67850,26.807585934413275
0.2,2531,-72,67778,26.76856240126382
0.2,2532,94,67872,26.79510461902882
0.2,2533,85,67957,26.818074191002367
0.2,2534,40,67997,26.8232741617357
0.2,2535,-5,67992,26.810725552050474
0.2,2536,-257,67735,26.698856917619235
0.2,2537,90,67825,26.72379826635146
0.2,2538,-76,67749,26.68333989759748
0.2,2539,88,67837,26.70748031496063
0.2,2540,79,67916,26.72805981896891
0.2,2541,76,67992,26.74744295830055
0.2,2542,-32,67960,26.724341329138813
0.2,2543,73,68033,26.74253144654088
0.2,2544,87,68120,26.76620825147348
0.2,2545,84,68204,26.788688138256088
0.2,2546,-5,68199,26.776207302709068
0.2,2547,10,68209,26.76962323390895
0.2,2548,48,68257,26.77795213809337
0.2,2549,94,68351,26.804313725490196
0.2,2550,-404,67947,26.63543708349667
0.2,2551,-92,67855,26.58894984326019
0.2,2552,-65,67790,26.55307481394438
0.2,2553,30,67820,26.554424432263115
0.2,2554,70,67890,26.571428571428573
0.2,2555,93,67983,26.597417840375588
0.2,2556,91,68074,26.622604614782947
0.2,2557,80,68154,26.64347146207975
0.2,2558,90,68244,26.66822977725674
0.2,2559,-97,68147,26.619921875
0.2,2560,-11,68136,26.605232331120657
0.2,2561,92,68228,26.630757220921154
0.2,2562,19,68247,26.627779945376513
0.2,2563,91,68338,26.652886115444616
0.2,2564,52,68390,26.662768031189085
0.2,2565,91,68481,26.68784099766173
0.2,2566,38,68519,26.692247760031165
0.2,2567,0,68519,26.681853582554517
0.2,2568,36,68555,26.685480731802258
0.2,2569,84,68639,26.707782101167314
0.2,2570,88,68727,26.731621936989498
0.2,2571,52,68779,26.74144634525661
0.2,2572,56,68835,26.752817722502915
0.2,2573,82,68917,26.774281274281275
0.2,2574,89,69006,26.798446601941748
0.2,2575,-221,68785,26.70225155279503
0.2,2576,92,68877,26.727590221187427
0.2,2577,74,68951,26.745927075252133
0.2,2578,36,68987,26.74951531601396
0.2,2579,57,69044,26.76124031007752
0.2,2580,-49,68995,26.731886865555985
0.2,2581,89,69084,26.756003098373355
0.2,2582,-114,68970,26.70150987224158
0.2,2583,-56,68914,26.66950464396285
0.2,2584,-44,68870,26.642166344294004
0.2,2585,-60,68810,26.608662026295438
0.2,2586,94,68904,26.634712021646695
0.2,2587,90,68994,26.65919629057187
0.2,2588,46,69040,26.666666666666668
0.2,2589,82,69122,26.688030888030887
0.2,2590,91,69213,26.71285218062524
0.2,2591,-316,68897,26.580632716049383
0.2,2592,74,68971,26.59892016968762
0.2,2593,8,68979,26.591750192752507
0.2,2594,94,69073,26.61772639691715
0.2,2595,66,69139,26.632896764252695
0.2,2596,60,69199,26.645745090489026
0.2,2597,49,69248,26.654349499615087
0.2,2598,-28,69220,26.63332050788765
0.2,2599,10,69230,26.626923076923077
0.2,2600,-152,69078,26.558246828143023
0.2,2601,86,69164,26.58109146810146
0.2,2602,-212,68952,26.489435266999617
0.2,2603,93,69045,26.514976958525345
0.2,2604,44,69089,26.52168905950096
0.2,2605,-99,68990,26.473522640061397
0.2,2606,66,69056,26.48868431146912
0.2,2607,-130,68926,26.428680981595093
0.2,2608,-46,68880,26.400919892679187
0.2,2609,83,68963,26.422605363984676
0.2,2610,70,69033,26.43929528916124
0.2,2611,74,69107,26.45750382848392
0.2,2612,57,69164,26.469192499043245
0.2,2613,90,69254,26.493496557000764
0.2,2614,76,69330,26.512428298279158
0.2,2615,30,69360,26.513761467889907
0.2,2616,57,69417,26.525410775697363
0.2,2617,61,69478,26.53857906799083
0.2,2618,-28,69450,26.517754868270334
0.2,2619,47,69497,26.52557251908397
0.2,2620,-216,69281,26.433040824112933
0.2,2621,-36,69245,26.40922959572845
0.2,2622,-123,69122,26.352268394967595
0.2,2623,-36,69086,26.328506097560975
0.2,2624,82,69168,26.349714285714285
0.2,2625,78,69246,26.36938309215537
0.2,2626,-94,69152,26.323562999619337
0.2,2627,17,69169,26.320015220700153
0.2,2628,37,69206,26.324077596044123
0.2,2629,-178,69028,26.246387832699618
0.2,2630,88,69116,26.269859369061194
0.2,2631,12,69128,26.264437689969604
0.2,2632,23,69151,26.2631978731485
0.2,2633,-3,69148,26.25208807896735
0.2,2634,9,69157,26.245540796963947
0.2,2635,-4,69153,26.234066767830047
0.2,2636,31,69184,26.23587409935533
0.2,2637,31,69215,26.23768006065201
0.2,2638,34,69249,26.240621447518
0.2,2639,88,69337,26.264015151515153
0.2,2640,29,69366,26.265051117001136
0.2,2641,75,69441,26.283497350492052
0.2,2642,91,69532,26.30798335225123
0.2,2643,91,69623,26.332450832072617
0.2,2644,75,69698,26.35085066162571
0.2,2645,33,69731,26.353363567649282
0.2,2646,58,69789,26.365319229316206
0.2,2647,88,69877,26.388595166163142
0.2,2648,-18,69859,26.371838429596075
0.2,2649,49,69908,26.380377358490566
0.2,2650,60,69968,26.393059222934742
0.2,2651,88,70056,26.41628959276018
0.2,2652,53,70109,26.426309837919337
0.2,2653,68,70177,26.44197437829691
0.2,2654,84,70261,26.463653483992466
0.2,2655,93,70354,26.488704819277107
0.2,2656,84,70438,26.510350018818215
0.2,2657,86,70524,26.532731376975168
0.2,2658,40,70564,26.537796163971418
0.2,2659,67,70631,26.553007518796992
0.2,2660,63,70694,26.566704246523862
0.2,2661,64,70758,26.58076634109692
0.2,2662,27,70785,26.580923770184004
0.2,2663,85,70870,26.602852852852852
0.2,2664,-3,70867,26.59174484052533
0.2,2665,23,70890,26.59039759939985
0.2,2666,93,70983,26.61529808773903
0.2,2667,79,71062,26.634932533733135
0.2,2668,13,71075,26.629823904083928
0.2,2669,53,71128,26.639700374531834
0.2,2670,91,71219,26.663796330962185
0.2,2671,89,71308,26.687125748502993
0.2,2672,44,71352,26.693602693602692
0.2,2673,-165,71187,26.62191473448018
0.2,2674,-99,71088,26.574953271028036
0.2,2675,53,71141,26.584828101644245
0.2,2676,-6,71135,26.572655958162123
0.2,2677,47,71182,26.580283793876028
0.2,2678,-99,71083,26.533407988055245
0.2,2679,85,71168,26.555223880597016
0.2,2680,37,71205,26.55911973144349
0.2,2681,84,71289,26.58053691275168
0.2,2682,37,71326,26.584420424897502
0.2,2683,70,71396,26.60059612518629
0.2,2684,70,71466,26.616759776536313
0.2,2685,58,71524,26.628443782576323
0.2,2686,-56,71468,26.597692593970972
0.2,2687,5,71473,26.589657738095237
0.2,2688,94,71567,26.61472666418743
0.2,2689,-169,71398,26.54200743494424
0.2,2690,81,71479,26.562244518766256
0.2,2691,6,71485,26.554606240713223
0.2,2692,88,71573,26.5774229483847
0.2,2693,-34,71539,26.55493689680772
0.2,2694,80,71619,26.574768089053805
0.2,2695,85,71704,26.596439169139465
0.2,2696,92,71796,26.620689655172413
0.2,2697,88,71884,26.643439584877687
0.2,2698,1,71885,26.633938495739162
0.2,2699,60,71945,26.646296296296295
0.2,2700,-32,71913,26.624583487597185
0.2,2701,0,71913,26.614729829755735
0.2,2702,27,71940,26.614872364039957
0.2,2703,80,72020,26.634615384615383
0.2,2704,80,72100,26.6543438077634
0.2,2705,90,72190,26.677753141167777
0.2,2706,90,72280,26.701145179165128
0.2,2707,-151,72129,26.635524372230428
0.2,2708,90,72219,26.65891472868217
0.2,2709,-114,72105,26.6070110701107
0.2,2710,52,72157,26.616377720398376
0.2,2711,45,72202,26.62315634218289
0.2,2712,72,72274,26.63988204939182
0.2,2713,-112,72162,26.58879882092852
0.2,2714,-284,71878,26.4744014732965
0.2,2715,13,71891,26.46944035346097
0.2,2716,88,71979,26.492086860507914
0.2,2717,90,72069,26.515452538631347
0.2,2718,18,72087,26.512320706141963
0.2,2719,-148,71939,26.448161764705883
0.2,2720,-72,71867,26.411980889378906
0.2,2721,60,71927,26.424320352681853
0.2,2722,93,72020,26.44876973925817
0.2,2723,-41,71979,26.424008810572687
0.2,2724,2,71981,26.415045871559634
0.2,2725,-70,71911,26.379677182685253
0.2,2726,28,71939,26.38027136046938
0.2,2727,-76,71863,26.342741935483872
0.2,2728,92,71955,26.366801026016855
0.2,2729,25,71980,26.366300366300365
0.2,2730,83,72063,26.387037715122666
0.2,2731,74,72137,26.40446559297218
0.2,2732,34,72171,26.407244785949505
0.2,2733,-41,72130,26.382589612289685
0.2,2734,61,72191,26.39524680073126
0.2,2735,93,72284,26.419590643274855
0.2,2736,19,72303,26.41687979539642
0.2,2737,92,72395,26.44083272461651
0.2,2738,20,72415,26.43848119751734
0.2,2739,-78,72337,26.400364963503648
0.2,2740,94,72431,26.42502736227654
0.2,2741,64,72495,26.438730853391686
0.2,2742,80,72575,26.458257382428
0.2,2743,77,72652,26.47667638483965
0.2,2744,88,72740,26.499089253187613
0.2,2745,91,72831,26.52257829570284
0.2,2746,75,72906,26.54022570076447
0.2,2747,93,72999,26.564410480349345
0.2,2748,89,73088,26.587122590032738
0.2,2749,90,73178,26.610181818181818
0.2,2750,89,73267,26.632860777898944
0.2,2751,72,73339,26.64934593023256
0.2,2752,83,73422,26.66981474754813
0.2,2753,22,73444,26.668119099491648
0.2,2754,-5,73439,26.656624319419237
0.2,2755,87,73526,26.678519593613935
0.2,2756,-164,73362,26.60935799782372
0.2,2757,81,73443,26.62907904278463
0.2,2758,91,73534,26.652410293584634
0.2,2759,78,73612,26.671014492753624
0.2,2760,20,73632,26.66859833393698
0.2,2761,76,73708,26.686459087617667
0.2,2762,27,73735,26.686572566051392
0.2,2763,46,73781,26.69356005788712
0.2,2764,-313,73468,26.570705244122966
0.2,2765,-137,73331,26.511569052783802
0.2,2766,73,73404,26.528370075894472
0.2,2767,88,73492,26.55057803468208
0.2,2768,86,73578,26.57204767063922
0.2,2769,-41,73537,26.54765342960289
0.2,2770,-410,73127,26.390111872970046
0.2,2771,73,73200,26.406926406926406
0.2,2772,62,73262,26.419761990623872
0.2,2773,-28,73234,26.400144196106705
0.2,2774,56,73290,26.410810810810812
0.2,2775,61,73351,26.423270893371757
0.2,2776,92,73443,26.446885127835795
0.2,2777,92,73535,26.470482361411086
0.2,2778,92,73627,26.49406261245052
0.2,2779,92,73719,26.517625899280574
0.2,2780,7,73726,26.510607695073716
0.2,2781,-53,73673,26.482027318475918
0.2,2782,71,73744,26.49802371541502
0.2,2783,23,73767,26.49676724137931
0.2,2784,71,73838,26.51274685816876
0.2,2785,-107,73731,26.464824120603016
0.2,2786,23,73754,26.463580911374237
0.2,2787,-79,73675,26.425753228120517
0.2,2788,37,73712,26.42954463965579
0.2,2789,-16,73696,26.414336917562725
0.2,2790,-256,73440,26.313149408814045
0.2,2791,-2,73438,26.303008595988537
0.2,2792,71,73509,26.319011815252416
0.2,2793,86,73595,26.340372226198998
0.2,2794,-163,73432,26.27262969588551
0.2,2795,-37,73395,26.25
0.2,2796,-52,73343,26.222023596710763
0.2,2797,-4,73339,26.21122230164403
0.2,2798,-5,73334,26.200071454090747
0.2,2799,83,73417,26.220357142857143
0.2,2800,84,73501,26.240985362370584
0.2,2801,76,73577,26.2587437544611
0.2,2802,1,73578,26.24973242953978
0.2,2803,-2,73576,26.23965763195435
0.2,2804,84,73660,26.260249554367203
0.2,2805,88,73748,26.282252316464717
0.2,2806,77,73825,26.30032062700392
0.2,2807,82,73907,26.320156695156694
0.2,2808,38,73945,26.32431470274119
0.2,2809,80,74025,26.343416370106763
0.2,2810,70,74095,26.35894699395233
0.2,2811,22,74117,26.357396870554766
0.2,2812,5,74122,26.349804479203698
0.2,2813,-91,74031,26.30810234541578
0.2,2814,-105,73926,26.26145648312611
0.2,2815,87,74013,26.283025568181817
0.2,2816,56,74069,26.29357472488463
0.2,2817,-19,74050,26.27750177430802
0.2,2818,12,74062,26.272437034409364
0.2,2819,93,74155,26.29609929078014
0.2,2820,92,74247,26.319390287132222
0.2,2821,90,74337,26.341956059532247
0.2,2822,15,74352,26.337938363443147
0.2,2823,53,74405,26.347379603399432
0.2,2824,-84,74321,26.308318584070797
0.2,2825,39,74360,26.312809624911537
0.2,2826,80,74440,26.33180049522462
0.2,2827,49,74489,26.33981612446959
0.2,2828,30,74519,26.34110993283846
0.2,2829,17,74536,26.337809187279152
0.2,2830,30,74566,26.33910279053338
0.2,2831,30,74596,26.34039548022599
0.2,2832,83,74679,26.36039534062831
0.2,2833,68,74747,26.375088214537755
0.2,2834,87,74834,26.39647266313933
0.2,2835,7,74841,26.38963328631876
0.2,2836,91,74932,26.41240747268241
0.2,2837,90,75022,26.434813248766737
0.2,2838,-42,74980,26.41070799577316
0.2,2839,93,75073,26.434154929577463
0.2,2840,2,75075,26.42555438225977
0.2,2841,68,75143,26.44018296973962
0.2,2842,75,75218,26.457263454097784
0.2,2843,-32,75186,26.436708860759495
0.2,2844,85,75271,26.457293497363796
0.2,2845,44,75315,26.463457484188336
0.2,2846,77,75392,26.481208289427467
0.2,2847,91,75483,26.503862359550563
0.2,2848,87,75570,26.525096525096526
0.2,2849,77,75647,26.54280701754386
0.2,2850,92,75739,26.565766397755173
0.2,2851,78,75817,26.583800841514726
0.2,2852,4,75821,26.57588503329828
0.2,2853,60,75881,26.58759635599159
0.2,2854,-154,75727,26.524343257443082
0.2,2855,52,75779,26.53326330532213
0.2,2856,37,75816,26.53692684634232
0.2,2857,63,75879,26.54968509447166
0.2,2858,58,75937,26.560685554389647
0.2,2859,73,76010,26.576923076923077
0.2,2860,-70,75940,26.543166724921356
0.2,2861,76,76016,26.56044723969252
0.2,2862,74,76090,26.577017114914426
0.2,2863,73,76163,26.59322625698324
0.2,2864,59,76222,26.604537521815008
0.2,2865,64,76286,26.61758548499651
0.2,2866,80,76366,26.636205092431112
0.2,2867,80,76446,26.65481171548117
0.2,2868,89,76535,26.67654234925061
0.2,2869,88,76623,26.697909407665506
0.2,2870,-97,76526,26.654824103099966
0.2,2871,91,76617,26.677228412256266
0.2,2872,-62,76555,26.64636268708667
0.2,2873,52,76607,26.65518441196938
0.2,2874,52,76659,26.664
0.2,2875,10,76669,26.658205841446453
0.2,2876,46,76715,26.664928745220717
0.2,2877,81,76796,26.683808200138987
0.2,2878,71,76867,26.699201111497047
0.2,2879,93,76960,26.72222222222222
0.2,2880,74,77034,26.738632419298856
0.2,2881,-32,77002,26.71825121443442
0.2,2882,79,77081,26.73638570933056
0.2,2883,89,77170,26.757975034674065
0.2,2884,90,77260,26.779896013864818
0.2,2885,-134,77126,26.724185724185723
0.2,2886,-25,77101,26.706269483893315
0.2,2887,87,77188,26.72714681440443
0.2,2888,71,77259,26.74247144340602
0.2,2889,30,77289,26.743598615916955
0.2,2890,55,77344,26.75337253545486
0.2,2891,-19,77325,26.737551867219917
0.2,2892,33,77358,26.73971655720705
0.2,2893,72,77430,26.755355908776778
0.2,2894,49,77479,26.763039723661485
0.2,2895,94,77573,26.786256906077348
0.2,2896,-48,77525,26.760441836382466
0.2,2897,-39,77486,26.73775017253278
0.2,2898,89,77575,26.759227319765436
0.2,2899,45,77620,26.76551724137931
0.2,2900,-166,77454,26.699069286452946
0.2,2901,-119,77335,26.648862853204687
0.2,2902,92,77427,26.671374440234242
0.2,2903,17,77444,26.668044077134986
0.2,2904,90,77534,26.68984509466437
0.2,2905,54,77588,26.69924294562973
0.2,2906,34,77622,26.70175438596491
0.2,2907,-13,77609,26.688101788170563
0.2,2908,38,77647,26.69199037469921
0.2,2909,-4,77643,26.68144329896907
0.2,2910,91,77734,26.703538302988665
0.2,2911,53,77787,26.712568681318682
0.2,2912,68,77855,26.726742190181945
0.2,2913,92,77947,26.74914207275223
0.2,2914,93,78040,26.77186963979417
0.2,2915,-44,77996,26.747599451303156
0.2,2916,72,78068,26.763112787110046
0.2,2917,-108,77960,26.716929403701165
0.2,2918,94,78054,26.739979445015415
0.2,2919,-143,77911,26.681849315068494
0.2,2920,2,77913,26.673399520712085
0.2,2921,11,77924,26.66803559206023
0.2,2922,92,78016,26.690386589120767
0.2,2923,-62,77954,26.660054719562243
0.2,2924,58,78012,26.67076923076923
0.2,2925,-361,77651,26.538277511961724
0.2,2926,93,77744,26.560983942603347
0.2,2927,90,77834,26.582650273224044
0.2,2928,-14,77820,26.568794810515534
0.2,2929,60,77880,26.580204778156997
0.2,2930,88,77968,26.60116001364722
0.2,2931,91,78059,26.6231241473397
0.2,2932,42,78101,26.62836685987044
0.2,2933,-27,78074,26.610088616223585
0.2,2934,93,78167,26.632708688245316
0.2,2935,25,78192,26.632152588555858
0.2,2936,25,78217,26.631596867551924
0.2,2937,68,78285,26.64567733151804
0.2,2938,-68,78217,26.613473970738347
0.2,2939,45,78262,26.61972789115646
0.2,2940,64,78326,26.632437946276777
0.2,2941,82,78408,26.6512576478586
0.2,2942,27,78435,26.65137614678899
0.2,2943,16,78451,26.647758152173914
0.2,2944,36,78487,26.6509337860781
0.2,2945,-131,78356,26.597420230821452
0.2,2946,91,78447,26.619273837801153
0.2,2947,32,78479,26.62109905020353
0.2,2948,15,78494,26.617158358765682
0.2,2949,25,78519,26.616610169491526
0.2,2950,-41,78478,26.59369705184683
0.2,2951,87,78565,26.614159891598916
0.2,2952,43,78608,26.619708770741617
0.2,2953,93,78701,26.64218009478673
0.2,2954,73,78774,26.65786802030457
0.2,2955,-49,78725,26.632273342354534
0.2,2956,83,78808,26.651335813324316
0.2,2957,72,78880,26.666666666666668
0.2,2958,74,78954,26.68266306184522
0.2,2959,-18,78936,26.667567567567566
0.2,2960,89,79025,26.688618709895305
0.2,2961,88,79113,26.709318028359217
0.2,2962,25,79138,26.70874114073574
0.2,2963,67,79205,26.722334682861
0.2,2964,-61,79144,26.692748735244518
0.2,2965,-17,79127,26.67801753202967
0.2,2966,-133,78994,26.624199528142906
0.2,2967,-55,78939,26.596698113207548
0.2,2968,75,79014,26.613001010441227
0.2,2969,0,79014,26.604040404040404
0.2,2970,47,79061,26.610905419050823
0.2,2971,36,79097,26.61406460296097
0.2,2972,86,79183,26.634039690548267
0.2,2973,82,79265,26.652656355077337
0.2,2974,-70,79195,26.620168067226892
0.2,2975,79,79274,26.6377688172043
0.2,2976,62,79336,26.649647295935505
0.2,2977,34,79370,26.65211551376763
0.2,2978,84,79454,26.67136623027862
0.2,2979,-139,79315,26.61577181208054
0.2,2980,71,79386,26.630660852063066
0.2,2981,83,79469,26.6495640509725
0.2,2982,82,79551,26.668119342943346
0.2,2983,93,79644,26.69034852546917
0.2,2984,11,79655,26.685092127303182
0.2,2985,93,79748,26.7073007367716
0.2,2986,71,79819,26.72212922664881
0.2,2987,94,79913,26.744645247657296
0.2,2988,55,79968,26.75409836065574
0.2,2989,94,80062,26.776588628762543
0.2,2990,91,80153,26.79806084921431
0.2,2991,16,80169,26.794451871657753
0.2,2992,12,80181,26.78950885399265
0.2,2993,65,80246,26.802271209084836
0.2,2994,-344,79902,26.678464106844743
0.2,2995,71,79973,26.693257676902537
0.2,2996,88,80061,26.713713713713712
0.2,2997,79,80140,26.731154102735157
0.2,2998,-66,80074,26.700233411137045
0.2,2999,-68,80006,26.668666666666667
0.2,3000,23,80029,26.667444185271577
0.2,3001,-61,79968,26.63824117255163
0.2,3002,36,80004,26.641358641358643
0.2,3003,75,80079,26.65745672436751
0.2,3004,11,80090,26.6522462562396
0.2,3005,89,80179,26.6729873586161
0.2,3006,2,80181,26.664782174925175
0.2,3007,92,80273,26.68650265957447
0.2,3008,74,80347,26.702226653373213
0.2,3009,60,80407,26.71328903654485
0.2,3010,-159,80248,26.65161076054467
0.2,3011,88,80336,26.671978751660028
0.2,3012,82,80418,26.690341851974775
0.2,3013,59,80477,26.701061712010617
0.2,3014,24,80501,26.700165837479272
0.2,3015,86,80587,26.719827586206897
0.2,3016,91,80678,26.741133576400397
0.2,3017,53,80731,26.74983432736912
0.2,3018,-54,80677,26.72308711493872
0.2,3019,38,80715,26.72682119205298
0.2,3020,51,80766,26.73485600794439
0.2,3021,76,80842,26.7511581733951
0.2,3022,86,80928,26.770757525636785
0.2,3023,88,81016,26.79100529100529
0.2,3024,59,81075,26.801652892561982
0.2,3025,-220,80855,26.72009253139458
0.2,3026,88,80943,26.74033696729435
0.2,3027,71,81014,26.754953764861295
0.2,3028,-156,80858,26.694618686034996
0.2,3029,85,80943,26.713861386138614
0.2,3030,86,81029,26.73342131309799
0.2,3031,-15,81014,26.71965699208443
0.2,3032,79,81093,26.736894164193867
0.2,3033,-147,80946,26.679630850362557
0.2,3034,91,81037,26.700823723228996
0.2,3035,-168,80869,26.6366930171278
0.2,3036,20,80889,26.63450773789924
0.2,3037,54,80943,26.64351547070441
0.2,3038,93,81036,26.665350444225073
0.2,3039,78,81114,26.68223684210526
0.2,3040,64,81178,26.69450838539954
0.2,3041,-39,81139,26.67291255752794
0.2,3042,42,81181,26.67794939204732
0.2,3043,90,81271,26.69875164257556
0.2,3044,-50,81221,26.673563218390804
0.2,3045,91,81312,26.69468154957321
0.2,3046,-44,81268,26.67148014440433
0.2,3047,9,81277,26.665682414698164
0.2,3048,44,81321,26.67136766152837
0.2,3049,-129,81192,26.62032786885246
0.2,3050,66,81258,26.633235004916422
0.2,3051,94,81352,26.655307994757536
0.2,3052,52,81404,26.663609564362922
0.2,3053,91,81495,26.68467583497053
0.2,3054,90,81585,26.70540098199673
0.2,3055,73,81658,26.720549738219894
0.2,3056,80,81738,26.737978410206086
0.2,3057,68,81806,26.7514715500327
0.2,3058,73,81879,26.766590389016017
0.2,3059,-215,81664,26.687581699346406
0.2,3060,80,81744,26.70499836654688
0.2,3061,24,81768,26.70411495754409
0.2,3062,-58,81710,26.676460985961477
0.2,3063,90,81800,26.697127937336816
0.2,3064,85,81885,26.71615008156607
0.2,3065,15,81900,26.71232876712329
0.2,3066,94,81994,26.734268014346267
0.2,3067,74,82068,26.7496740547588
0.2,3068,5,82073,26.742587161942
0.2,3069,-53,82020,26.71661237785016
0.2,3070,77,82097,26.73298599804624
0.2,3071,17,82114,26.729817708333332
0.2,3072,13,82127,26.7253498210218
0.2,3073,90,82217,26.745933636955108
0.2,3074,72,82289,26.760650406504066
0.2,3075,52,82341,26.76885565669701
0.2,3076,-53,82288,26.742931426714332
0.2,3077,-170,82118,26.679012345679013
0.2,3078,87,82205,26.698603442676195
0.2,3079,78,82283,26.71525974025974
0.2,3080,89,82372,26.735475494969165
0.2,3081,35,82407,26.738157040882545
0.2,3082,19,82426,26.735647096983456
0.2,3083,1,82427,26.727302204928662
0.2,3084,-10,82417,26.715397082658022
0.2,3085,92,82509,26.73655217109527
0.2,3086,93,82602,26.75801749271137
0.2,3087,-37,82565,26.737370466321245
0.2,3088,53,82618,26.74587245063127
0.2,3089,-177,82441,26.679935275080908
0.2,3090,18,82459,26.677127143319314
0.2,3091,-40,82419,26.65556274256145
0.2,3092,-113,82306,26.610410604591014
0.2,3093,-100,82206,26.569489334195218
0.2,3094,-98,82108,26.52924071082391
0.2,3095,57,82165,26.539082687338503
0.2,3096,25,82190,26.53858572812399
0.2,3097,74,82264,26.55390574564235
0.2,3098,-6,82258,26.543401097128108
0.2,3099,17,82275,26.54032258064516
0.2,3100,85,82360,26.55917445985166
0.2,3101,-121,82239,26.511605415860735
0.2,3102,89,82328,26.531743474057365
0.2,3103,90,82418,26.552190721649485
0.2,3104,50,82468,26.559742351046697
0.2,3105,83,82551,26.577913715389567
0.2,3106,23,82574,26.576762149983907
0.2,3107,51,82625,26.584620334620336
0.2,3108,84,82709,26.603087809585077
0.2,3109,71,82780,26.617363344051448
0.2,3110,40,82820,26.62166505946641
0.2,3111,-177,82643,26.556233933161955
0.2,3112,93,82736,26.57757789913267
0.2,3113,72,82808,26.592164418754013
0.2,3114,82,82890,26.609951845906902
0.2,3115,-40,82850,26.588575096277278
0.2,3116,93,82943,26.60988129611806
0.2,3117,83,83026,26.62796664528544
0.2,3118,17,83043,26.62487976915678
0.2,3119,76,83119,26.640705128205127
0.2,3120,92,83211,26.661646908042293
0.2,3121,-103,83108,26.62011531069827
0.2,3122,61,83169,26.631123919308358
0.2,3123,59,83228,26.641485275288094
0.2,3124,73,83301,26.65632
0.2,3125,94,83395,26.67786308381318
0.2,3126,-21,83374,26.662615925807483
0.2,3127,93,83467,26.683823529411764
0.2,3128,75,83542,26.69926494087568
0.2,3129,0,83542,26.69073482428115
0.2,3130,44,83586,26.696263174704566
0.2,3131,5,83591,26.68933588761175
0.2,3132,71,83662,26.70347909352059
0.2,3133,87,83749,26.72271857051691
0.2,3134,59,83808,26.733014354066984
0.2,3135,-73,83735,26.701211734693878
0.2,3136,-108,83627,26.658272234619062
0.2,3137,64,83691,26.67017208413002
0.2,3138,50,83741,26.677604332589997
0.2,3139,82,83823,26.695222929936307
0.2,3140,44,83867,26.700732250875518
0.2,3141,35,83902,26.70337364735837
0.2,3142,24,83926,26.702513522112632
0.2,3143,47,83973,26.708969465648856
0.2,3144,0,83973,26.700476947535773
0.2,3145,-167,83806,26.638906547997458
0.2,3146,21,83827,26.63711471242453
0.2,3147,61,83888,26.64803049555273
0.2,3148,16,83904,26.64464909495078
0.2,3149,80,83984,26.6615873015873
0.2,3150,72,84056,26.6759758806728
0.2,3151,67,84123,26.688769035532996
0.2,3152,-6,84117,26.678401522359657
0.2,3153,62,84179,26.689600507292326
0.2,3154,-30,84149,26.6716323296355
0.2,3155,-9,84140,26.660329531051964
0.2,3156,91,84231,26.68070953436807
0.2,3157,-12,84219,26.66846105129829
0.2,3158,-36,84183,26.648622981956315
0.2,3159,-16,84167,26.63512658227848
0.2,3160,90,84257,26.655172413793103
0.2,3161,89,84346,26.674889310562936
0.2,3162,93,84439,26.695858362314258
0.2,3163,75,84514,26.711125158027812
0.2,3164,71,84585,26.725118483412324
0.2,3165,4,84589,26.7179406190777
0.2,3166,61,84650,26.728765393116515
0.2,3167,57,84707,26.738320707070706
0.2,3168,44,84751,26.743767750078888
0.2,3169,-75,84676,26.711671924290222
0.2,3170,85,84761,26.730053610848312
0.2,3171,87,84848,26.74905422446406
0.2,3172,-39,84809,26.728332808068075
0.2,3173,83,84892,26.746061751732828
0.2,3174,-118,84774,26.700472440944882
0.2,3175,69,84843,26.713790931989923
0.2,3176,-4,84839,26.704123386842934
0.2,3177,3,84842,26.696664568911267
0.2,3178,84,84926,26.71469015413652
0.2,3179,88,85014,26.733962264150943
0.2,3180,89,85103,26.753536623703237
0.2,3181,14,85117,26.749528598365806
0.2,3182,-8,85109,26.73861137291863
0.2,3183,-70,85039,26.70822864321608
0.2,3184,2,85041,26.700470957613813
0.2,3185,-76,84965,26.668236032642813
0.2,3186,90,85055,26.688107938500156
0.2,3187,-107,84948,26.646173149309913
0.2,3188,63,85011,26.657572906867358
0.2,3189,80,85091,26.674294670846393
0.2,3190,40,85131,26.67847069884049
0.2,3191,73,85204,26.69298245614035
0.2,3192,33,85237,26.69495772001253
0.2,3193,42,85279,26.69974953036944
0.2,3194,-20,85259,26.68513302034429
0.2,3195,89,85348,26.704630788485606
0.2,3196,86,85434,26.723177979355647
0.2,3197,61,85495,26.733896185115697
0.2,3198,0,85495,26.72553923100969
0.2,3199,21,85516,26.72375
0.2,3200,77,85593,26.73945641986879
0.2,3201,66,85659,26.751717676452216
0.2,3202,90,85749,26.771464252263502
0.2,3203,-182,85567,26.706304619225968
0.2,3204,79,85646,26.722620904836194
0.2,3205,92,85738,26.742981908920772
0.2,3206,89,85827,26.76239476145931
0.2,3207,94,85921,26.783354114713216
0.2,3208,17,85938,26.780305391087566
0.2,3209,-66,85872,26.75140186915888
0.2,3210,64,85936,26.76300218000623
0.2,3211,60,85996,26.7733499377335
0.2,3212,-219,85777,26.696856520385932
0.2,3213,74,85851,26.711574362165525
0.2,3214,-98,85753,26.672783825816484
0.2,3215,9,85762,26.66728855721393
0.2,3216,81,85843,26.684177805408765
0.2,3217,79,85922,26.700435052827842
0.2,3218,92,86014,26.72072072072072
0.2,3219,24,86038,26.719875776397515
0.2,3220,61,86099,26.73051847252406
0.2,3221,-64,86035,26.70235878336437
0.2,3222,92,86127,26.72261867825008
0.2,3223,42,86169,26.727357320099255
0.2,3224,41,86210,26.731782945736434
0.2,3225,88,86298,26.75077495350279
0.2,3226,-23,86275,26.7353579175705
0.2,3227,0,86275,26.727075588599753
0.2,3228,90,86365,26.746670795912046
0.2,3229,84,86449,26.764396284829722
0.2,3230,86,86535,26.78272980501393
0.2,3231,49,86584,26.78960396039604
0.2,3232,-38,86546,26.76956387256418
0.2,3233,-15,86531,26.75664811379097
0.2,3234,-169,86362,26.69613601236476
0.2,3235,-31,86331,26.678306551297897
0.2,3236,92,86423,26.69848625270312
0.2,3237,79,86502,26.714638665843115
0.2,3238,-29,86473,26.697437480703922
0.2,3239,-77,86396,26.665432098765432
0.2,3240,-44,86352,26.64362850971922
0.2,3241,93,86445,26.66409623689081
0.2,3242,90,86535,26.683626271970397
0.2,3243,15,86550,26.680024660912455
0.2,3244,89,86639,26.699229583975345
0.2,3245,80,86719,26.715650030807147
0.2,3246,93,86812,26.736064059131508
0.2,3247,-86,86726,26.701354679802957
0.2,3248,88,86814,26.7202216066482
0.2,3249,60,86874,26.730461538461537
0.2,3250,49,86923,26.737311596431866
0.2,3251,35,86958,26.739852398523986
0.2,3252,93,87051,26.76022133415309
0.2,3253,-122,86929,26.714505224339273
0.2,3254,68,86997,26.727188940092166
0.2,3255,60,87057,26.737407862407863
0.2,3256,-144,86913,26.684986183604543
0.2,3257,73,86986,26.699201964395336
0.2,3258,85,87071,26.717091132249156
0.2,3259,88,87159,26.735889570552146
0.2,3260,4,87163,26.72891750996627
0.2,3261,39,87202,26.732679337829552
0.2,3262,93,87295,26.752988047808763
0.2,3263,-98,87197,26.714767156862745
0.2,3264,87,87284,26.73323124042879
0.2,3265,-85,87199,26.699020208205756
0.2,3266,-85,87114,26.664830119375573
0.2,3267,83,87197,26.682068543451653
0.2,3268,10,87207,26.676965432854082
0.2,3269,93,87300,26.69724770642202
0.2,3270,94,87394,26.71782329562825
0.2,3271,37,87431,26.720965770171148
0.2,3272,90,87521,26.74029941949282
0.2,3273,-27,87494,26.723885155772756
0.2,3274,-20,87474,26.709618320610687
0.2,3275,-69,87405,26.68040293040293
0.2,3276,77,87482,26.695758315532498
0.2,3277,-126,87356,26.649176327028677
0.2,3278,-5,87351,26.639524245196707
0.2,3279,56,87407,26.648475609756098
0.2,3280,-24,87383,26.633038707711062
0.2,3281,88,87471,26.651736745886655
0.2,3282,-42,87429,26.630825464514164
0.2,3283,90,87519,26.65012180267966
0.2,3284,75,87594,26.6648401826484
0.2,3285,-13,87581,26.652769324406574
0.2,3286,90,87671,26.672041375114087
0.2,3287,79,87750,26.687956204379564
0.2,3288,74,87824,26.702341137123746
0.2,3289,92,87916,26.722188449848023
0.2,3290,88,88004,26.740808264965057
0.2,3291,64,88068,26.752126366950183
0.2,3292,68,88136,26.76465229274218
0.2,3293,43,88179,26.7695810564663
0.2,3294,84,88263,26.786949924127466
0.2,3295,-228,88035,26.709648058252426
0.2,3296,7,88042,26.70367000303306
0.2,3297,89,88131,26.72255912674348
0.2,3298,83,88214,26.73961806608063
0.2,3299,94,88308,26.76
0.2,3300,-118,88190,26.716146622235687
0.2,3301,-254,87936,26.63113264688068
0.2,3302,65,88001,26.642749016046018
0.2,3303,-154,87847,26.588075060532688
0.2,3304,-49,87798,26.56520423600605
0.2,3305,76,87874,26.580157289776164
0.2,3306,1,87875,26.572422134865437
0.2,3307,66,87941,26.584340991535672
0.2,3308,94,88035,26.60471441523119
0.2,3309,61,88096,26.615105740181267
0.2,3310,86,88182,26.633041377227425
0.2,3311,94,88276,26.653381642512077
0.2,3312,69,88345,26.66616359794748
0.2,3313,-33,88312,26.64815932407966
0.2,3314,45,88357,26.65369532428356
0.2,3315,-9,88348,26.64294330518697
0.2,3316,92,88440,26.66264697015375
0.2,3317,45,88485,26.668173598553345
0.2,3318,89,88574,26.686953901777645
0.2,3319,59,88633,26.69668674698795
0.2,3320,63,88696,26.707618187292983
0.2,3321,90,88786,26.726670680313063
0.2,3322,-52,88734,26.702979235630455
0.2,3323,89,88823,26.721720818291214
0.2,3324,1,88824,26.713984962406016
0.2,3325,36,88860,26.71677690920024
0.2,3326,-44,88816,26.695521490832583
0.2,3327,-108,88708,26.655048076923077
0.2,3328,60,88768,26.665064583959147
0.2,3329,88,88856,26.683483483483485
0.2,3330,90,88946,26.702491744220954
0.2,3331,-75,88871,26.671968787515006
0.2,3332,-132,88739,26.624362436243626
0.2,3333,50,88789,26.63137372525495
0.2,3334,55,88844,26.639880059970015
0.2,3335,-6,88838,26.63009592326139
0.2,3336,8,88846,26.624513035660772
0.2,3337,-113,88733,26.582684242061113
0.2,3338,83,88816,26.59958071278826
0.2,3339,30,88846,26.60059880239521
0.2,3340,45,88891,26.60610595630051
0.2,3341,33,88924,26.608019150209454
0.2,3342,94,89018,26.62817828297936
0.2,3343,71,89089,26.64144736842105
0.2,3344,76,89165,26.656203288490286
0.2,3345,4,89169,26.64943215780036
0.2,3346,92,89261,26.668957275171795
0.2,3347,87,89348,26.686977299880525
0.2,3348,92,89440,26.706479546133174
0.2,3349,12,89452,26.702089552238807
0.2,3350,39,89491,26.705759474783648
0.2,3351,-7,89484,26.695704057279237
0.2,3352,68,89552,26.708022666269013
0.2,3353,84,89636,26.72510435301133
0.2,3354,88,89724,26.743368107302533
0.2,3355,-31,89693,26.7261620977354
0.2,3356,93,89786,26.745904081024726
0.2,3357,43,89829,26.750744490768316
0.2,3358,93,89922,26.770467401012205
0.2,3359,91,90013,26.789583333333333
0.2,3360,-13,90000,26.77774471883368
0.2,3361,83,90083,26.79446757882213
0.2,3362,-118,89965,26.75141242937853
0.2,3363,77,90042,26.766349583828774
0.2,3364,93,90135,26.786032689450224
0.2,3365,80,90215,26.801841948900773
0.2,3366,-64,90151,26.774873774873775
0.2,3367,88,90239,26.793052256532068
0.2,3368,-5,90234,26.783615316117544
0.2,3369,83,90317,26.800296735905043
0.2,3370,49,90366,26.80688223079205
0.2,3371,1,90367,26.79922894424674
0.2,3372,18,90385,26.79662021938927
0.2,3373,-14,90371,26.78452874925904
0.2,3374,85,90456,26.80177777777778
0.2,3375,94,90550,26.821682464454977
0.2,3376,-31,90519,26.80456026058632
0.2,3377,54,90573,26.812611012433393
0.2,3378,7,90580,26.806747558449246
0.2,3379,22,90602,26.805325443786984
0.2,3380,85,90687,26.82253771073647
0.2,3381,5,90692,26.816085156712006
0.2,3382,-103,90589,26.77771208986107
0.2,3383,-37,90552,26.75886524822695
0.2,3384,89,90641,26.77725258493353
0.2,3385,93,90734,26.796810395747194
0.2,3386,44,90778,26.80188957779746
0.2,3387,-15,90763,26.789551357733178
0.2,3388,55,90818,26.797875479492475
0.2,3389,-72,90746,26.768731563421827
0.2,3390,86,90832,26.786198761427308
0.2,3391,65,90897,26.79746462264151
0.2,3392,44,90941,26.80253463012084
0.2,3393,69,91010,26.814967589864466
0.2,3394,93,91103,26.834462444771724
0.2,3395,40,91143,26.83833922261484
0.2,3396,-64,91079,26.811598469237563
0.2,3397,79,91158,26.826957033549146
0.2,3398,24,91182,26.8261253309797
0.2,3399,87,91269,26.843823529411765
0.2,3400,91,91360,26.862687444869156
0.2,3401,11,91371,26.858024691358025
0.2,3402,89,91460,26.876285630326183
0.2,3403,22,91482,26.874853113983548
0.2,3404,89,91571,26.89309838472834
0.2,3405,-71,91500,26.864357017028773
0.2,3406,88,91588,26.882301144702083
0.2,3407,76,91664,26.896713615023476
0.2,3408,89,91753,26.914931064828394
0.2,3409,80,91833,26.93049853372434
0.2,3410,38,91871,26.93374377015538
0.2,3411,81,91952,26.949589683470105
0.2,3412,-231,91721,26.874011133899796
0.2,3413,92,91813,26.893087287639133
0.2,3414,-45,91768,26.87203513909224
0.2,3415,-29,91739,26.855679156908664
0.2,3416,-16,91723,26.84313725490196
0.2,3417,-76,91647,26.81304856641311
0.2,3418,48,91695,26.81924539338988
0.2,3419,89,91784,26.837426900584795
0.2,3420,-47,91737,26.81584332066647
0.2,3421,-11,91726,26.80479251899474
0.2,3422,89,91815,26.82296231375986
0.2,3423,55,91870,26.831191588785046
0.2,3424,-16,91854,26.818686131386862
0.2,3425,21,91875,26.816987740805605
0.2,3426,67,91942,26.828713160198426
0.2,3427,35,91977,26.831096849474914
0.2,3428,23,92000,26.8299795858851
0.2,3429,-23,91977,26.815451895043733
0.2,3430,-14,91963,26.803555814631302
0.2,3431,88,92051,26.821386946386948
0.2,3432,74,92125,26.835129624235364
0.2,3433,-84,92041,26.802853814793245
0.2,3434,-18,92023,26.78981077147016
0.2,3435,45,92068,26.79511059371362
0.2,3436,32,92100,26.796624963631075
0.2,3437,75,92175,26.81064572425829
0.2,3438,53,92228,26.818261122419308
0.2,3439,91,92319,26.836918604651164
0.2,3440,93,92412,26.856146469049694
0.2,3441,78,92490,26.87100522951772
0.2,3442,-7,92483,26.861167586407202
0.2,3443,79,92562,26.87630662020906
0.2,3444,-50,92512,26.85399129172714
0.2,3445,62,92574,26.864190365641324
0.2,3446,21,92595,26.86248912097476
0.2,3447,-1,92594,26.854408352668212
0.2,3448,87,92681,26.87184691214845
0.2,3449,-232,92449,26.7968115942029
0.2,3450,42,92491,26.801217038539555
0.2,3451,-27,92464,26.785631517960603
0.2,3452,29,92493,26.78627280625543
0.2,3453,-63,92430,26.760277938621886
0.2,3454,92,92522,26.77916063675832
0.2,3455,-3,92519,26.77054398148148
0.2,3456,55,92574,26.778709864043968
0.2,3457,-153,92421,26.72672064777328
0.2,3458,25,92446,26.7262214512865
0.2,3459,47,92493,26.73208092485549
0.2,3460,83,92576,26.748338630453627
0.2,3461,76,92652,26.76256499133449
0.2,3462,-15,92637,26.750505342188852
0.2,3463,3,92640,26.74364896073903
0.2,3464,48,92688,26.74978354978355
0.2,3465,93,92781,26.768897864974033
0.2,3466,81,92862,26.784539948081914
0.2,3467,18,92880,26.782006920415224
0.2,3468,91,92971,26.800518881522052
0.2,3469,88,93059,26.818155619596542
0.2,3470,67,93126,26.82973206568712
0.2,3471,-63,93063,26.80385944700461
0.2,3472,-63,93000,26.778001727613013
0.2,3473,20,93020,26.776050662061024
0.2,3474,-117,92903,26.734676258992806
0.2,3475,7,92910,26.728998849252015
0.2,3476,89,92999,26.746908254242165
0.2,3477,34,93033,26.74899367452559
0.2,3478,91,93124,26.7674619143432
0.2,3479,37,93161,26.770402298850573
0.2,3480,43,93204,26.775064636598678
0.2,3481,45,93249,26.78029867892016
0.2,3482,23,93272,26.77921332184898
0.2,3483,-154,93118,26.72732491389208
0.2,3484,81,93199,26.7428981348637
0.2,3485,93,93292,26.761904761904763
0.2,3486,90,93382,26.780040149125323
0.2,3487,41,93423,26.784116972477065
0.2,3488,-9,93414,26.773860705073087
0.2,3489,85,93499,26.79054441260745
0.2,3490,85,93584,26.807218562016615
0.2,3491,61,93645,26.817010309278352
0.2,3492,-7,93638,26.80732894360149
0.2,3493,34,93672,26.809387521465368
0.2,3494,86,93758,26.826323319027182
0.2,3495,4,93762,26.819794050343248
0.2,3496,23,93785,26.818701744352303
0.2,3497,2,93787,26.81160663236135
0.2,3498,34,93821,26.813661046013145
0.2,3499,-3,93818,26.805142857142858
0.2,3500,84,93902,26.821479577263638
0.2,3501,45,93947,26.826670474014847
0.2,3502,90,94037,26.8447045389666
0.2,3503,-103,93934,26.807648401826484
0.2,3504,90,94024,26.82567760342368
0.2,3505,88,94112,26.84312606959498
0.2,3506,64,94176,26.853721129170232
0.2,3507,49,94225,26.860034207525654
0.2,3508,-9,94216,26.849814762040467
0.2,3509,0,94216,26.842165242165244
0.2,3510,81,94297,26.8575904300769
0.2,3511,85,94382,26.874145785876994
0.2,3512,-115,94267,26.833760318815827
0.2,3513,76,94343,26.847751849743883
0.2,3514,-42,94301,26.828165007112375
0.2,3515,-30,94271,26.812002275312857
0.2,3516,83,94354,26.82797839067387
0.2,3517,38,94392,26.83115406480955
0.2,3518,-184,94208,26.77124183006536
0.2,3519,6,94214,26.76534090909091
0.2,3520,-99,94115,26.72962226640159
0.2,3521,66,94181,26.74077228847246
0.2,3522,92,94273,26.759296054499007
0.2,3523,71,94344,26.771850170261068
0.2,3524,82,94426,26.787517730496454
0.2,3525,14,94440,26.7838910947249
0.2,3526,-188,94252,26.722994045931387
0.2,3527,23,94275,26.721938775510203
0.2,3528,52,94327,26.729101728534996
0.2,3529,74,94401,26.742492917847027
0.2,3530,-13,94388,26.731237609742283
0.2,3531,43,94431,26.735843714609288
0.2,3532,93,94524,26.754599490517972
0.2,3533,-53,94471,26.73203169213356
0.2,3534,70,94541,26.744271570014146
0.2,3535,-129,94412,26.70022624434389
0.2,3536,69,94481,26.712185467910658
0.2,3537,82,94563,26.727812323346523
0.2,3538,-11,94552,26.717151737779034
0.2,3539,86,94638,26.733898305084747
0.2,3540,86,94724,26.750635413724936
0.2,3541,86,94810,26.767363071710896
0.2,3542,81,94891,26.78267005362687
0.2,3543,32,94923,26.784142212189618
0.2,3544,87,95010,26.801128349788435
0.2,3545,90,95100,26.81895093062606
0.2,3546,89,95189,26.836481533690442
0.2,3547,-183,95006,26.777339346110484
0.2,3548,51,95057,26.78416455339532
0.2,3549,-247,94810,26.707042253521127
0.2,3550,-162,94648,26.653900309771895
0.2,3551,61,94709,26.66356981981982
0.2,3552,90,94799,26.681396003377426
0.2,3553,32,94831,26.68289251547552
0.2,3554,14,94845,26.679324894514767
0.2,3555,84,94929,26.69544431946007
0.2,3556,56,94985,26.703682878830474
0.2,3557,61,95046,26.713322091062395
0.2,3558,75,95121,26.72688957572352
0.2,3559,10,95131,26.722191011235957
0.2,3560,-25,95106,26.70766638584667
0.2,3561,57,95163,26.716170690623244
0.2,3562,89,95252,26.733651417344934
0.2,3563,18,95270,26.731200897867563
0.2,3564,90,95360,26.748948106591865
0.2,3565,6,95366,26.74312955692653
0.2,3566,94,95460,26.761984861227923
0.2,3567,89,95549,26.779428251121075
0.2,3568,76,95625,26.793219389184646
0.2,3569,47,95672,26.79887955182073
0.2,3570,64,95736,26.80929711565388
0.2,3571,76,95812,26.82306830907055
0.2,3572,8,95820,26.817800167926112
0.2,3573,56,95876,26.825965304980414
0.2,3574,87,95963,26.842797202797204
0.2,3575,46,96009,26.848154362416107
0.2,3576,88,96097,26.86525020967291
0.2,3577,70,96167,26.877305757406372
0.2,3578,81,96248,26.89242805252864
0.2,3579,94,96342,26.91117318435754
0.2,3580,-211,96131,26.844736107232617
0.2,3581,66,96197,26.85566722501396
0.2,3582,14,96211,26.852079263187274
0.2,3583,-65,96146,26.826450892857142
0.2,3584,89,96235,26.84379358437936
0.2,3585,-21,96214,26.830451756832126
0.2,3586,91,96305,26.848341232227487
0.2,3587,20,96325,26.84643255295429
0.2,3588,8,96333,26.84118138757314
0.2,3589,-116,96217,26.801392757660167
0.2,3590,58,96275,26.810080757449178
0.2,3591,74,96349,26.823218262806236
0.2,3592,72,96421,26.835791817422766
0.2,3593,63,96484,26.845854201446855
0.2,3594,65,96549,26.856467315716273
0.2,3595,90,96639,26.874026696329256
0.2,3596,66,96705,26.88490408673895
0.2,3597,-21,96684,26.8715953307393
0.2,3598,85,96769,26.887746596276745
0.2,3599,80,96849,26.9025
0.2,3600,83,96932,26.918078311580118
0.2,3601,93,97025,26.936424208772905
0.2,3602,45,97070,26.94143769081321
0.2,3603,4,97074,26.935072142064374
0.2,3604,58,97132,26.943689320388348
0.2,3605,-321,96811,26.84719911259013
0.2,3606,93,96904,26.865539229276408
0.2,3607,6,96910,26.859756097560975
0.2,3608,12,96922,26.85563868107509
0.2,3609,15,96937,26.852354570637118
0.2,3610,83,97020,26.867903627803933
0.2,3611,53,97073,26.87513842746401
0.2,3612,84,97157,26.890949349570995
0.2,3613,83,97240,26.906474820143885
0.2,3614,25,97265,26.90594744121715
0.2,3615,68,97333,26.917311946902654
0.2,3616,15,97348,26.914017141277302
0.2,3617,83,97431,26.929519071310118
0.2,3618,-125,97306,26.887537993920972
0.2,3619,40,97346,26.891160220994475
0.2,3620,92,97438,26.909141121237226
0.2,3621,-14,97424,26.89784649364992
0.2,3622,82,97506,26.913055478884903
0.2,3623,-53,97453,26.891004415011036
0.2,3624,-17,97436,26.87889655172414
0.2,3625,-111,97325,26.840871483728627
0.2,3626,47,97372,26.846429556106976
0.2,3627,-413,96959,26.725192943770672
0.2,3628,80,97039,26.739873243317717
0.2,3629,25,97064,26.73939393939394
0.2,3630,71,97135,26.75158358578904
0.2,3631,50,97185,26.757984581497798
0.2,3632,52,97237,26.764932562620423
0.2,3633,56,97293,26.772977435332965
0.2,3634,75,97368,26.78624484181568
0.2,3635,67,97435,26.797304730473048
0.2,3636,91,97526,26.81495738245807
0.2,3637,-6,97520,26.805937328202308
0.2,3638,55,97575,26.81368507831822
0.2,3639,90,97665,26.831043956043956
0.2,3640,70,97735,26.842900302114803
0.2,3641,68,97803,26.854200988467873
0.2,3642,-1,97802,26.84655503705737
0.2,3643,89,97891,26.863611416026345
0.2,3644,-226,97665,26.79423868312757
0.2,3645,46,97711,26.79950630828305
0.2,3646,58,97769,26.80806142034549
0.2,3647,-31,97738,26.792214912280702
0.2,3648,65,97803,26.80268566730611
0.2,3649,43,97846,26.80712328767123
0.2,3650,-232,97614,26.736236647493836
0.2,3651,38,97652,26.739320920043813
0.2,3652,92,97744,26.757185874623598
0.2,3653,65,97809,26.767651888341543
0.2,3654,64,97873,26.77783857729138
0.2,3655,52,97925,26.784737417943106
0.2,3656,19,97944,26.782608695652176
0.2,3657,24,97968,26.781848004373973
0.2,3658,91,98059,26.799398742825908
0.2,3659,47,98106,26.804918032786887
0.2,3660,92,98198,26.822726031139034
0.2,3661,85,98283,26.838612779901695
0.2,3662,85,98368,26.854490854490855
0.2,3663,-39,98329,26.836517467248907
0.2,3664,-31,98298,26.820736698499317
0.2,3665,17,98315,26.818057828696126
0.2,3666,93,98408,26.83610580856286
0.2,3667,15,98423,26.83287895310796
0.2,3668,-73,98350,26.80566911965113
0.2,3669,-42,98308,26.786920980926432
0.2,3670,94,98402,26.805230182511576
0.2,3671,15,98417,26.802015250544663
0.2,3672,92,98509,26.819765858970868
0.2,3673,88,98597,26.83641807294502
0.2,3674,92,98689,26.854149659863946
0.2,3675,-6,98683,26.845212187159955
0.2,3676,85,98768,26.861028011966276
0.2,3677,-121,98647,26.820826536160958
0.2,3678,26,98673,26.820603424843707
0.2,3679,70,98743,26.83233695652174
0.2,3680,86,98829,26.848410757946212
0.2,3681,91,98920,26.865833785985878
0.2,3682,66,98986,26.87645940809123
0.2,3683,79,99065,26.890608034744844
0.2,3684,80,99145,26.90502035278155
0.2,3685,47,99192,26.910472056429732
0.2,3686,33,99225,26.91212367778682
0.2,3687,72,99297,26.92434924078091
0.2,3688,88,99385,26.940905394415832
0.2,3689,-21,99364,26.92791327913279
0.2,3690,38,99402,26.930913031698726
0.2,3691,-25,99377,26.916847237269774
0.2,3692,23,99400,26.915786623341457
0.2,3693,88,99488,26.932322685435842
0.2,3694,-145,99343,26.88579161028417
0.2,3695,15,99358,26.882575757575758
0.2,3696,91,99449,26.899918853124156
0.2,3697,86,99535,26.915900486749596
0.2,3698,21,99556,26.914301162476345
0.2,3699,88,99644,26.93081081081081
0.2,3700,94,99738,26.948932720886248
0.2,3701,-64,99674,26.924365207995677
0.2,3702,87,99761,26.940588711855252
0.2,3703,56,99817,26.94843412526998
0.2,3704,-11,99806,26.938191632928476
0.2,3705,13,99819,26.934430652995143
0.2,3706,73,99892,26.946857297005664
0.2,3707,90,99982,26.9638619201726
0.2,3708,70,100052,26.97546508492855
0.2,3709,95,100147,26.99380053908356
0.2,3710,74,100221,27.006467259498788
0.2,3711,-12,100209,26.99595905172414
0.2,3712,-105,100104,26.960409372475088
0.2,3713,84,100188,26.97576736672052
0.2,3714,38,100226,26.978734858681023
0.2,3715,89,100315,26.995425188374597
0.2,3716,53,100368,27.002421307506054
0.2,3717,-30,100338,26.98708983324368
0.2,3718,87,100425,27.00322667383705
0.2,3719,83,100508,27.018279569892474
0.2,3720,55,100563,27.02579951625907
0.2,3721,54,100617,27.033046749059647
0.2,3722,47,100664,27.038409884501746
0.2,3723,42,100706,27.042427497314716
0.2,3724,63,100769,27.05208053691275
0.2,3725,83,100852,27.067096081588836
0.2,3726,6,100858,27.06144352025758
0.2,3727,8,100866,27.056330472103003
0.2,3728,53,100919,27.063287744703675
0.2,3729,-4,100915,27.054959785522787
0.2,3730,90,101005,27.071830608415976
0.2,3731,79,101084,27.085744908896036
0.2,3732,29,101113,27.086257701580497
0.2,3733,91,101204,27.10337439742903
0.2,3734,89,101293,27.119946452476572
0.2,3735,26,101319,27.119646680942186
0.2,3736,-115,101204,27.081616269735083
0.2,3737,85,101289,27.097110754414125
0.2,3738,-16,101273,27.085584380850495
0.2,3739,70,101343,27.097058823529412
0.2,3740,-59,101284,27.074044373162256
0.2,3741,52,101336,27.0807055050775
0.2,3742,12,101348,27.07667646273043
0.2,3743,89,101437,27.093215811965813
0.2,3744,44,101481,27.0977303070761
0.2,3745,55,101536,27.105178857447946
0.2,3746,67,101603,27.115825994128635
0.2,3747,80,101683,27.129935965848453
0.2,3748,74,101757,27.142437983462255
0.2,3749,76,101833,27.155466666666666
0.2,3750,-99,101734,27.121834177552653
0.2,3751,90,101824,27.13859275053305
0.2,3752,-21,101803,27.125766053823607
0.2,3753,64,101867,27.135588705380925
0.2,3754,-116,101751,27.09747003994674
0.2,3755,85,101836,27.112886048988287
0.2,3756,92,101928,27.13015704019164
0.2,3757,39,101967,27.133315593400745
0.2,3758,42,102009,27.137270550678373
0.2,3759,91,102100,27.154255319148938
0.2,3760,-14,102086,27.14331294868386
0.2,3761,20,102106,27.141414141414142
0.2,3762,88,102194,27.157587031623706
0.2,3763,15,102209,27.154357066950052
0.2,3764,83,102292,27.16918990703851
0.2,3765,38,102330,27.17206585236325
0.2,3766,-38,102292,27.154765065038493
0.2,3767,72,102364,27.166666666666668
0.2,3768,89,102453,27.183072433006103
0.2,3769,79,102532,27.19681697612732
0.2,3770,-5,102527,27.1882789710952
0.2,3771,13,102540,27.184517497348885
0.2,3772,24,102564,27.183673469387756
0.2,3773,83,102647,27.198463169051404
0.2,3774,1,102648,27.191523178807948
0.2,3775,4,102652,27.185381355932204
0.2,3776,53,102705,27.192216044479746
0.2,3777,94,102799,27.209899417681314
0.2,3778,62,102861,27.219105583487696
0.2,3779,50,102911,27.225132275132275
0.2,3780,32,102943,27.22639513356255
0.2,3781,6,102949,27.220782654680065
0.2,3782,61,103010,27.229711868887126
0.2,3783,77,103087,27.242864693446087
0.2,3784,-13,103074,27.232232496697492
0.2,3785,11,103085,27.22794506075013
0.2,3786,65,103150,27.237919197253763
0.2,3787,92,103242,27.255015839493137
0.2,3788,59,103301,27.263394035365533
0.2,3789,63,103364,27.272823218997363
0.2,3790,94,103458,27.290424690055396
0.2,3791,-11,103447,27.28032700421941
0.2,3792,58,103505,27.288426047983126
0.2,3793,-156,103349,27.2401159725883
0.2,3794,75,103424,27.25270092226614
0.2,3795,-151,103273,27.205742887249738
0.2,3796,47,103320,27.210956017908874
0.2,3797,35,103355,27.213006845708268
0.2,3798,-83,103272,27.18399578836536
0.2,3799,67,103339,27.194473684210525
0.2,3800,73,103412,27.20652459878979
0.2,3801,71,103483,27.218043135192005
0.2,3802,61,103544,27.226926110965028
0.2,3803,73,103617,27.23895899053628
0.2,3804,94,103711,27.256504599211564
0.2,3805,79,103790,27.270099842354178
0.2,3806,92,103882,27.287102705542424
0.2,3807,91,103973,27.303834033613445
0.2,3808,30,104003,27.304541874507745
0.2,3809,87,104090,27.32020997375328
0.2,3810,90,104180,27.336657045394908
0.2,3811,86,104266,27.352046169989507
0.2,3812,83,104349,27.366640440597955
0.2,3813,40,104389,27.369952805453593
0.2,3814,89,104478,27.38610747051114
0.2,3815,-220,104258,27.321278825995808
0.2,3816,72,104330,27.33298401886298
0.2,3817,19,104349,27.33080146673651
0.2,3818,15,104364,27.327572663000787
0.2,3819,78,104442,27.34083769633508
0.2,3820,-52,104390,27.32007327924627
0.2,3821,91,104481,27.336734693877553
0.2,3822,80,104561,27.350510070625162
0.2,3823,82,104643,27.364801255230127
0.2,3824,13,104656,27.361045751633988
0.2,3825,47,104703,27.36617877679038
0.2,3826,-22,104681,27.353279331068723
0.2,3827,48,104729,27.358672936259143
0.2,3828,74,104803,27.370854008879604
0.2,3829,-1,104802,27.363446475195822
0.2,3830,54,104856,27.370399373531715
0.2,3831,66,104922,27.380480167014614
0.2,3832,55,104977,27.387685885729194
0.2,3833,91,105068,27.404277516953574
0.2,3834,66,105134,27.41434159061278
0.2,3835,-16,105118,27.403023983315954
0.2,3836,-49,105069,27.383111806098515
0.2,3837,26,105095,27.38275143303804
0.2,3838,70,105165,27.393852565772338
0.2,3839,-180,104985,27.33984375
0.2,3840,89,105074,27.355896901848478
0.2,3841,69,105143,27.366736074960958
0.2,3842,-194,104949,27.30913348946136
0.2,3843,86,105035,27.324401664932363
0.2,3844,75,105110,27.336801040312093
0.2,3845,40,105150,27.34009360374415
0.2,3846,20,105170,27.338185599168185
0.2,3847,94,105264,27.355509355509355
0.2,3848,79,105343,27.36892699402442
0.2,3849,67,105410,27.37922077922078
0.2,3850,85,105495,27.394183329005454
0.2,3851,-108,105387,27.359034267912772
0.2,3852,3,105390,27.35271217233325
0.2,3853,-68,105322,27.327970939283862
0.2,3854,67,105389,27.338261997405965
0.2,3855,19,105408,27.33609958506224
0.2,3856,22,105430,27.334716100596317
0.2,3857,60,105490,27.343182996371176
0.2,3858,89,105579,27.359160404249806
0.2,3859,86,105665,27.374352331606218
0.2,3860,28,105693,27.374514374514373
0.2,3861,91,105784,27.3909891248058
0.2,3862,94,105878,27.408231944084907
0.2,3863,-47,105831,27.388975155279503
0.2,3864,-50,105781,27.368952134540752
0.2,3865,92,105873,27.385669943093635
0.2,3866,30,105903,27.386346004654772
0.2,3867,82,105985,27.400465356773527
0.2,3868,-26,105959,27.386663220470407
0.2,3869,-162,105797,27.337726098191215
0.2,3870,53,105850,27.34435546370447
0.2,3871,-24,105826,27.331095041322314
0.2,3872,81,105907,27.344952233410794
0.2,3873,-55,105852,27.323696437790396
0.2,3874,88,105940,27.339354838709678
0.2,3875,86,106026,27.354489164086687
0.2,3876,94,106120,27.37167913335053
0.2,3877,-121,105999,27.333419288292934
0.2,3878,41,106040,27.336942510956433
0.2,3879,75,106115,27.34922680412371
0.2,3880,30,106145,27.34990981705746
0.2,3881,-15,106130,27.33900051519835
0.2,3882,90,106220,27.355137780066958
0.2,3883,59,106279,27.36328527291452
0.2,3884,-166,106113,27.313513513513513
0.2,3885,-13,106100,27.3031394750386
0.2,3886,-21,106079,27.290712631849754
0.2,3887,86,106165,27.305812757201647
0.2,3888,37,106202,27.308305476986373
0.2,3889,46,106248,27.31311053984576
0.2,3890,87,106335,27.32845026985351
0.2,3891,86,106421,27.343525179856115
0.2,3892,-84,106337,27.314924222964294
0.2,3893,11,106348,27.310734463276837
0.2,3894,-64,106284,27.287291399229783
0.2,3895,77,106361,27.30005133470226
0.2,3896,89,106450,27.3158840133436
0.2,3897,-63,106387,27.292714212416623
0.2,3898,74,106461,27.304693511156707
0.2,3899,49,106510,27.31025641025641
0.2,3900,62,106572,27.319148936170212
0.2,3901,-63,106509,27.29600205023065
0.2,3902,-101,106408,27.26313092492954
0.2,3903,83,106491,27.277407786885245
0.2,3904,93,106584,27.29423815620999
0.2,3905,70,106654,27.305171530977983
0.2,3906,90,106744,27.321218326081393
0.2,3907,66,106810,27.33111566018424
0.2,3908,87,106897,27.346380148375545
0.2,3909,83,106980,27.36061381074169
0.2,3910,80,107060,27.374073127077473
0.2,3911,-123,106937,27.335633946830267
0.2,3912,29,106966,27.336059289547663
0.2,3913,91,107057,27.352324987225344
0.2,3914,82,107139,27.366283524904215
0.2,3915,94,107233,27.383299284984677
0.2,3916,64,107297,27.392647434260915
0.2,3917,-13,107284,27.382337927514037
0.2,3918,84,107368,27.39678489410564
0.2,3919,70,107438,27.40765306122449
0.2,3920,55,107493,27.41469013006886
0.2,3921,-341,107152,27.32075471698113
0.2,3922,82,107234,27.334692837114453
0.2,3923,-32,107202,27.319571865443425
0.2,3924,76,107278,27.331974522292995
0.2,3925,-40,107238,27.314824248599084
0.2,3926,-67,107171,27.290807231983703
0.2,3927,86,107257,27.305753564154784
0.2,3928,82,107339,27.319674217358106
0.2,3929,-58,107281,27.29796437659033
0.2,3930,85,107366,27.312643093360467
0.2,3931,86,107452,27.327568667344863
0.2,3932,-2,107450,27.32011187388762
0.2,3933,56,107506,27.327402135231317
0.2,3934,81,107587,27.341041931385007
0.2,3935,-19,107568,27.329268292682926
0.2,3936,85,107653,27.343916687833374
0.2,3937,28,107681,27.344083291010666
0.2,3938,64,107745,27.353389185072352
0.2,3939,-30,107715,27.338832487309645
0.2,3940,91,107806,27.354986044151232
0.2,3941,-10,107796,27.345509893455098
0.2,3942,-69,107727,27.32107532335785
0.2,3943,-11,107716,27.311359026369168
0.2,3944,-191,107525,27.25602027883397
0.2,3945,-163,107362,27.207805372529144
0.2,3946,76,107438,27.22016721560679
0.2,3947,79,107517,27.23328267477204
0.2,3948,7,107524,27.228159027601926
0.2,3949,81,107605,27.241772151898733
0.2,3950,-122,107483,27.203998987598077
0.2,3951,-130,107353,27.16422064777328
0.2,3952,88,107441,27.179610422463952
0.2,3953,53,107494,27.186140617096612
0.2,3954,12,107506,27.18230088495575
0.2,3955,74,107580,27.194135490394338
0.2,3956,89,107669,27.20975486479656
0.2,3957,-27,107642,27.196058615462356
0.2,3958,8,107650,27.191209901490275
0.2,3959,82,107732,27.205050505050504
0.2,3960,67,107799,27.215097197677355
0.2,3961,42,107841,27.218828874305906
0.2,3962,57,107898,27.226343679031036
0.2,3963,82,107980,27.2401614530777
0.2,3964,24,108004,27.23934426229508
0.2,3965,92,108096,27.255673222390318
0.2,3966,30,108126,27.256365011343586
0.2,3967,-5,108121,27.248235887096776
0.2,3968,-32,108089,27.233308138070043
0.2,3969,-2,108087,27.225944584382873
0.2,3970,44,108131,27.230168723243516
0.2,3971,77,108208,27.24269889224572
0.2,3972,82,108290,27.25648124842688
0.2,3973,92,108382,27.272773024660292
0.2,3974,58,108440,27.280503144654087
0.2,3975,52,108492,27.28672032193159
0.2,3976,66,108558,27.296454614030676
0.2,3977,16,108574,27.293614881850175
0.2,3978,87,108661,27.308620256345815
0.2,3979,86,108747,27.323366834170855
0.2,3980,88,108835,27.338608389851796
0.2,3981,89,108924,27.354093420391763
0.2,3982,4,108928,27.348229977403967
0.2,3983,39,108967,27.351154618473895
0.2,3984,-212,108755,27.29109159347553
0.2,3985,13,108768,27.28750627195183
0.2,3986,94,108862,27.30423877602207
0.2,3987,92,108954,27.32046138415246
0.2,3988,65,109019,27.32990724492354
0.2,3989,82,109101,27.34360902255639
0.2,3990,26,109127,27.343272362816336
0.2,3991,92,109219,27.35946893787575
0.2,3992,41,109260,27.362885048835462
0.2,3993,90,109350,27.378567851777667
0.2,3994,-9,109341,27.369461827284105
0.2,3995,6,109347,27.364114114114113
0.2,3996,90,109437,27.37978483862897
0.2,3997,87,109524,27.394697348674338
0.2,3998,35,109559,27.39659914978745
0.2,3999,-23,109536,27.384
0.2,4000,28,109564,27.38415396150962
0.2,4001,-36,109528,27.36831584207896
0.2,4002,89,109617,27.38371221583812
0.2,4003,-159,109458,27.337162837162836
0.2,4004,9,109467,27.33258426966292
0.2,4005,77,109544,27.344982526210686
0.2,4006,-43,109501,27.327427002745196
0.2,4007,87,109588,27.342315369261478
0.2,4008,73,109661,27.353704165627338
0.2,4009,56,109717,27.360847880299254
0.2,4010,-287,109430,27.282473198703567
0.2,4011,88,109518,27.297607178464606
0.2,4012,72,109590,27.308746573635684
0.2,4013,77,109667,27.32112605879422
0.2,4014,-29,109638,27.307098381070983
0.2,4015,-66,109572,27.28386454183267
0.2,4016,87,109659,27.298730395817774
0.2,4017,38,109697,27.301393728222997
0.2,4018,67,109764,27.311271460562327
0.2,4019,83,109847,27.325124378109454
0.2,4020,80,109927,27.338224322307884
0.2,4021,55,109982,27.345101939333667
0.2,4022,52,110034,27.351230425055927
0.2,4023,78,110112,27.363817097415506
0.2,4024,36,110148,27.365962732919254
0.2,4025,83,110231,27.379781420765028
0.2,4026,0,110231,27.372982369009186
0.2,4027,69,110300,27.383316782522343
0.2,4028,50,110350,27.388930255646564
0.2,4029,15,110365,27.385856079404466
0.2,4030,93,110458,27.40213346564128
0.2,4031,-183,110275,27.349950396825395
0.2,4032,93,110368,27.366228613935036
0.2,4033,-32,110336,27.351512146752604
0.2,4034,-2,110334,27.34423791821561
0.2,4035,-43,110291,27.326808721506442
0.2,4036,65,110356,27.336140698538518
0.2,4037,91,110447,27.351906884596335
0.2,4038,-176,110271,27.301559792027728
0.2,4039,93,110364,27.317821782178218
0.2,4040,-65,110299,27.29497649096758
0.2,4041,81,110380,27.308263236021773
0.2,4042,67,110447,27.318080633193173
0.2,4043,63,110510,27.326904055390703
0.2,4044,68,110578,27.336959208899877
0.2,4045,80,110658,27.34997528423134
0.2,4046,70,110728,27.360513960958734
0.2,4047,74,110802,27.37203557312253
0.2,4048,63,110865,27.380834774018275
0.2,4049,94,110959,27.397283950617282
0.2,4050,-109,110850,27.363613922488273
0.2,4051,-306,110544,27.281342546890425
0.2,4052,72,110616,27.292376017764617
0.2,4053,65,110681,27.301677355698075
0.2,4054,24,110705,27.30086313193588
0.2,4055,55,110760,27.307692307692307
0.2,4056,-114,110646,27.272861720483114
0.2,4057,21,110667,27.271315919172007
0.2,4058,-84,110583,27.24390243902439
0.2,4059,29,110612,27.24433497536946
0.2,4060,-161,110451,27.19798079290815
0.2,4061,-13,110438,27.188084687346134
0.2,4062,-122,110316,27.151365985724834
0.2,4063,85,110401,27.16560039370079
0.2,4064,89,110490,27.180811808118083
0.2,4065,92,110582,27.196753566158385
0.2,4066,94,110676,27.213179247602657
0.2,4067,4,110680,27.207472959685347
0.2,4068,77,110757,27.219710002457607
0.2,4069,-23,110734,27.20737100737101
0.2,4070,14,110748,27.20412675018423
0.2,4071,36,110784,27.206286836935167
0.2,4072,46,110830,27.210901055732876
0.2,4073,62,110892,27.21944035346097
0.2,4074,73,110965,27.230674846625767
0.2,4075,52,111017,27.23675171736997
0.2,4076,85,111102,27.25091979396615
0.2,4077,93,111195,27.267042667974497
0.2,4078,70,111265,27.277518999754843
0.2,4079,-102,111163,27.245833333333334
0.2,4080,87,111250,27.260475373682922
0.2,4081,93,111343,27.2765801077903
0.2,4082,40,111383,27.279696301738916
0.2,4083,56,111439,27.286728697355535
0.2,4084,52,111491,27.29277845777234
0.2,4085,-99,111392,27.261869799314734
0.2,4086,38,111430,27.264497186200146
0.2,4087,35,111465,27.266389432485322
0.2,4088,92,111557,27.282220591831745
0.2,4089,14,111571,27.278973105134476
0.2,4090,93,111664,27.29503788804693
0.2,4091,36,111700,27.297165200391007
0.2,4092,81,111781,27.310285853896897
0.2,4093,88,111869,27.325109916951636
0.2,4094,62,111931,27.333577533577532
0.2,4095,-201,111730,27.27783203125
0.2,4096,89,111819,27.292897241884305
0.2,4097,-168,111651,27.24524158125915
0.2,4098,-162,111489,27.19907294462064
0.2,4099,15,111504,27.19609756097561
0.2,4100,79,111583,27.20872957815167
0.2,4101,45,111628,27.213066796684544
0.2,4102,-452,111176,27.096271021203997
0.2,4103,68,111244,27.106237816764132
0.2,4104,30,111274,27.10694275274056
0.2,4105,56,111330,27.113979542133464
0.2,4106,-24,111306,27.101533966398833
0.2,4107,-138,111168,27.061343719571568
0.2,4108,-64,111104,27.039182282793867
0.2,4109,-186,110918,26.98734793187348
0.2,4110,-67,110851,26.964485526635855
0.2,4111,-100,110751,26.933608949416342
0.2,4112,39,110790,26.936542669584245
0.2,4113,-89,110701,26.90836169178415
0.2,4114,51,110752,26.914216281895506
0.2,4115,-1,110751,26.907434402332363
0.2,4116,68,110819,26.91741559387904
0.2,4117,-15,110804,26.90723652258378
0.2,4118,-69,110735,26.883952415634862
0.2,4119,94,110829,26.900242718446602
0.2,4120,-14,110815,26.890317884008734
0.2,4121,67,110882,26.900048520135858
0.2,4122,86,110968,26.9143827310211
0.2,4123,91,111059,26.92992240543162
0.2,4124,-9,111050,26.921212121212122
0.2,4125,87,111137,26.935773145904022
0.2,4126,16,111153,26.933123334141023
0.2,4127,46,111199,26.937742248062015
0.2,4128,79,111278,26.95035117461855
0.2,4129,3,111281,26.94455205811138
0.2,4130,20,111301,26.942870975550715
0.2,4131,94,111395,26.959099709583736
0.2,4132,76,111471,26.970965400435517
0.2,4133,8,111479,26.966376390904692
0.2,4134,-67,111412,26.943651753325273
0.2,4135,-37,111375,26.9281914893617
0.2,4136,58,111433,26.93570219966159
0.2,4137,94,111527,26.951909134847753
0.2,4138,-265,111262,26.881372312152696
0.2,4139,-50,111212,26.862801932367148
0.2,4140,94,111306,26.879014730741368
0.2,4141,-66,111240,26.856591018831484
0.2,4142,36,111276,26.858797972483707
0.2,4143,79,111355,26.87138030888031
0.2,4144,78,111433,26.883715319662244
0.2,4145,30,111463,26.884466956102266
0.2,4146,68,111531,26.894381480588375
0.2,4147,83,111614,26.907907425265186
0.2,4148,-7,111607,26.899734875873705
0.2,4149,79,111686,26.912289156626507
0.2,4150,65,111751,26.921464707299446
0.2,4151,69,111820,26.93159922928709
0.2,4152,80,111900,26.944377558391523
0.2,4153,49,111949,26.94968704862783
0.2,4154,93,112042,26.96558363417569
0.2,4155,86,112128,26.979788257940328
0.2,4156,86,112214,26.993986047630504
0.2,4157,78,112292,27.006253006253008
0.2,4158,-27,112265,26.99326761240683
0.2,4159,12,112277,26.989663461538463
0.2,4160,-73,112204,26.96563326123528
0.2,4161,-81,112123,26.939692455550215
0.2,4162,-31,112092,26.925774681719915
0.2,4163,73,112165,26.93683957732949
0.2,4164,29,112194,26.937334933973588
0.2,4165,29,112223,26.93783005280845
0.2,4166,-37,112186,26.92248620110391
0.2,4167,38,112224,26.92514395393474
0.2,4168,77,112301,26.93715519309187
0.2,4169,12,112313,26.93357314148681
0.2,4170,28,112341,26.933828818029248
0.2,4171,93,112434,26.949664429530202
0.2,4172,-35,112399,26.93481907500599
0.2,4173,92,112491,26.9504072831816
0.2,4174,-14,112477,26.94059880239521
0.2,4175,-33,112444,26.92624521072797
0.2,4176,89,112533,26.941106056978693
0.2,4177,91,112624,26.956438487314504
0.2,4178,-186,112438,26.90547977985164
0.2,4179,-18,112420,26.894736842105264
0.2,4180,-47,112373,26.877062903611577
0.2,4181,70,112443,26.887374461979913
0.2,4182,-18,112425,26.87664355725556
0.2,4183,63,112488,26.88527724665392
0.2,4184,84,112572,26.898924731182795
0.2,4185,26,112598,26.898709985666507
0.2,4186,73,112671,26.90972056364939
0.2,4187,64,112735,26.918576886341928
0.2,4188,75,112810,26.93005490570542
0.2,4189,30,112840,26.930787589498806
0.2,4190,82,112922,26.943927463612503
0.2,4191,89,113011,26.958730916030536
0.2,4192,17,113028,26.95635583114715
0.2,4193,83,113111,26.96971864568431
0.2,4194,91,113202,26.984982121573303
0.2,4195,34,113236,26.986653956148714
0.2,4196,84,113320,27.000238265427686
0.2,4197,81,113401,27.01310147689376
0.2,4198,26,113427,27.012860204810668
0.2,4199,62,113489,27.021190476190476
0.2,4200,-13,113476,27.011663889550107
0.2,4201,75,113551,27.023084245597335
0.2,4202,68,113619,27.03283369022127
0.2,4203,88,113707,27.04733587059943
0.2,4204,-200,113507,26.993341260404282
0.2,4205,-64,113443,26.9717070851165
0.2,4206,36,113479,26.973853101972903
0.2,4207,68,113547,26.983602661596958
0.2,4208,-278,113269,26.911142789261106
0.2,4209,82,113351,26.924228028503563
0.2,4210,-9,113342,26.91569698408929
0.2,4211,73,113415,26.92663817663818
0.2,4212,65,113480,26.935675290766675
0.2,4213,94,113574,26.951589938300902
0.2,4214,94,113668,26.96749703440095
0.2,4215,85,113753,26.981261859582542
0.2,4216,75,113828,26.99264880246621
0.2,4217,90,113918,27.007586533902323
0.2,4218,56,113974,27.01445840246504
0.2,4219,47,114021,27.01919431279621
0.2,4220,84,114105,27.03269367448472
0.2,4221,23,114128,27.031738512553293
0.2,4222,5,114133,27.026521430262846
0.2,4223,14,114147,27.0234375
0.2,4224,89,114236,27.03810650887574
0.2,4225,56,114292,27.044959772834833
0.2,4226,46,114338,27.049444050153774
0.2,4227,57,114395,27.056527909176914
0.2,4228,53,114448,27.062662567982976
0.2,4229,56,114504,27.06950354609929
0.2,4230,90,114594,27.08437721578823
0.2,4231,90,114684,27.099243856332702
0.2,4232,50,114734,27.104653909756674
0.2,4233,92,114826,27.119981105337743
0.2,4234,94,114920,27.1357733175915
0.2,4235,-19,114901,27.12488196411709
0.2,4236,33,114934,27.126268586263866
0.2,4237,57,114991,27.133317602642755
0.2,4238,93,115084,27.14885586223166
0.2,4239,38,115122,27.151415094339622
0.2,4240,94,115216,27.167177552464043
0.2,4241,93,115309,27.182696841112683
0.2,4242,61,115370,27.190666980909732
0.2,4243,90,115460,27.20546654099906
0.2,4244,91,115551,27.220494699646643
0.2,4245,-7,115544,27.212435233160623
0.2,4246,50,115594,27.217800800565104
0.2,4247,-22,115572,27.206214689265536
0.2,4248,81,115653,27.218875029418687
0.2,4249,-380,115273,27.123058823529412
0.2,4250,82,115355,27.13596800752764
0.2,4251,16,115371,27.133349012229537
0.2,4252,61,115432,27.1413120150482
0.2,4253,37,115469,27.143629525152797
0.2,4254,-100,115369,27.113748531139837
0.2,4255,79,115448,27.12593984962406
0.2,4256,62,115510,27.13413201785295
0.2,4257,90,115600,27.1488961953969
0.2,4258,45,115645,27.153087579243955
0.2,4259,83,115728,27.166197183098593
0.2,4260,-4,115724,27.15888289134006
0.2,4261,92,115816,27.174096668230877
0.2,4262,-7,115809,27.166080225193525
0.2,4263,4,115813,27.160647279549718
0.2,4264,81,115894,27.17327080890973
0.2,4265,39,115933,27.176043131739334
0.2,4266,94,116027,27.191703773142724
0.2,4267,87,116114,27.20571696344892
0.2,4268,-230,115884,27.145467322557977
0.2,4269,77,115961,27.15714285714286
0.2,4270,24,115985,27.156403652540387
0.2,4271,56,116041,27.163155430711612
0.2,4272,92,116133,27.178329042827052
0.2,4273,18,116151,27.176181562938698
0.2,4274,93,116244,27.19157894736842
0.2,4275,-20,116224,27.180542563143124
0.2,4276,-283,115941,27.108019639934533
0.2,4277,53,115994,27.114071996259934
0.2,4278,35,116029,27.115914933395654
0.2,4279,70,116099,27.125934579439253
0.2,4280,79,116178,27.138051857042747
0.2,4281,50,116228,27.14339093881364
0.2,4282,89,116317,27.1578332944198
0.2,4283,90,116407,27.17250233426704
0.2,4284,21,116428,27.171061843640608
0.2,4285,23,116451,27.17008866075595
0.2,4286,88,116539,27.18427804991836
0.2,4287,-28,116511,27.17140858208955
0.2,4288,-46,116465,27.154348332944743
0.2,4289,12,116477,27.15081585081585
0.2,4290,-82,116395,27.12537869960382
0.2,4291,74,116469,27.136300093196645
0.2,4292,-305,116164,27.05893314698346
0.2,4293,-28,116136,27.04611085235212
0.2,4294,73,116209,27.056810244470313
0.2,4295,54,116263,27.06308193668529
0.2,4296,81,116344,27.07563416336979
0.2,4297,50,116394,27.08096789204281
0.2,4298,28,116422,27.08118167015585
0.2,4299,70,116492,27.091162790697673
0.2,4300,67,116559,27.10044175773076
0.2,4301,-35,116524,27.08600650860065
0.2,4302,93,116617,27.101324657215894
0.2,4303,45,116662,27.105483271375466
0.2,4304,81,116743,27.118002322880372
0.2,4305,90,116833,27.132605666511843
0.2,4306,94,116927,27.148130949616903
0.2,4307,52,116979,27.153899721448468
0.2,4308,-176,116803,27.106753307031795
0.2,4309,34,116837,27.108352668213456
0.2,4310,94,116931,27.12386917188587
0.2,4311,-334,116597,27.040120593692023
0.2,4312,77,116674,27.05170415024345
0.2,4313,94,116768,27.067222994900323
0.2,4314,87,116855,27.081112398609502
0.2,4315,21,116876,27.07970342910102
0.2,4316,-131,116745,27.043085476025016
0.2,4317,56,116801,27.049791570171376
0.2,4318,93,116894,27.065061356795553
0.2,4319,-99,116795,27.03587962962963
0.2,4320,61,116856,27.04373987502893
0.2,4321,67,116923,27.052984729291996
0.2,4322,-379,116544,26.959056210964608
0.2,4323,91,116635,26.97386679000925
0.2,4324,93,116728,26.989132947976877
0.2,4325,36,116764,26.99121590383726
0.2,4326,94,116858,27.006702103073724
0.2,4327,-83,116775,26.981284658040664
0.2,4328,-36,116739,26.966735966735968
0.2,4329,-241,116498,26.90484988452656
0.2,4330,44,116542,26.90879704456246
0.2,4331,-14,116528,26.899353647276087
0.2,4332,94,116622,26.91483960304639
0.2,4333,91,116713,26.9296262113521
0.2,4334,-19,116694,26.919031141868512
0.2,4335,77,116771,26.930581180811807
0.2,4336,70,116841,26.940511874567672
0.2,4337,21,116862,26.93914246196404
0.2,4338,55,116917,26.94560958746255
0.2,4339,-24,116893,26.933870967741935
0.2,4340,57,116950,26.94079705137065
0.2,4341,83,117033,26.953707968678028
0.2,4342,71,117104,26.96384987335943
0.2,4343,40,117144,26.96685082872928
0.2,4344,58,117202,26.973993095512082
0.2,4345,-129,117073,26.938104003681545
0.2,4346,58,117131,26.945249597423512
0.2,4347,82,117213,26.957911683532657
0.2,4348,50,117263,26.963209933318005
0.2,4349,38,117301,26.96574712643678
0.2,4350,43,117344,26.96943231441048
0.2,4351,9,117353,26.96530330882353
0.2,4352,-12,117341,26.956351941189983
0.2,4353,94,117435,26.971750114836933
0.2,4354,68,117503,26.98117106773823
0.2,4355,11,117514,26.977502295684115
0.2,4356,47,117561,26.982097773697497
0.2,4357,47,117608,26.98669114272602
0.2,4358,-265,117343,26.919706354668502
0.2,4359,59,117402,26.927064220183485
0.2,4360,47,117449,26.93166704884201
0.2,4361,-11,117438,26.92297111416781
0.2,4362,19,117457,26.921155168462068
0.2,4363,-125,117332,26.88634280476627
0.2,4364,40,117372,26.8893470790378
0.2,4365,52,117424,26.895098488318826
0.2,4366,28,117452,26.895351499885503
0.2,4367,75,117527,26.906364468864467
0.2,4368,12,117539,26.90295262073701
0.2,4369,72,117611,26.913272311212815
0.2,4370,94,117705,26.928620452985587
0.2,4371,42,117747,26.932067703568162
0.2,4372,74,117821,26.94283100846101
0.2,4373,-147,117674,26.903063557384545
0.2,4374,43,117717,26.906742857142856
0.2,4375,46,117763,26.911106032906766
0.2,4376,88,117851,26.925062828421293
0.2,4377,17,117868,26.922795797167655
0.2,4378,41,117909,26.926010504681432
0.2,4379,72,117981,26.936301369863013
0.2,4380,37,118018,26.938598493494634
0.2,4381,-64,117954,26.91784573254222
0.2,4382,92,118046,26.932694501483002
0.2,4383,43,118089,26.936359489051096
0.2,4384,-27,118062,26.92405929304447
0.2,4385,75,118137,26.93502051983584
0.2,4386,-304,117833,26.859585137907455
0.2,4387,79,117912,26.871467639015496
0.2,4388,66,117978,26.880382775119617
0.2,4389,-416,117562,26.779498861047838
0.2,4390,91,117653,26.79412434525165
0.2,4391,78,117731,26.805783242258652
0.2,4392,80,117811,26.817892101069884
0.2,4393,43,117854,26.821574874829313
0.2,4394,92,117946,26.83640500568828
0.2,4395,58,118004,26.843494085532303
0.2,4396,-64,117940,26.822833750284286
0.2,4397,67,118007,26.831969076853117
0.2,4398,43,118050,26.835644464651057
0.2,4399,82,118132,26.848181818181818
0.2,4400,64,118196,26.856623494660305
0.2,4401,-14,118182,26.847342117219444
0.2,4402,55,118237,26.853736089030207
0.2,4403,58,118295,26.860808356039964
0.2,4404,57,118352,26.867650397275824
0.2,4405,92,118444,26.88243304584657
0.2,4406,91,118535,26.896982073973223
0.2,4407,-187,118348,26.84845735027223
0.2,4408,68,118416,26.85779088228623
0.2,4409,12,118428,26.854421768707482
0.2,4410,72,118500,26.864656540467013
0.2,4411,-38,118462,26.849954669084315
0.2,4412,89,118551,26.864038069340584
0.2,4413,87,118638,26.87766198459447
0.2,4414,87,118725,26.891279728199322
0.2,4415,-109,118616,26.860507246376812
0.2,4416,-296,118320,26.787412270772016
0.2,4417,94,118414,26.8026256224536
0.2,4418,80,118494,26.814663951120163
0.2,4419,-114,118380,26.782805429864254
0.2,4420,94,118474,26.798009500113096
0.2,4421,37,118511,26.80031659882406
0.2,4422,88,118599,26.81415328962243
0.2,4423,60,118659,26.821654611211574
0.2,4424,-35,118624,26.807683615819208
0.2,4425,-138,118486,26.770447356529598
0.2,4426,87,118573,26.784052405692343
0.2,4427,69,118642,26.793586269196027
0.2,4428,36,118678,26.795664935651388
0.2,4429,17,118695,26.793453724604966
0.2,4430,-331,118364,26.71270593545475
0.2,4431,-60,118304,26.693140794223826
0.2,4432,51,118355,26.698623956688472
0.2,4433,56,118411,26.705232295895353
0.2,4434,73,118484,26.715670800450958
0.2,4435,22,118506,26.714607754733994
0.2,4436,-36,118470,26.70047329276538
0.2,4437,9,118479,26.696484903109507
0.2,4438,25,118504,26.696102725839154
0.2,4439,92,118596,26.71081081081081
0.2,4440,44,118640,26.714703895519026
0.2,4441,94,118734,26.729851418280052
0.2,4442,-10,118724,26.721584514967365
0.2,4443,81,118805,26.733798379837985
0.2,4444,-328,118477,26.653993250843644
0.2,4445,87,118564,26.667566351776877
0.2,4446,24,118588,26.666966494265797
0.2,4447,87,118675,26.680530575539567
0.2,4448,80,118755,26.692515171948752
0.2,4449,16,118771,26.69011235955056
0.2,4450,43,118814,26.69377667939789
0.2,4451,94,118908,26.7088948787062
0.2,4452,-79,118829,26.685156074556478
0.2,4453,86,118915,26.698473282442748
0.2,4454,71,118986,26.708417508417508
0.2,4455,5,118991,26.703545780969478
0.2,4456,48,119039,26.7083239847431
0.2,4457,-97,118942,26.680574248541948
0.2,4458,-65,118877,26.660013455931825
0.2,4459,78,118955,26.67152466367713
0.2,4460,91,119046,26.685944855413585
0.2,4461,-110,118936,26.65531151949798
0.2,4462,71,119007,26.665247591306297
0.2,4463,-58,118949,26.64628136200717
0.2,4464,9,118958,26.64232922732363
0.2,4465,85,119043,26.65539632781012
0.2,4466,74,119117,26.665995074994402
0.2,4467,9,119126,26.662041181736797
0.2,4468,94,119220,26.677108972924593
0.2,4469,94,119314,26.692170022371364
0.2,4470,84,119398,26.704987698501455
0.2,4471,27,119425,26.70505366726297
0.2,4472,36,119461,26.707131678962664
0.2,4473,55,119516,26.713455520786766
0.2,4474,92,119608,26.72804469273743
0.2,4475,92,119700,26.742627345844504
0.2,4476,82,119782,26.754969845878936
0.2,4477,81,119863,26.767083519428315
0.2,4478,94,119957,26.782094217459253
0.2,4479,-40,119917,26.7671875
0.2,4480,18,119935,26.765230975228743
0.2,4481,23,119958,26.764390896921018
0.2,4482,-14,119944,26.755297791657373
0.2,4483,77,120021,26.76650312221231
0.2,4484,-262,119759,26.702118171683388
0.2,4485,91,119850,26.71645118145341
0.2,4486,76,119926,26.727434811678183
0.2,4487,41,119967,26.730614973262032
0.2,4488,-46,119921,26.71441300957897
0.2,4489,-55,119866,26.696213808463252
0.2,4490,81,119947,26.708305499888667
0.2,4491,51,119998,26.713713268032055
0.2,4492,43,120041,26.71733808146005
0.2,4493,-4,120037,26.710502892745883
0.2,4494,73,120110,26.72080088987764
0.2,4495,84,120194,26.733540925266905
0.2,4496,-19,120175,26.723371136313098
0.2,4497,-153,120022,26.68341485104491
0.2,4498,-50,119972,26.666370304512114
0.2,4499,-61,119911,26.64688888888889
0.2,4500,93,120004,26.661630748722505
0.2,4501,40,120044,26.66459351399378
0.2,4502,94,120138,26.679546968687543
0.2,4503,87,120225,26.692939609236234
0.2,4504,21,120246,26.691675915649277
0.2,4505,-27,120219,26.6797603195739
0.2,4506,86,120305,26.692922121144885
0.2,4507,71,120376,26.702750665483585
0.2,4508,40,120416,26.705699711687735
0.2,4509,86,120502,26.718847006651885
0.2,4510,79,120581,26.7304367102638
0.2,4511,13,120594,26.727393617021278
0.2,4512,94,120688,26.742300022158208
0.2,4513,-64,120624,26.72219760744351
0.2,4514,94,120718,26.737098560354376
0.2,4515,-100,120618,26.70903454384411
0.2,4516,-323,120295,26.631613903032985
0.2,4517,86,120381,26.644754316069058
0.2,4518,64,120445,26.653020579774285
0.2,4519,55,120500,26.65929203539823
0.2,4520,24,120524,26.65870382658704
0.2,4521,94,120618,26.67359575409111
0.2,4522,-36,120582,26.659739111209376
0.2,4523,35,120617,26.66158267020336
0.2,4524,75,120692,26.672265193370166
0.2,4525,49,120741,26.677198409191337
0.2,4526,90,120831,26.69118621603711
0.2,4527,42,120873,26.694567137809187
0.2,4528,55,120928,26.700816957385737
0.2,4529,-22,120906,26.690066225165562
0.2,4530,63,120969,26.69807989406312
0.2,4531,92,121061,26.712488967343337
0.2,4532,30,121091,26.71321420692698
0.2,4533,17,121108,26.711071901191
0.2,4534,-20,121088,26.70077177508269
0.2,4535,88,121176,26.714285714285715
0.2,4536,89,121265,26.7280141062376
0.2,4537,93,121358,26.742617893345084
0.2,4538,79,121437,26.754130865829477
0.2,4539,91,121528,26.76828193832599
0.2,4540,67,121595,26.777141598766793
0.2,4541,69,121664,26.786437692646413
0.2,4542,-21,121643,26.775918996257978
0.2,4543,46,121689,26.780149647887324
0.2,4544,-132,121557,26.745214521452144
0.2,4545,-10,121547,26.737131544214694
0.2,4546,49,121596,26.7420277105784
0.2,4547,75,121671,26.75263852242744
0.2,4548,76,121747,26.7634644976918
0.2,4549,91,121838,26.77758241758242
0.2,4550,74,121912,26.787958690397716
0.2,4551,56,121968,26.794376098418276
0.2,4552,-181,121787,26.748737096419944
0.2,4553,71,121858,26.758454106280194
0.2,4554,69,121927,26.767727771679475
0.2,4555,42,121969,26.771071115013168
0.2,4556,89,122058,26.784726793943385
0.2,4557,82,122140,26.796840719613865
0.2,4558,-62,122078,26.777363456898442
0.2,4559,71,122149,26.787061403508773
0.2,4560,80,122229,26.79872834904626
0.2,4561,74,122303,26.809074967119685
0.2,4562,7,122310,26.80473372781065
0.2,4563,60,122370,26.812007011393515
0.2,4564,92,122462,26.826286966046002
0.2,4565,92,122554,26.840560665790626
0.2,4566,89,122643,26.854171228377492
0.2,4567,-33,122610,26.84106830122592
0.2,4568,19,122629,26.839352155832785
0.2,4569,-175,122454,26.795185995623633
0.2,4570,73,122527,26.805294246335595
0.2,4571,31,122558,26.80621172353456
0.2,4572,-7,122551,26.798819155915155
0.2,4573,2,122553,26.793397463926542
0.2,4574,-133,122420,26.75846994535519
0.2,4575,91,122511,26.77250874125874
0.2,4576,93,122604,26.786978370111427
0.2,4577,60,122664,26.794233289646133
0.2,4578,55,122719,26.8003930989299
0.2,4579,79,122798,26.8117903930131
0.2,4580,43,122841,26.81532416502947
0.2,4581,85,122926,26.828022697512004
0.2,4582,9,122935,26.82413266419376
0.2,4583,13,122948,26.82111692844677
0.2,4584,66,123014,26.829661941112324
0.2,4585,88,123102,26.8430004361099
0.2,4586,32,123134,26.844124700239806
0.2,4587,-51,123083,26.827157802964255
0.2,4588,-32,123051,26.81433863586838
0.2,4589,77,123128,26.825272331154682
0.2,4590,80,123208,26.836854715748203
0.2,4591,81,123289,26.848649825783973
0.2,4592,65,123354,26.856956237753103
0.2,4593,0,123354,26.85111014366565
0.2,4594,87,123441,26.864200217627857
0.2,4595,-188,123253,26.817449956483898
0.2,4596,89,123342,26.830976723950403
0.2,4597,-35,123307,26.81752936059156
0.2,4598,72,123379,26.827353772559253
0.2,4599,94,123473,26.84195652173913
0.2,4600,18,123491,26.840034775048903
0.2,4601,82,123573,26.852020860495436
0.2,4602,-55,123518,26.834238540082556
0.2,4603,87,123605,26.847306689834927
0.2,4604,65,123670,26.85559174809989
0.2,4605,93,123763,26.869952236213635
0.2,4606,89,123852,26.88343824614717
0.2,4607,93,123945,26.897786458333332
0.2,4608,86,124031,26.910609676719464
0.2,4609,40,124071,26.913449023861173
0.2,4610,22,124093,26.912383430926045
0.2,4611,29,124122,26.912836079791848
0.2,4612,-39,124083,26.898547582917843
0.2,4613,-44,124039,26.883181621153014
0.2,4614,75,124114,26.893607800650056
0.2,4615,69,124183,26.902729636048527
0.2,4616,79,124262,26.91401342863331
0.2,4617,65,124327,26.92226071892594
0.2,4618,68,124395,26.931153929421953
0.2,4619,33,124428,26.932467532467534
0.2,4620,92,124520,26.946548366154513
0.2,4621,-31,124489,26.93401125054089
0.2,4622,90,124579,26.947653039152065
0.2,4623,94,124673,26.962153979238753
0.2,4624,86,124759,26.97491891891892
0.2,4625,-24,124735,26.96389969736273
0.2,4626,73,124808,26.973849146315107
0.2,4627,88,124896,26.98703543647364
0.2,4628,93,124989,27.001296176279975
0.2,4629,65,125054,27.00950323974082
0.2,4630,92,125146,27.02353703303822
0.2,4631,90,125236,27.03713298791019
0.2,4632,23,125259,27.03626160155407
0.2,4633,63,125322,27.044022442813983
0.2,4634,0,125322,27.038187702265372
0.2,4635,-201,125121,26.988999137187232
0.2,4636,16,125137,26.986629286176406
0.2,4637,-74,125063,26.964855541181542
0.2,4638,-149,124914,26.926923906014228
0.2,4639,92,125006,26.94094827586207
0.2,4640,62,125068,26.948502477914243
0.2,4641,93,125161,26.962731581214992
0.2,4642,-95,125066,26.93646349343097
0.2,4643,71,125137,26.945951765719208
0.2,4644,78,125215,26.956942949407967
0.2,4645,55,125270,26.96297890658631
0.2,4646,-154,125116,26.92403701312675
0.2,4647,80,125196,26.935456110154906
0.2,4648,92,125288,26.949451494945148
0.2,4649,89,125377,26.96279569892473
0.2,4650,94,125471,26.977209202322083
0.2,4651,-330,125141,26.900472914875323
0.2,4652,-58,125083,26.882226520524394
0.2,4653,-71,125012,26.861194671250537
0.2,4654,76,125088,26.871750805585393
0.2,4655,93,125181,26.885953608247423
0.2,4656,52,125233,26.8913463603178
0.2,4657,88,125321,26.90446543580936
0.2,4658,36,125357,26.906417686198754
0.2,4659,94,125451,26.920815450643776
0.2,4660,90,125541,26.934348852177646
0.2,4661,87,125628,26.947232947232948
0.2,4662,31,125659,26.948102080205874
0.2,4663,93,125752,26.962264150943398
0.2,4664,58,125810,26.968917470525188
0.2,4665,-151,125659,26.930775825117873
0.2,4666,50,125709,26.935718877223056
0.2,4667,60,125769,26.94280205655527
0.2,4668,93,125862,26.956950096380382
0.2,4669,-23,125839,26.94625267665953
0.2,4670,-46,125793,26.930635838150287
0.2,4671,94,125887,26.944991438356166
0.2,4672,-102,125785,26.91739781724802
0.2,4673,75,125860,26.927685066324347
0.2,4674,87,125947,26.94053475935829
0.2,4675,61,126008,26.94781864841745
0.2,4676,85,126093,26.960230917254652
0.2,4677,94,126187,26.974561778537836
0.2,4678,4,126191,26.969651634964737
0.2,4679,86,126277,26.982264957264956
0.2,4680,71,126348,26.991668446913053
0.2,4681,93,126441,27.00576676633917
0.2,4682,-177,126264,26.962203715566943
0.2,4683,74,126338,26.972245943637915
0.2,4684,93,126431,26.9863393810032
0.2,4685,83,126514,26.998292787025182
0.2,4686,83,126597,27.010241092383186
0.2,4687,26,126623,27.010025597269625
0.2,4688,-61,126562,26.991256131371294
0.2,4689,58,126620,26.997867803837952
0.2,4690,59,126679,27.00468983159241
0.2,4691,70,126749,27.01385336743393
0.2,4692,-38,126711,27.0
0.2,4693,60,126771,27.007030251384748
0.2,4694,-216,126555,26.955271565495206
0.2,4695,-43,126512,26.94037478705281
0.2,4696,15,126527,26.937832659144135
0.2,4697,81,126608,26.949340144742443
0.2,4698,-102,126506,26.921898276228983
0.2,4699,-4,126502,26.91531914893617
0.2,4700,-7,126495,26.90810465858328
0.2,4701,63,126558,26.915780518928116
0.2,4702,85,126643,26.928130980225387
0.2,4703,94,126737,26.942389455782312
0.2,4704,92,126829,26.956216790648245
0.2,4705,2,126831,26.95091372715682
0.2,4706,-255,126576,26.891013384321223
0.2,4707,94,126670,26.905267629566694
0.2,4708,-12,126658,26.897005733701423
0.2,4709,91,126749,26.910615711252653
0.2,4710,71,126820,26.919974527701125
0.2,4711,-211,126609,26.869482173174873
0.2,4712,78,126687,26.880330999363462
0.2,4713,-44,126643,26.865294866355537
0.2,4714,59,126702,26.872110286320254
0.2,4715,82,126784,26.883799830364715
0.2,4716,45,126829,26.8876404494382
0.2,4717,-89,126740,26.863077575243747
0.2,4718,-41,126699,26.848696757787668
0.2,4719,77,126776,26.859322033898305
0.2,4720,85,126861,26.87163736496505
0.2,4721,92,126953,26.885429902583653
0.2,4722,94,127047,26.89964005928435
0.2,4723,25,127072,26.899237933954275
0.2,4724,47,127119,26.903492063492063
0.2,4725,91,127210,26.917054591620822
0.2,4726,89,127299,26.93018828009308
0.2,4727,82,127381,26.9418358714044
0.2,4728,-14,127367,26.93317826178896
0.2,4729,40,127407,26.935940803382664
0.2,4730,37,127444,26.938068061720568
0.2,4731,92,127536,26.951817413355876
0.2,4732,89,127625,26.964927107542785
0.2,4733,69,127694,26.973806506125896
0.2,4734,7,127701,26.969588173178458
0.2,4735,83,127784,26.98141891891892
0.2,4736,93,127877,26.99535571036521
0.2,4737,-74,127803,26.97403967918953
0.2,4738,85,127888,26.98628402616586
0.2,4739,63,127951,26.993881856540085
0.2,4740,25,127976,26.993461295085424
0.2,4741,6,127982,26.989034162800507
0.2,4742,82,128064,27.000632511068943
0.2,4743,54,128118,27.006323777403036
0.2,4744,10,128128,27.002739726027396
0.2,4745,25,128153,27.002317741255794
0.2,4746,-37,128116,26.988835053718137
0.2,4747,2,128118,26.98357203032856
0.2,4748,89,128207,26.99663086965677
0.2,4749,91,128298,27.010105263157893
0.2,4750,-39,128259,26.996211323931803
0.2,4751,50,128309,27.001052188552187
0.2,4752,86,128395,27.01346517988639
0.2,4753,71,128466,27.022717711400926
0.2,4754,91,128557,27.036172450052575
0.2,4755,-7,128550,27.02901597981497
0.2,4756,35,128585,27.03069161236073
0.2,4757,-179,128406,26.987389659520808
0.2,4758,-131,128275,26.954192057154863
0.2,4759,25,128300,26.95378151260504
0.2,4760,-196,128104,26.906952320940977
0.2,4761,67,128171,26.915371692566147
0.2,4762,17,128188,26.91328994331304
0.2,4763,88,128276,26.926112510495383
0.2,4764,87,128363,26.93871983210913
0.2,4765,60,128423,26.94565673520772
0.2,4766,19,128442,26.943989930774073
0.2,4767,-103,128339,26.916736577181208
0.2,4768,87,128426,26.929335290417278
0.2,4769,77,128503,26.939832285115305
0.2,4770,-213,128290,26.889540976734438
0.2,4771,53,128343,26.89501257334451
0.2,4772,77,128420,26.905510161324116
0.2,4773,92,128512,26.919145370758272
0.2,4774,11,128523,26.915811518324606
0.2,4775,39,128562,26.918341708542712
0.2,4776,88,128650,26.931128323215408
0.2,4777,85,128735,26.94328170782754
0.2,4778,25,128760,26.942875078468298
0.2,4779,43,128803,26.94623430962343
0.2,4780,70,128873,26.955239489646516
0.2,4781,3,128876,26.950230029276455
0.2,4782,90,128966,26.963412084465816
0.2,4783,45,129011,26.96718227424749
0.2,4784,12,129023,26.96405433646813
0.2,4785,74,129097,26.973882156289175
0.2,4786,26,129123,26.973678713181535
0.2,4787,-89,129034,26.949456975772765
0.2,4788,84,129118,26.96136980580497
0.2,4789,93,129211,26.97515657620042
0.2,4790,40,129251,26.977875182634104
0.2,4791,86,129337,26.990191986644408
0.2,4792,84,129421,27.00208637596495
0.2,4793,23,129444,27.00125156445557
0.2,4794,-149,129295,26.964546402502606
0.2,4795,-136,129159,26.930567139282736
0.2,4796,87,129246,26.943089430894307
0.2,4797,86,129332,26.95539808253439
0.2,4798,92,129424,26.96895186497187
0.2,4799,90,129514,26.982083333333332
0.2,4800,59,129573,26.98875234326182
0.2,4801,49,129622,26.993336109954186
0.2,4802,10,129632,26.98979804288986
0.2,4803,34,129666,26.99125728559534
0.2,4804,-26,129640,26.980228928199793
0.2,4805,84,129724,26.992093216812318
0.2,4806,93,129817,27.005824838776785
0.2,4807,-10,129807,26.998128119800334
0.2,4808,27,129834,26.99812850904554
0.2,4809,-124,129710,26.966735966735968
0.2,4810,58,129768,26.973186447723965
0.2,4811,60,129828,26.98004987531172
0.2,4812,87,129915,26.99252025763557
0.2,4813,10,129925,26.988990444536768
0.2,4814,-350,129575,26.910695742471443
0.2,4815,16,129591,26.90843023255814
0.2,4816,86,129677,26.92069752958273
0.2,4817,-152,129525,26.883561643835616
0.2,4818,-24,129501,26.873002697655114
0.2,4819,-178,129323,26.830497925311203
0.2,4820,34,129357,26.83198506533914
0.2,4821,24,129381,26.83139776026545
0.2,4822,-39,129342,26.817748289446403
0.2,4823,-17,129325,26.808665008291875
0.2,4824,48,129373,26.813056994818652
0.2,4825,88,129461,26.825735598839618
0.2,4826,43,129504,26.82908638906153
0.2,4827,82,129586,26.840513670256836
0.2,4828,24,129610,26.83992545040381
0.2,4829,91,129701,26.853209109730848
0.2,4830,77,129778,26.863589318981578
0.2,4831,43,129821,26.86692880794702
0.2,4832,-57,129764,26.849575832816058
0.2,4833,51,129815,26.854571783202317
0.2,4834,65,129880,26.862461220268873
0.2,4835,59,129939,26.86910669975186
0.2,4836,10,129949,26.865619185445524
0.2,4837,92,130041,26.879082265398925
0.2,4838,-23,130018,26.868774540194256
0.2,4839,73,130091,26.878305785123967
0.2,4840,-23,130068,26.86800247882669
0.2,4841,70,130138,26.876910367616688
0.2,4842,1,130139,26.871567210406774
0.2,4843,-117,130022,26.841866226259288
0.2,4844,-32,129990,26.8297213622291
0.2,4845,-38,129952,26.81634337598019
0.2,4846,25,129977,26.81596864039612
0.2,4847,73,130050,26.82549504950495
0.2,4848,-95,129955,26.80037121055888
0.2,4849,-99,129856,26.774432989690723
0.2,4850,77,129933,26.7847866419295
0.2,4851,28,129961,26.785037098103874
0.2,4852,-159,129802,26.74675458479291
0.2,4853,45,129847,26.750515039142975
0.2,4854,60,129907,26.757363542739444
0.2,4855,57,129964,26.763591433278417
0.2,4856,-86,129878,26.74037471690344
0.2,4857,-24,129854,26.72993001235076
0.2,4858,70,129924,26.738835151265693
0.2,4859,85,130009,26.750823045267488
0.2,4860,90,130099,26.76383460193376
0.2,4861,57,130156,26.77005347593583
0.2,4862,-36,130120,26.757145794776886
0.2,4863,83,130203,26.76870888157895
0.2,4864,71,130274,26.777800616649536
0.2,4865,26,130300,26.77764077270859
0.2,4866,83,130383,26.7891925210602
0.2,4867,90,130473,26.802177485620376
0.2,4868,88,130561,26.814746354487575
0.2,4869,-5,130556,26.808213552361398
0.2,4870,39,130595,26.81071648532129
0.2,4871,54,130649,26.81629720853859
0.2,4872,74,130723,26.825979889185305
0.2,4873,94,130817,26.839762002462045
0.2,4874,-5,130812,26.83323076923077
0.2,4875,56,130868,26.83921246923708
0.2,4876,51,130919,26.844166495796596
0.2,4877,53,130972,26.849528495284954
0.2,4878,-15,130957,26.84095101455216
0.2,4879,8,130965,26.837090163934427
0.2,4880,25,130990,26.836713788158164
0.2,4881,-150,130840,26.80049160180254
0.2,4882,-143,130697,26.76571779643662
0.2,4883,93,130790,26.77927927927928
0.2,4884,76,130866,26.789355168884338
0.2,4885,84,130950,26.801064265247646
0.2,4886,17,130967,26.799058727235522
0.2,4887,-21,130946,26.7892798690671
0.2,4888,84,131030,26.800981795868275
0.2,4889,-28,131002,26.789775051124746
0.2,4890,-80,130922,26.76794111633613
0.2,4891,43,130965,26.77125919869174
0.2,4892,55,131020,26.777028407929695
0.2,4893,-166,130854,26.737637923988558
0.2,4894,76,130930,26.747701736465782
0.2,4895,90,131020,26.76062091503268
0.2,4896,91,131111,26.77373902389218
0.2,4897,-57,131054,26.756635361371988
0.2,4898,-28,131026,26.7454582567871
0.2,4899,-35,130991,26.732857142857142
0.2,4900,42,131033,26.73597225056111
0.2,4901,85,131118,26.74785801713586
0.2,4902,60,131178,26.75464001631654
0.2,4903,-286,130892,26.690864600326265
0.2,4904,86,130978,26.70295616717635
0.2,4905,77,131055,26.71320831634733
0.2,4906,74,131129,26.72284491542694
0.2,4907,-48,131081,26.70762021189894
0.2,4908,-99,130982,26.682012629863515
0.2,4909,87,131069,26.694297352342158
0.2,4910,61,131130,26.701282834453266
0.2,4911,-180,130950,26.659201954397393
0.2,4912,91,131041,26.67229798493792
0.2,4913,44,131085,26.675824175824175
0.2,4914,60,131145,26.68260427263479
0.2,4915,50,131195,26.687347436940602
0.2,4916,92,131287,26.700630465731138
0.2,4917,81,131368,26.711671411142742
0.2,4918,-12,131356,26.703801585688147
0.2,4919,-18,131338,26.694715447154472
0.2,4920,72,131410,26.70392196707986
0.2,4921,75,131485,26.71373425436814
0.2,4922,44,131529,26.717245581962217
0.2,4923,77,131606,26.727457351746548
0.2,4924,-7,131599,26.72060913705584
0.2,4925,34,131633,26.72208688591149
0.2,4926,72,131705,26.731276638928353
0.2,4927,-19,131686,26.721996753246753
0.2,4928,-19,131667,26.712720632988436
0.2,4929,53,131720,26.718052738336713
0.2,4930,66,131786,26.72601906307037
0.2,4931,52,131838,26.731143552311437
0.2,4932,88,131926,26.743563754307722
0.2,4933,93,132019,26.756992298338062
0.2,4934,88,132107,26.7694022289767
0.2,4935,89,132196,26.78200972447326
0.2,4936,10,132206,26.778610492201743
0.2,4937,55,132261,26.784325637910086
0.2,4938,20,132281,26.782952014577848
0.2,4939,90,132371,26.79574898785425
0.2,4940,-66,132305,26.776968225055658
0.2,4941,94,132399,26.790570619182517
0.2,4942,80,132479,26.801335221525388
0.2,4943,41,132520,26.8042071197411
0.2,4944,56,132576,26.810111223458037
0.2,4945,67,132643,26.818236959158916
0.2,4946,-83,132560,26.79603800283
0.2,4947,-47,132513,26.781123686337914
0.2,4948,28,132541,26.781369973732065
0.2,4949,38,132579,26.783636363636365
0.2,4950,93,132672,26.7970107049081
0.2,4951,65,132737,26.8047253634895
0.2,4952,70,132807,26.813446396123563
0.2,4953,-76,132731,26.79269277351635
0.2,4954,90,132821,26.805449041372352
0.2,4955,91,132912,26.818401937046005
0.2,4956,37,132949,26.820455920919912
0.2,4957,47,132996,26.82452601855587
0.2,4958,92,133088,26.837668884855816
0.2,4959,90,133178,26.850403225806453
0.2,4960,89,133267,26.862930860713565
0.2,4961,22,133289,26.861950826279728
0.2,4962,42,133331,26.865001007455167
0.2,4963,94,133425,26.878525382755843
0.2,4964,68,133493,26.886807653575026
0.2,4965,74,133567,26.89629480467177
0.2,4966,32,133599,26.89732232736058
0.2,4967,79,133678,26.90780998389694
0.2,4968,78,133756,26.918092171463073
0.2,4969,25,133781,26.917706237424547
0.2,4970,-32,133749,26.905853952926975
0.2,4971,-72,133677,26.885961383748995
0.2,4972,87,133764,26.898049467122462
0.2,4973,94,133858,26.91154000804182
0.2,4974,72,133930,26.920603015075375
0.2,4975,-76,133854,26.899919614147908
0.2,4976,73,133927,26.90918223829616
0.2,4977,33,133960,26.910405785456007
0.2,4978,94,134054,26.923880297248445
0.2,4979,61,134115,26.930722891566266
0.2,4980,71,134186,26.939570367396104
0.2,4981,77,134263,26.949618627057408
0.2,4982,-55,134208,26.933172787477424
0.2,4983,89,134297,26.945626003210272
0.2,4984,12,134309,26.942627883650953
0.2,4985,83,134392,26.953870838347374
0.2,4986,69,134461,26.96230198516142
0.2,4987,57,134518,26.96832397754611
0.2,4988,82,134600,26.97935458007617
0.2,4989,81,134681,26.990180360721443
0.2,4990,39,134720,26.992586655980766
0.2,4991,-50,134670,26.97716346153846
0.2,4992,7,134677,26.973162427398357
0.2,4993,-23,134654,26.963155786944334
0.2,4994,-7,134647,26.956356356356356
0.2,4995,-107,134540,26.929543634907926
0.2,4996,77,134617,26.939563738242946
0.2,4997,75,134692,26.949179671868748
0.2,4998,87,134779,26.96119223844769
0.2,4999,87,134866,26.9732
0.2,5000,57,134923,26.979204159168166
0.2,5001,-133,134790,26.94722111155538
0.2,5002,60,134850,26.953827703377975
0.2,5003,26,134876,26.95363709032774
0.2,5004,40,134916,26.956243756243758
0.2,5005,-31,134885,26.944666400319615
0.2,5006,5,134890,26.940283602955862
0.2,5007,72,134962,26.949281150159745
0.2,5008,19,134981,26.94769415052905
0.2,5009,63,135044,26.954890219560877
0.2,5010,86,135130,26.966673318698863
0.2,5011,-198,134932,26.921787709497206
0.2,5012,94,135026,26.935168561739477
0.2,5013,-4,135022,26.92899880335062
0.2,5014,91,135113,26.941774675972084
0.2,5015,-19,135094,26.932615629984053
0.2,5016,-68,135026,26.913693442296193
0.2,5017,91,135117,26.92646472698286
0.2,5018,3,135120,26.92169754931261
0.2,5019,73,135193,26.930876494023906
0.2,5020,-13,135180,26.922923720374428
0.2,5021,79,135259,26.933293508562326
0.2,5022,86,135345,26.945052757316343
0.2,5023,92,135437,26.958001592356688
0.2,5024,-271,135166,26.898706467661693
0.2,5025,94,135260,26.912057302029446
0.2,5026,-15,135245,26.90371991247265
0.2,5027,-209,135036,26.856801909307876
0.2,5028,-38,134998,26.84390534897594
0.2,5029,81,135079,26.854671968190853
0.2,5030,71,135150,26.86344663088849
0.2,5031,93,135243,26.876589825119236
0.2,5032,-12,135231,26.86886548778065
0.2,5033,12,135243,26.86591179976162
0.2,5034,49,135292,26.870307845084408
0.2,5035,-304,134988,26.80460683081811
0.2,5036,81,135069,26.815366289458012
0.2,5037,16,135085,26.813219531560144
0.2,5038,-229,134856,26.762452867632465
0.2,5039,-26,134830,26.751984126984127
0.2,5040,-143,134687,26.718309859154928
0.2,5041,94,134781,26.731654105513684
0.2,5042,9,134790,26.72813801308745
0.2,5043,74,134864,26.737509912767646
0.2,5044,-103,134761,26.71179385530228
0.2,5045,52,134813,26.716805390408243
0.2,5046,-83,134730,26.69506637606499
0.2,5047,-8,134722,26.688193343898575
0.2,5048,81,134803,26.698950287185582
0.2,5049,64,134867,26.706336633663366
0.2,5050,-175,134692,26.66640269253613
0.2,5051,90,134782,26.67893903404592
0.2,5052,66,134848,26.68672075994459
0.2,5053,32,134880,26.68777206173328
0.2,5054,87,134967,26.699703264094957
0.2,5055,84,135051,26.711036392405063
0.2,5056,-139,134912,26.67826774767649
0.2,5057,94,135006,26.691577698695138
0.2,5058,84,135090,26.70290571259142
0.2,5059,89,135179,26.715217391304346
0.2,5060,94,135273,26.728512151748667
0.2,5061,-62,135211,26.710983800869222
0.2,5062,75,135286,26.720521429982224
0.2,5063,76,135362,26.730252764612953
0.2,5064,2,135364,26.725370187561698
0.2,5065,90,135454,26.73786024476905
0.2,5066,-17,135437,26.729228340240773
0.2,5067,45,135482,26.732833464877665
0.2,5068,-14,135468,26.72479779049122
0.2,5069,32,135500,26.725838264299803
0.2,5070,54,135554,26.731216722539934
0.2,5071,-109,135445,26.704455835962143
0.2,5072,-105,135340,26.678493987778435
0.2,5073,94,135434,26.69176192353173
0.2,5074,57,135491,26.697733990147782
0.2,5075,-85,135406,26.67572892040977
0.2,5076,90,135496,26.68820169391373
0.2,5077,76,135572,26.697912564001577
0.2,5078,71,135643,26.706635164402442
0.2,5079,89,135732,26.718897637795276
0.2,5080,-44,135688,26.70497933477662
0.2,5081,47,135735,26.708972845336483
0.2,5082,93,135828,26.722014558331693
0.2,5083,92,135920,26.734854445318646
0.2,5084,65,135985,26.742379547689282
0.2,5085,-6,135979,26.735941801022413
0.2,5086,56,136035,26.741694515431494
0.2,5087,82,136117,26.75255503144654
0.2,5088,28,136145,26.752800157201808
0.2,5089,91,136236,26.765422396856582
0.2,5090,75,136311,26.774896876841485
0.2,5091,7,136318,26.771013354281227
0.2,5092,94,136412,26.78421362654624
0.2,5093,73,136485,26.79328621908127
0.2,5094,-26,136459,26.782924435721295
0.2,5095,-4,136455,26.776883830455258
0.2,5096,89,136544,26.789091622523053
0.2,5097,-101,136443,26.764025107885445
0.2,5098,40,136483,26.766620906060012
0.2,5099,92,136575,26.779411764705884
0.2,5100,13,136588,26.77671044893158
0.2,5101,13,136601,26.774010192081537
0.2,5102,94,136695,26.787184009406232
0.2,5103,64,136759,26.794474921630094
0.2,5104,87,136846,26.80626836434868
0.2,5105,80,136926,26.81668625146886
0.2,5106,47,136973,26.82063833953397
0.2,5107,81,137054,26.831245105716523
0.2,5108,75,137129,26.840673321589353
0.2,5109,78,137207,26.850684931506848
0.2,5110,47,137254,26.85462727450597
0.2,5111,65,137319,26.862089201877936
0.2,5112,76,137395,26.871699589282223
0.2,5113,28,137423,26.871920219006647
0.2,5114,47,137470,26.87585532746823
0.2,5115,86,137556,26.887412040656763
0.2,5116,84,137640,26.89857338284151
0.2,5117,-5,137635,26.892340758108634
0.2,5118,80,137715,26.902715374096502
0.2,5119,12,137727,26.8998046875
0.2,5120,45,137772,26.903339191564147
0.2,5121,-61,137711,26.88617727450215
0.2,5122,74,137785,26.895373804411477
0.2,5123,30,137815,26.89597970335675
0.2,5124,-263,137552,26.83941463414634
0.2,5125,-89,137463,26.81681623097932
0.2,5126,-34,137429,26.804954164228594
0.2,5127,79,137508,26.81513260530421
0.2,5128,54,137562,26.8204328329109
0.2,5129,-391,137171,26.73898635477583
0.2,5130,74,137245,26.748197232508282
0.2,5131,-272,136973,26.689984411535463
0.2,5132,0,136973,26.684784726280927
0.2,5133,85,137058,26.696143358005454
0.2,5134,77,137135,26.70593962999026
0.2,5135,74,137209,26.715147975077883
0.2,5136,44,137253,26.718512750632666
0.2,5137,6,137259,26.714480342545738
0.2,5138,94,137353,26.72757345787118
0.2,5139,-60,137293,26.710700389105057
0.2,5140,-87,137206,26.68858198794009
0.2,5141,63,137269,26.69564371839751
0.2,5142,-48,137221,26.681119968889753
0.2,5143,93,137314,26.694012441679625
0.2,5144,81,137395,26.704567541302236
0.2,5145,43,137438,26.707734162456276
0.2,5146,71,137509,26.716339615309888
0.2,5147,-161,137348,26.67987567987568
0.2,5148,11,137359,26.676830452515052
0.2,5149,20,137379,26.675533980582525
0.2,5150,80,137459,26.685886235682393
0.2,5151,62,137521,26.692740683229815
0.2,5152,89,137610,26.704832136619444
0.2,5153,94,137704,26.71788901823826
0.2,5154,93,137797,26.73074684772066
0.2,5155,-43,137754,26.71722265321955
0.2,5156,92,137846,26.72988171417491
0.2,5157,68,137914,26.73788290034897
0.2,5158,92,138006,26.750533049040513
0.2,5159,71,138077,26.759108527131783
0.2,5160,6,138083,26.755086223600077
0.2,5161,80,138163,26.765401007361486
0.2,5162,94,138257,26.77842339724966
0.2,5163,26,138283,26.77827265685515
0.2,5164,75,138358,26.787608906098743
0.2,5165,79,138437,26.7977158343012
0.2,5166,81,138518,26.808205922198567
0.2,5167,71,138589,26.816756965944272
0.2,5168,89,138678,26.828786999419616
0.2,5169,94,138772,26.841779497098646
0.2,5170,71,138843,26.850319087217173
0.2,5171,90,138933,26.862529002320187
0.2,5172,46,138979,26.866228494104
0.2,5173,-54,138925,26.850599149594125
0.2,5174,91,139016,26.862995169082126
0.2,5175,13,139029,26.86031684698609
0.2,5176,82,139111,26.870967741935484
0.2,5177,81,139192,26.881421398223253
0.2,5178,79,139271,26.891484842633712
0.2,5179,-45,139226,26.87760617760618
0.2,5180,-134,139092,26.846554719166186
0.2,5181,82,139174,26.857197993052875
0.2,5182,37,139211,26.859154929577464
0.2,5183,95,139306,26.87229938271605
0.2,5184,72,139378,26.881002892960463
0.2,5185,13,139391,26.87832626301581
0.2,5186,93,139484,26.89107383844226
0.2,5187,25,139509,26.89070932922128
0.2,5188,-2,139507,26.88514164578917
0.2,5189,63,139570,26.892100192678228
0.2,5190,93,139663,26.90483529185128
0.2,5191,89,139752,26.916795069337443
0.2,5192,77,139829,26.9264394377046
0.2,5193,94,139923,26.939353099730457
0.2,5194,88,140011,26.951106833493743
0.2,5195,87,140098,26.962663587374905
0.2,5196,-8,140090,26.95593611699057
0.2,5197,-73,140017,26.936706425548287
0.2,5198,7,140024,26.932871706097327
0.2,5199,83,140107,26.943653846153847
0.2,5200,-2,140105,26.938088829071333
0.2,5201,25,140130,26.93771626297578
0.2,5202,88,140218,26.94945223909283
0.2,5203,35,140253,26.95099923136049
0.2,5204,37,140290,26.952929875120077
0.2,5205,29,140319,26.95332308874376
0.2,5206,63,140382,26.96024582293067
0.2,5207,-15,140367,26.952188940092167
0.2,5208,79,140446,26.962180840852373
0.2,5209,-32,140414,26.950863723608446
0.2,5210,-151,140263,26.916714642103244
0.2,5211,-140,140123,26.88468917881811
0.2,5212,62,140185,26.89142528294648
0.2,5213,-21,140164,26.882240122746452
0.2,5214,89,140253,26.894151486097794
0.2,5215,68,140321,26.902032208588956
0.2,5216,-22,140299,26.89265861606287
0.2,5217,94,140393,26.905519356075125
0.2,5218,76,140469,26.914926231078752
0.2,5219,60,140529,26.921264367816093
0.2,5220,-1,140528,26.91591649109366
0.2,5221,78,140606,26.925698965913444
0.2,5222,94,140700,26.938541068351523
0.2,5223,94,140794,26.95137825421133
0.2,5224,73,140867,26.96019138755981
0.2,5225,66,140933,26.96766169154229
0.2,5226,63,140996,26.974555194184045
0.2,5227,21,141017,26.973412394797247
0.2,5228,-16,141001,26.965194109772423
0.2,5229,56,141057,26.97074569789675
0.2,5230,12,141069,26.967883769833684
0.2,5231,-24,141045,26.958142201834864
0.2,5232,86,141131,26.96942480412765
0.2,5233,-312,140819,26.904661826518915
0.2,5234,81,140900,26.914995224450813
0.2,5235,-43,140857,26.901642475171887
0.2,5236,75,140932,26.910826809241932
0.2,5237,92,141024,26.923253150057274
0.2,5238,77,141101,26.93281160526818
0.2,5239,61,141162,26.939312977099238
0.2,5240,88,141250,26.95096355657317
0.2,5241,88,141338,26.96260969095765
0.2,5242,93,141431,26.975205035285143
0.2,5243,86,141517,26.986460717009916
0.2,5244,85,141602,26.997521448999045
0.2,5245,-42,141560,26.98436904308044
0.2,5246,94,141654,26.99714122355632
0.2,5247,-61,141593,26.980373475609756
0.2,5248,54,141647,26.985521051628883
0.2,5249,89,141736,26.997333333333334
0.2,5250,51,141787,27.001904399162065
0.2,5251,80,141867,27.01199543031226
0.2,5252,-33,141834,27.000571102227298
0.2,5253,12,141846,26.99771602588504
0.2,5254,20,141866,26.99638439581351
0.2,5255,56,141922,27.001902587519027
0.2,5256,20,141942,27.00057066768119
0.2,5257,32,141974,27.00152149106124
0.2,5258,85,142059,27.0125499144324
0.2,5259,83,142142,27.02319391634981
0.2,5260,-31,142111,27.012164987644933
0.2,5261,77,142188,27.021664766248573
0.2,5262,89,142277,27.033441003230095
0.2,5263,57,142334,27.039133738601823
0.2,5264,24,142358,27.038556505223173
0.2,5265,-19,142339,27.029813900493732
0.2,5266,92,142431,27.042149231061327
0.2,5267,87,142518,27.05353075170843
0.2,5268,1,142519,27.048586069462896
0.2,5269,88,142607,27.060151802656545
0.2,5270,-54,142553,27.044773287801178
0.2,5271,6,142559,27.04078148710167
0.2,5272,87,142646,27.05215247487199
0.2,5273,82,142728,27.062571103526736
0.2,5274,-300,142428,27.000568720379146
0.2,5275,90,142518,27.01250947687642
0.2,5276,86,142604,27.023687701345462
0.2,5277,-44,142560,27.010231148162184
0.2,5278,92,142652,27.022542148134118
0.2,5279,-30,142622,27.011742424242424
0.2,5280,-29,142593,27.00113614845673
0.2,5281,-170,142423,26.963839454751987
0.2,5282,89,142512,26.9755820556502
0.2,5283,81,142593,26.985806207418623
0.2,5284,-41,142552,26.97294228949858
0.2,5285,-308,142244,26.909572455542943
0.2,5286,12,142256,26.906752411575564
0.2,5287,70,142326,26.914901664145233
0.2,5288,24,142350,26.914350538854226
0.2,5289,87,142437,26.925708884688092
0.2,5290,-190,142247,26.884709884709885
0.2,5291,62,142309,26.89134542705971
0.2,5292,93,142402,26.9038352541092
0.2,5293,54,142456,26.908953532300718
0.2,5294,-18,142438,26.900472143531633
0.2,5295,35,142473,26.902001510574017
0.2,5296,15,142488,26.899754578063053
0.2,5297,93,142581,26.912231030577576
0.2,5298,-87,142494,26.89073410077373
0.2,5299,54,142548,26.895849056603772
0.2,5300,-55,142493,26.88039992454254
0.2,5301,-25,142468,26.870614862316106
0.2,5302,26,142494,26.870450688289647
0.2,5303,-81,142413,26.850113122171944
0.2,5304,94,142507,26.862770970782282
0.2,5305,47,142554,26.866566151526573
0.2,5306,-113,142441,26.840211042019973
0.2,5307,94,142535,26.852863602110023
0.2,5308,81,142616,26.863062723676776
0.2,5309,48,142664,26.867043314500943
0.2,5310,67,142731,26.874599887026925
0.2,5311,93,142824,26.887048192771083
0.2,5312,-25,142799,26.877282138151703
0.2,5313,24,142823,26.876740684983062
0.2,5314,36,142859,26.878457196613358
0.2,5315,93,142952,26.89089541008277
0.2,5316,94,143046,26.903517020876436
0.2,5317,94,143140,26.91613388491914
0.2,5318,91,143231,26.928181989095695
0.2,5319,88,143319,26.93966165413534
0.2,5320,92,143411,26.951888742717536
0.2,5321,87,143498,26.963171739947388
0.2,5322,75,143573,26.97219613000188
0.2,5323,91,143664,26.984222389181067
0.2,5324,-116,143548,26.95737089201878
0.2,5325,1,143549,26.95249718362749
0.2,5326,83,143632,26.963018584569177
0.2,5327,19,143651,26.961524024024023
0.2,5328,92,143743,26.973728654531808
0.2,5329,86,143829,26.984803001876173
0.2,5330,69,143898,26.99268429938098
0.2,5331,33,143931,26.993810952738183
0.2,5332,94,144025,27.006375398462403
0.2,5333,91,144116,27.018372703412073
0.2,5334,-7,144109,27.01199625117151
0.2,5335,-279,143830,26.95464767616192
0.2,5336,-201,143629,26.911935544313284
0.2,5337,61,143690,26.918321468714876
0.2,5338,94,143784,26.93088593369545
0.2,5339,76,143860,26.94007490636704
0.2,5340,54,143914,26.945141359296013
0.2,5341,94,144008,26.957693747660052
0.2,5342,66,144074,26.965000935803854
0.2,5343,85,144159,26.975860778443113
0.2,5344,83,144242,26.986342376052384
0.2,5345,35,144277,26.987841376730266
0.2,5346,66,144343,26.99513746025809
0.2,5347,93,144436,27.0074794315632
0.2,5348,24,144460,27.006917180781453
0.2,5349,91,144551,27.018878504672898
0.2,5350,85,144636,27.02971407213605
0.2,5351,-58,144578,27.013826606875934
0.2,5352,87,144665,27.02503269194844
0.2,5353,45,144710,27.028389988793425
0.2,5354,53,144763,27.033239962651727
0.2,5355,35,144798,27.034727408513817
0.2,5356,54,144852,27.039761060294943
0.2,5357,68,144920,27.04740574841359
0.2,5358,77,144997,27.056727001306214
0.2,5359,43,145040,27.059701492537314
0.2,5360,40,145080,27.062115277000558
0.2,5361,36,145116,27.06378217083178
0.2,5362,59,145175,27.069737087451053
0.2,5363,74,145249,27.07848620432513
0.2,5364,-83,145166,27.057968313140726
0.2,5365,23,145189,27.05721207603429
0.2,5366,-193,144996,27.016210173281163
0.2,5367,90,145086,27.0279433681073
0.2,5368,84,145170,27.03855466567331
0.2,5369,64,145234,27.045437616387336
0.2,5370,72,145306,27.053807484639734
0.2,5371,-11,145295,27.046723752792257
0.2,5372,89,145384,27.05825423413363
0.2,5373,82,145466,27.068477856345368
0.2,5374,62,145528,27.074976744186046
0.2,5375,27,145555,27.074962797619047
0.2,5376,5,145560,27.07085735540264
0.2,5377,24,145584,27.070286351803645
0.2,5378,89,145673,27.081799591002046
0.2,5379,16,145689,27.079739776951673
0.2,5380,88,145777,27.09106114105185
0.2,5381,14,145791,27.088628762541806
0.2,5382,25,145816,27.08824075794167
0.2,5383,85,145901,27.098997028231796
0.2,5384,78,145979,27.10844939647168
0.2,5385,91,146070,27.120311919792055
0.2,5386,28,146098,27.12047521811769
0.2,5387,85,146183,27.13121752041574
0.2,5388,92,146275,27.143254778251993
0.2,5389,75,146350,27.15213358070501
0.2,5390,-137,146213,27.121684288629197
0.2,5391,88,146301,27.132974777448073
0.2,5392,74,146375,27.141665121453737
0.2,5393,37,146412,27.14349276974416
0.2,5394,-7,146405,27.137164040778497
0.2,5395,-18,146387,27.128799110452185
0.2,5396,-8,146379,27.122290161200667
0.2,5397,92,146471,27.134309003334568
0.2,5398,61,146532,27.14058158918318
0.2,5399,74,146606,27.14925925925926
0.2,5400,-46,146560,27.1357156082207
0.2,5401,-19,146541,27.127175120325806
0.2,5402,-137,146404,27.09679807514344
0.2,5403,29,146433,27.09715025906736
0.2,5404,85,146518,27.10786308973173
0.2,5405,81,146599,27.11783203847577
0.2,5406,-227,146372,27.070834103939337
0.2,5407,79,146451,27.080436390532544
0.2,5408,57,146508,27.085967831392125
0.2,5409,-13,146495,27.078558225508317
0.2,5410,17,146512,27.076695620033266
0.2,5411,18,146530,27.0750184774575
0.2,5412,-40,146490,27.06262700905228
0.2,5413,28,146518,27.062800147765053
0.2,5414,-28,146490,27.05263157894737
0.2,5415,46,146536,27.056129985228953
0.2,5416,80,146616,27.06590363669928
0.2,5417,60,146676,27.07198228128461
0.2,5418,32,146708,27.07289167743126
0.2,5419,67,146775,27.080258302583026
0.2,5420,-60,146715,27.064194798007748
0.2,5421,90,146805,27.075802286978973
0.2,5422,57,146862,27.081320302415637
0.2,5423,66,146928,27.088495575221238
0.2,5424,-39,146889,27.0763133640553
0.2,5425,88,146977,27.087541467010688
0.2,5426,69,147046,27.095264418647503
0.2,5427,77,147123,27.10445836403832
0.2,5428,94,147217,27.11678025419046
0.2,5429,-57,147160,27.101289134438307
0.2,5430,71,147231,27.109372122997605
0.2,5431,24,147255,27.10879970544919
0.2,5432,79,147334,27.118350819068656
0.2,5433,75,147409,27.12716231137284
0.2,5434,18,147427,27.125482980680772
0.2,5435,89,147516,27.136865342163354
0.2,5436,68,147584,27.144381092514255
0.2,5437,94,147678,27.156675248253034
0.2,5438,15,147693,27.154440154440156
0.2,5439,91,147784,27.166176470588237
0.2,5440,66,147850,27.173313729093916
0.2,5441,25,147875,27.172914369717017
0.2,5442,-14,147861,27.16534999081389
0.2,5443,91,147952,27.177075679647317
0.2,5444,89,148041,27.188429752066117
0.2,5445,88,148129,27.199596033786264
0.2,5446,91,148220,27.211308977418764
0.2,5447,52,148272,27.215859030837006
0.2,5448,92,148364,27.227748210680858
0.2,5449,85,148449,27.23834862385321
0.2,5450,65,148514,27.24527609612915
0.2,5451,91,148605,27.25696991929567
0.2,5452,75,148680,27.265725288831835
0.2,5453,64,148744,27.27246057939127
0.2,5454,41,148785,27.274977085242895
0.2,5455,-3,148782,27.26942815249267
0.2,5456,76,148858,27.27835807220084
0.2,5457,47,148905,27.281971418101868
0.2,5458,73,148978,27.29034621725591
0.2,5459,-13,148965,27.282967032967033
0.2,5460,18,148983,27.281267167185497
0.2,5461,-1,148982,27.276089344562433
0.2,5462,40,149022,27.27841845140033
0.2,5463,85,149107,27.28898243045388
0.2,5464,76,149183,27.29789569990851
0.2,5465,48,149231,27.30168313208928
0.2,5466,73,149304,27.31004207060545
0.2,5467,14,149318,27.30760790051207
0.2,5468,87,149405,27.31852258182483
0.2,5469,77,149482,27.327605118829982
0.2,5470,11,149493,27.324620727472126
0.2,5471,-90,149403,27.303179824561404
0.2,5472,93,149496,27.31518362872282
0.2,5473,-17,149479,27.30708805261235
0.2,5474,91,149570,27.318721461187213
0.2,5475,-274,149296,27.263696128560994
0.2,5476,92,149388,27.27551579331751
0.2,5477,-101,149287,27.252099306316175
0.2,5478,54,149341,27.256981200949078
0.2,5479,74,149415,27.26551094890511
0.2,5480,28,149443,27.26564495530013
0.2,5481,87,149530,27.276541408245166
0.2,5482,88,149618,27.287616268466167
0.2,5483,22,149640,27.286652078774615
0.2,5484,51,149691,27.290975387420236
0.2,5485,94,149785,27.30313525337222
0.2,5486,-1,149784,27.29797703663204
0.2,5487,88,149872,27.309037900874635
0.2,5488,84,149956,27.319366004736747
0.2,5489,41,149997,27.32185792349727
0.2,5490,69,150066,27.329448187943907
0.2,5491,77,150143,27.338492352512745
0.2,5492,50,150193,27.34261787729838
0.2,5493,80,150273,27.352202402621042
0.2,5494,82,150355,27.362147406733396
0.2,5495,46,150401,27.365538573508005
0.2,5496,87,150488,27.376387120247408
0.2,5497,67,150555,27.383594034194253
0.2,5498,59,150614,27.38934351700309
0.2,5499,92,150706,27.401090909090907
0.2,5500,65,150771,27.40792583166697
0.2,5501,61,150832,27.414031261359504
0.2,5502,71,150903,27.42195166272942
0.2,5503,38,150941,27.42387354651163
0.2,5504,85,151026,27.43433242506812
0.2,5505,80,151106,27.443879404286232
0.2,5506,74,151180,27.452333393862357
0.2,5507,-312,150868,27.390704429920117
0.2,5508,22,150890,27.389725903067706
0.2,5509,12,150902,27.38693284936479
0.2,5510,53,150955,27.391580475412812
0.2,5511,24,150979,27.390965166908565
0.2,5512,86,151065,27.40159622709958
0.2,5513,68,151133,27.408959013420386
0.2,5514,65,151198,27.415775158658207
0.2,5515,58,151256,27.421319796954315
0.2,5516,80,151336,27.430850099691863
0.2,5517,82,151418,27.44073939833273
0.2,5518,89,151507,27.451893458959958
0.2,5519,19,151526,27.45036231884058
0.2,5520,92,151618,27.462053975729035
0.2,5521,92,151710,27.473741398044186
0.2,5522,62,151772,27.479992757559298
0.2,5523,41,151813,27.482440260680665
0.2,5524,93,151906,27.494298642533938
0.2,5525,-46,151860,27.48099891422367
0.2,5526,7,151867,27.477293287497737
0.2,5527,-24,151843,27.46798118668596
0.2,5528,-38,151805,27.45614035087719
0.2,5529,88,151893,27.46708860759494
0.2,5530,56,151949,27.4722473332128
0.2,5531,6,151955,27.46836587129429
0.2,5532,24,151979,27.46773902042292
0.2,5533,51,152030,27.471991326346224
0.2,5534,92,152122,27.483649503161697
0.2,5535,22,152144,27.482658959537574
0.2,5536,74,152218,27.49106014087051
0.2,5537,75,152293,27.499638858793787
0.2,5538,78,152371,27.50875609315761
0.2,5539,79,152450,27.518050541516246
0.2,5540,34,152484,27.51922035733622
0.2,5541,37,152521,27.52093107181523
0.2,5542,24,152545,27.52029586866318
0.2,5543,39,152584,27.52236652236652
0.2,5544,92,152676,27.533994589720468
0.2,5545,55,152731,27.538946988820772
0.2,5546,89,152820,27.55002704164413
0.2,5547,92,152912,27.561643835616437
0.2,5548,69,152981,27.569111551630925
0.2,5549,86,153067,27.57963963963964
0.2,5550,38,153105,27.581516843811926
0.2,5551,-49,153056,27.56772334293948
0.2,5552,71,153127,27.57554475058527
0.2,5553,68,153195,27.58282319049334
0.2,5554,17,153212,27.58091809180918
0.2,5555,43,153255,27.583693304535636
0.2,5556,94,153349,27.59564513226561
0.2,5557,63,153412,27.602015113350127
0.2,5558,66,153478,27.608922468069796
0.2,5559,47,153525,27.612410071942445
0.2,5560,94,153619,27.62434813882395
0.2,5561,56,153675,27.629449838187703
0.2,5562,67,153742,27.63652705374798
0.2,5563,86,153828,27.647016534867003
0.2,5564,85,153913,27.657322551662173
0.2,5565,84,153997,27.667445203018325
0.2,5566,80,154077,27.676845697862404
0.2,5567,84,154161,27.68696120689655
0.2,5568,94,154255,27.698868737654877
0.2,5569,-164,154091,27.664452423698386
0.2,5570,36,154127,27.665948662717646
0.2,5571,-56,154071,27.650933237616655
0.2,5572,-27,154044,27.641126861654406
0.2,5573,79,154123,27.650340868317187
0.2,5574,14,154137,27.647892376681614
0.2,5575,77,154214,27.65674318507891
0.2,5576,80,154294,27.66612874305182
0.2,5577,81,154375,27.67569021154536
0.2,5578,29,154404,27.675927585588816
0.2,5579,90,154494,27.68709677419355
0.2,5580,84,154578,27.697186884070955
0.2,5581,85,154663,27.707452525976354
0.2,5582,35,154698,27.708758731864588
0.2,5583,69,154767,27.71615329512894
0.2,5584,84,154851,27.726230975828113
0.2,5585,87,154938,27.736842105263158
0.2,5586,88,155026,27.74762842312511
0.2,5587,88,155114,27.758410880458126
0.2,5588,94,155208,27.770263016639827
0.2,5589,76,155284,27.778890876565296
0.2,5590,20,155304,27.7774995528528
0.2,5591,77,155381,27.786301859799714
0.2,5592,-67,155314,27.76935455033077
0.2,5593,42,155356,27.771898462638543
0.2,5594,62,155418,27.778016085790885
0.2,5595,83,155501,27.787884203002143
0.2,5596,-117,155384,27.762015365374307
0.2,5597,-519,154865,27.664344408717398
0.2,5598,62,154927,27.6704768708698
0.2,5599,79,155006,27.679642857142856
0.2,5600,92,155098,27.691126584538477
0.2,5601,92,155190,27.70260621206712
0.2,5602,83,155273,27.712475459575227
0.2,5603,39,155312,27.71448965024982
0.2,5604,66,155378,27.721320249776984
0.2,5605,62,155440,27.72743489118801
0.2,5606,83,155523,27.73729266987694
0.2,5607,59,155582,27.74286733238231
0.2,5608,59,155641,27.748440007131396
0.2,5609,90,155731,27.75953654188948
0.2,5610,90,155821,27.77062912136874
0.2,5611,94,155915,27.782430506058446
0.2,5612,35,155950,27.783716372706216
0.2,5613,90,156040,27.794798717491986
0.2,5614,66,156106,27.80160284951024
0.2,5615,75,156181,27.810007122507123
0.2,5616,16,156197,27.80790457539612
0.2,5617,53,156250,27.812388750445
0.2,5618,92,156342,27.82381206620395
0.2,5619,-75,156267,27.805516014234875
0.2,5620,92,156359,27.816936488169365
0.2,5621,73,156432,27.82497331910352
0.2,5622,58,156490,27.830339676329363
0.2,5623,52,156542,27.834637268847796
0.2,5624,9,156551,27.83128888888889
0.2,5625,42,156593,27.83380732314255
0.2,5626,-59,156534,27.81837568864404
0.2,5627,-2,156532,27.81307746979389
0.2,5628,-35,156497,27.80191863563688
0.2,5629,90,156587,27.81296625222025
0.2,5630,49,156636,27.816728822589237
0.2,5631,94,156730,27.828480113636363
0.2,5632,73,156803,27.836499201136164
0.2,5633,73,156876,27.84451544195953
0.2,5634,-15,156861,27.836912156166814
0.2,5635,-46,156815,27.823811213626687
0.2,5636,92,156907,27.8351960262551
0.2,5637,-54,156853,27.820681092586025
0.2,5638,-40,156813,27.80865401666962
0.2,5639,65,156878,27.815248226950356
0.2,5640,29,156907,27.815458252082966
0.2,5641,-295,156612,27.75824175824176
0.2,5642,93,156705,27.769803296119086
0.2,5643,89,156794,27.780652019844084
0.2,5644,37,156831,27.782285208148803
0.2,5645,94,156925,27.794013460857244
0.2,5646,-1,156924,27.78891446785904
0.2,5647,17,156941,27.787004249291783
0.2,5648,90,157031,27.79801734820322
0.2,5649,-141,156890,27.768141592920355
0.2,5650,25,156915,27.767651743054326
0.2,5651,45,156960,27.770700636942674
0.2,5652,-230,156730,27.72510171590306
0.2,5653,15,156745,27.722851078882208
0.2,5654,29,156774,27.723076923076924
0.2,5655,40,156814,27.725247524752476
0.2,5656,88,156902,27.735902421778327
0.2,5657,-158,156744,27.703075291622483
0.2,5658,86,156830,27.713376921717618
0.2,5659,-56,156774,27.698586572438163
0.2,5660,90,156864,27.709591944886064
0.2,5661,84,156948,27.719533733663017
0.2,5662,90,157038,27.73053152039555
0.2,5663,88,157126,27.74117231638418
0.2,5664,23,157149,27.740335392762578
0.2,5665,77,157226,27.74902929756442
0.2,5666,81,157307,27.75842597494265
0.2,5667,-60,157247,27.742942836979534
0.2,5668,37,157284,27.74457576292115
0.2,5669,36,157320,27.746031746031747
0.2,5670,94,157414,27.757714688767415
0.2,5671,-2,157412,27.7524682651622
0.2,5672,-2,157410,27.747223691168696
0.2,5673,86,157496,27.757490306661968
0.2,5674,-23,157473,27.748546255506607
0.2,5675,93,157566,27.760042283298098
0.2,5676,12,157578,27.757266161705125
0.2,5677,27,157605,27.757132793237055
0.2,5678,94,157699,27.76879732347244
0.2,5679,88,157787,27.779401408450703
0.2,5680,76,157863,27.787889456081675
0.2,5681,-3,157860,27.78247096092925
0.2,5682,35,157895,27.78374098187577
0.2,5683,58,157953,27.78905700211119
0.2,5684,60,158013,27.79472295514512
0.2,5685,-6,158007,27.78877945831868
0.2,5686,82,158089,27.798311939511166
0.2,5687,53,158142,27.802742616033754
0.2,5688,81,158223,27.81209351379856
0.2,5689,94,158317,27.82372583479789
0.2,5690,-43,158274,27.811280969952556
0.2,5691,64,158338,27.817638791286015
0.2,5692,86,158424,27.8278587739329
0.2,5693,88,158512,27.83842641376888
0.2,5694,42,158554,27.84091308165057
0.2,5695,4,158558,27.836727528089888
0.2,5696,50,158608,27.840617869053887
0.2,5697,64,158672,27.846963846963845
0.2,5698,94,158766,27.858571679241972
0.2,5699,63,158829,27.864736842105263
0.2,5700,90,158919,27.87563585335906
0.2,5701,-65,158854,27.859347597334267
0.2,5702,81,158935,27.868665614588814
0.2,5703,85,159020,27.878681626928472
0.2,5704,75,159095,27.886941279579318
0.2,5705,38,159133,27.88871363477042
0.2,5706,86,159219,27.898896092517962
0.2,5707,66,159285,27.905571128241064
0.2,5708,-8,159277,27.89928183569802
0.2,5709,-27,159250,27.889667250437828
0.2,5710,17,159267,27.887760462265803
0.2,5711,92,159359,27.898984593837536
0.2,5712,94,159453,27.91055487484684
0.2,5713,-140,159313,27.881169058452922
0.2,5714,-499,158814,27.788976377952757
0.2,5715,93,158907,27.80038488453464
0.2,5716,80,158987,27.80951548014693
0.2,5717,52,159039,27.813746065057714
0.2,5718,94,159133,27.82531911173282
0.2,5719,-283,158850,27.77097902097902
0.2,5720,5,158855,27.766998776437685
0.2,5721,70,158925,27.774379587556798
0.2,5722,79,159004,27.78333042110781
0.2,5723,86,159090,27.79350104821803
0.2,5724,42,159132,27.795982532751093
0.2,5725,67,159199,27.802829200139712
0.2,5726,6,159205,27.799022175659157
0.2,5727,80,159285,27.808135474860336
0.2,5728,88,159373,27.81864199685809
0.2,5729,67,159440,27.82547993019197
0.2,5730,-56,159384,27.810853254231372
0.2,5731,26,159410,27.81053733426378
0.2,5732,-132,159278,27.782661782661783
0.2,5733,-9,159269,27.7762469480293
0.2,5734,67,159336,27.78308631211857
0.2,5735,82,159418,27.792538354253836
0.2,5736,-34,159384,27.781767474289698
0.2,5737,49,159433,27.785465318926455
0.2,5738,-48,159385,27.772259975605508
0.2,5739,59,159444,27.777700348432056
0.2,5740,70,159514,27.78505486848981
0.2,5741,-104,159410,27.762103796586555
0.2,5742,-63,159347,27.74629984328748
0.2,5743,-46,159301,27.733461002785514
0.2,5744,84,159385,27.74325500435161
0.2,5745,-161,159224,27.710407239819006
0.2,5746,-108,159116,27.68679310944841
0.2,5747,-78,159038,27.66840640222686
0.2,5748,92,159130,27.679596451556794
0.2,5749,72,159202,27.687304347826085
0.2,5750,82,159284,27.696748391584073
0.2,5751,89,159373,27.70740611961057
0.2,5752,-25,159348,27.698244394229096
0.2,5753,59,159407,27.703684393465416
0.2,5754,61,159468,27.70947002606429
0.2,5755,59,159527,27.71490618485059
0.2,5756,37,159564,27.716519020323084
0.2,5757,90,159654,27.72733588051407
0.2,5758,4,159658,27.72321583608265
0.2,5759,-40,159618,27.711458333333333
0.2,5760,94,159712,27.722964763061967
0.2,5761,65,159777,27.7294342242277
0.2,5762,84,159861,27.739198334200935
0.2,5763,73,159934,27.7470506592644
0.2,5764,54,159988,27.75160450997398
0.2,5765,77,160065,27.760145681581687
0.2,5766,22,160087,27.759146870123114
0.2,5767,44,160131,27.761962552011095
0.2,5768,28,160159,27.762003813485872
0.2,5769,82,160241,27.771403812824957
0.2,5770,54,160295,27.775948709062554
0.2,5771,91,160386,27.786902286902286
0.2,5772,87,160473,27.797159189329637
0.2,5773,1,160474,27.792518184967093
0.2,5774,-80,160394,27.773852813852812
0.2,5775,-4,160390,27.768351800554015
0.2,5776,39,160429,27.770296001384803
0.2,5777,85,160514,27.78020076150917
0.2,5778,-24,160490,27.771240699082885
0.2,5779,55,160545,27.775951557093425
0.2,5780,8,160553,27.772530704030444
0.2,5781,86,160639,27.782601176063647
0.2,5782,85,160724,27.79249524468269
0.2,5783,-10,160714,27.785961272475795
0.2,5784,-224,160490,27.742437337942956
0.2,5785,82,160572,27.751814725198756
0.2,5786,26,160598,27.751512009676862
0.2,5787,-40,160558,27.739806496199034
0.2,5788,89,160647,27.750388668163758
0.2,5789,27,160674,27.75025906735751
0.2,5790,88,160762,27.76066309791055
0.2,5791,62,160824,27.766574585635357
0.2,5792,71,160895,27.774037631624374
0.2,5793,86,160981,27.784086986537798
0.2,5794,53,161034,27.78843830888697
0.2,5795,92,161126,27.79951690821256
0.2,5796,86,161212,27.809556667241676
0.2,5797,-83,161129,27.790444981027942
0.2,5798,90,161219,27.80117261596827
0.2,5799,63,161282,27.807241379310344
0.2,5800,47,161329,27.81054990518876
0.2,5801,-212,161117,27.769217511203035
0.2,5802,81,161198,27.778390487678788
0.2,5803,94,161292,27.789800137835975
0.2,5804,16,161308,27.78776916451335
0.2,5805,73,161381,27.795556321047194
0.2,5806,91,161472,27.806440502841397
0.2,5807,23,161495,27.805612947658403
0.2,5808,61,161556,27.811327250817698
0.2,5809,90,161646,27.822030981067126
0.2,5810,30,161676,27.822405782137327
0.2,5811,52,161728,27.826565726083963
0.2,5812,-18,161710,27.81868226389128
0.2,5813,-30,161680,27.80873753009976
0.2,5814,-19,161661,27.800687876182288
0.2,5815,88,161749,27.811038514442917
0.2,5816,85,161834,27.820869864191163
0.2,5817,89,161923,27.831385355792367
0.2,5818,-66,161857,27.815260354012718
0.2,5819,83,161940,27.824742268041238
0.2,5820,-77,161863,27.80673423810342
0.2,5821,-156,161707,27.775163174166952
0.2,5822,-112,161595,27.751159196290573
0.2,5823,80,161675,27.760130494505493
0.2,5824,-91,161584,27.739742489270387
0.2,5825,92,161676,27.750772399588055
0.2,5826,28,161704,27.750815170756823
0.2,5827,8,161712,27.74742621825669
0.2,5828,-6,161706,27.741636644364384
0.2,5829,88,161794,27.75197255574614
0.2,5830,74,161868,27.759903961584634
0.2,5831,94,161962,27.771262002743484
0.2,5832,88,162050,27.781587519286816
0.2,5833,42,162092,27.784024682893385
0.2,5834,-110,161982,27.760411311053986
0.2,5835,30,162012,27.76079506511309
0.2,5836,61,162073,27.76648963508652
0.2,5837,70,162143,27.773723878040425
0.2,5838,63,162206,27.77975680767255
0.2,5839,-33,162173,27.769349315068492
0.2,5840,-359,161814,27.703133025166924
0.2,5841,85,161899,27.712940773707633
0.2,5842,84,161983,27.722574020195104
0.2,5843,92,162075,27.733572895277206
0.2,5844,93,162168,27.74473909324209
0.2,5845,93,162261,27.755901471091345
0.2,5846,6,162267,27.752180605438685
0.2,5847,93,162360,27.763337893296853
0.2,5848,-47,162313,27.750555650538555
0.2,5849,89,162402,27.76102564102564
0.2,5850,-56,162346,27.7467099641087
0.2,5851,-38,162308,27.735475051264526
0.2,5852,-273,162035,27.684093627199726
0.2,5853,-10,162025,27.677656303382303
0.2,5854,74,162099,27.685567890691715
0.2,5855,8,162107,27.682206284153004
0.2,5856,53,162160,27.686528939730238
0.2,5857,72,162232,27.694093547285764
0.2,5858,85,162317,27.703874381293737
0.2,5859,83,162400,27.713310580204777
0.2,5860,69,162469,27.720354888244326
0.2,5861,-11,162458,27.713749573524396
0.2,5862,50,162508,27.717550741940986
0.2,5863,52,162560,27.72169167803547
0.2,5864,56,162616,27.726513213981246
0.2,5865,68,162684,27.733378793044665
0.2,5866,32,162716,27.734106016703596
0.2,5867,3,162719,27.729890933878664
0.2,5868,14,162733,27.72755154200034
0.2,5869,61,162794,27.733219761499146
0.2,5870,-26,162768,27.724067450178847
0.2,5871,-2,162766,27.71900544959128
0.2,5872,74,162840,27.72688574833986
0.2,5873,64,162904,27.733060946544093
0.2,5874,-123,162781,27.707404255319148
0.2,5875,82,162863,27.716643975493533
0.2,5876,30,162893,27.717032499574614
0.2,5877,81,162974,27.72609731201089
0.2,5878,43,163017,27.72869535635312
0.2,5879,-20,162997,27.720578231292517
0.2,5880,-44,162953,27.70838292807346
0.2,5881,-16,162937,27.700952057123427
0.2,5882,38,162975,27.7027027027027
0.2,5883,79,163054,27.71142080217539
0.2,5884,-22,163032,27.702973661852166
0.2,5885,4,163036,27.698946653075094
0.2,5886,88,163124,27.709189740105316
0.2,5887,-65,163059,27.69344429347826
0.2,5888,-108,162951,27.67040244523688
0.2,5889,50,163001,27.674193548387098
0.2,5890,89,163090,27.68460363265999
0.2,5891,57,163147,27.68957909029192
0.2,5892,73,163220,27.697267945019515
0.2,5893,74,163294,27.70512385476756
0.2,5894,-85,163209,27.686005089058526
0.2,5895,-26,163183,27.67689959294437
0.2,5896,94,163277,27.68814651517721
0.2,5897,46,163323,27.691251271617496
0.2,5898,-23,163300,27.682658077640276
0.2,5899,74,163374,27.690508474576273
0.2,5900,94,163468,27.701745466870022
0.2,5901,84,163552,27.711284310403254
0.2,5902,3,163555,27.707098085719124
0.2,5903,-33,163522,27.696815718157183
0.2,5904,89,163611,27.707197290431836
0.2,5905,-242,163369,27.661530646799864
0.2,5906,-26,163343,27.652446250211614
0.2,5907,-56,163287,27.638287068381857
0.2,5908,-46,163241,27.625825012692502
0.2,5909,-197,163044,27.58781725888325
0.2,5910,72,163116,27.595330739299612
0.2,5911,56,163172,27.600135317997292
0.2,5912,27,163199,27.600033823778116
0.2,5913,94,163293,27.61126141359486
0.2,5914,86,163379,27.621132713440407
0.2,5915,83,163462,27.630493576741042
0.2,5916,64,163526,27.63664018928511
0.2,5917,78,163604,27.64515038864481
0.2,5918,-3,163601,27.639972968406827
0.2,5919,-69,163532,27.623648648648647
0.2,5920,65,163597,27.629961155210268
0.2,5921,-86,163511,27.610773387369132
0.2,5922,45,163556,27.613709268951546
0.2,5923,-27,163529,27.60449020931803
0.2,5924,86,163615,27.61434599156118
0.2,5925,83,163698,27.62369220384745
0.2,5926,28,163726,27.623755694280412
0.2,5927,-7,163719,27.617914979757085
0.2,5928,82,163801,27.62708719851577
0.2,5929,62,163863,27.632883642495784
0.2,5930,76,163939,27.6410386106896
0.2,5931,80,164019,27.64986513823331
0.2,5932,55,164074,27.654474970503962
0.2,5933,-31,164043,27.64459049544995
0.2,5934,92,164135,27.65543386689132
0.2,5935,92,164227,27.66627358490566
0.2,5936,45,164272,27.66919319521644
0.2,5937,88,164360,27.67935331761536
0.2,5938,90,164450,27.68984677555144
0.2,5939,76,164526,27.697979797979798
0.2,5940,-102,164424,27.676148796498907
0.2,5941,92,164516,27.686974082800404
0.2,5942,85,164601,27.696617869762747
0.2,5943,58,164659,27.70171601615074
0.2,5944,-27,164632,27.69251471825063
0.2,5945,74,164706,27.700302724520686
0.2,5946,84,164790,27.7097696317471
0.2,5947,30,164820,27.710154673839945
0.2,5948,-7,164813,27.704320053790553
0.2,5949,83,164896,27.71361344537815
0.2,5950,88,164984,27.72374390858679
0.2,5951,57,165041,27.728662634408604
0.2,5952,55,165096,27.733243742650764
0.2,5953,-112,164984,27.70977494121599
0.2,5954,18,165002,27.708144416456758
0.2,5955,58,165060,27.713230355943587
0.2,5956,68,165128,27.719993285210677
0.2,5957,36,165164,27.721383014434373
0.2,5958,-4,165160,27.716059741567378
0.2,5959,-65,165095,27.700503355704697
0.2,5960,65,165160,27.7067606106358
0.2,5961,61,165221,27.712344850721234
0.2,5962,-151,165070,27.682374643635754
0.2,5963,94,165164,27.6934942991281
0.2,5964,-145,165019,27.664543168482815
0.2,5965,53,165072,27.668789808917197
0.2,5966,91,165163,27.679403385285738
0.2,5967,85,165248,27.68900804289544
0.2,5968,82,165330,27.698106885575474
0.2,5969,85,165415,27.707705192629817
0.2,5970,65,165480,27.713950762016413
0.2,5971,67,165547,27.72052913596785
0.2,5972,-176,165371,27.68642223338356
0.2,5973,-17,165354,27.67894208235688
0.2,5974,90,165444,27.68937238493724
0.2,5975,88,165532,27.69946452476573
0.2,5976,-4,165528,27.69416095030952
0.2,5977,-34,165494,27.68384074941452
0.2,5978,63,165557,27.689747449406255
0.2,5979,85,165642,27.69933110367893
0.2,5980,91,165733,27.709914729978266
0.2,5981,-239,165494,27.665329321297225
0.2,5982,79,165573,27.673909409994987
0.2,5983,-58,165515,27.659592245989305
0.2,5984,29,165544,27.65981620718463
0.2,5985,17,165561,27.6580354159706
0.2,5986,46,165607,27.661099047937196
0.2,5987,17,165624,27.65931863727455
0.2,5988,-24,165600,27.65069293705126
0.2,5989,-111,165489,27.62754590984975
0.2,5990,-14,165475,27.620597563011184
0.2,5991,92,165567,27.63134178905207
0.2,5992,69,165636,27.638244618721842
0.2,5993,88,165724,27.648314981648316
0.2,5994,-8,165716,27.64236864053378
0.2,5995,66,165782,27.64876584389593
0.2,5996,30,165812,27.64915791228948
0.2,5997,53,165865,27.653384461487164
0.2,5998,62,165927,27.65910985164194
0.2,5999,92,166019,27.669833333333333
0.2,6000,-35,165984,27.659390101649723
0.2,6001,-14,165970,27.652449183605466
0.2,6002,87,166057,27.66233549891721
0.2,6003,-111,165946,27.639240506329113
0.2,6004,88,166034,27.649292256452956
0.2,6005,-64,165970,27.634032634032636
0.2,6006,43,166013,27.636590644248376
0.2,6007,91,166104,27.647137150466044
0.2,6008,36,166140,27.64852720918622
0.2,6009,60,166200,27.653910149750416
0.2,6010,35,166235,27.655132257527864
0.2,6011,-14,166221,27.648203592814372
0.2,6012,-90,166131,27.628637951105937
0.2,6013,74,166205,27.63634852011972
0.2,6014,84,166289,27.645719035743973
0.2,6015,52,166341,27.64976728723404
0.2,6016,70,166411,27.656805717134784
0.2,6017,81,166492,27.665669657693584
0.2,6018,-85,166407,27.64695132081741
0.2,6019,4,166411,27.643023255813954
0.2,6020,43,166454,27.645573824946023
0.2,6021,61,166515,27.65111258718034
0.2,6022,74,166589,27.658807903038355
0.2,6023,-133,166456,27.632138114209827
0.2,6024,55,166511,27.636680497925312
0.2,6025,93,166604,27.647527381347494
0.2,6026,-22,166582,27.63928986228638
0.2,6027,36,166618,27.64067684140677
0.2,6028,91,166709,27.651185934649195
0.2,6029,77,166786,27.659369817578774
0.2,6030,-5,166781,27.653954568064997
0.2,6031,75,166856,27.661803713527853
0.2,6032,81,166937,27.670644787004807
0.2,6033,86,167023,27.680311567782564
0.2,6034,92,167115,27.69096934548467
0.2,6035,26,167141,27.690689198144465
0.2,6036,23,167164,27.689912208050355
0.2,6037,49,167213,27.69344153693276
0.2,6038,50,167263,27.697135287299222
0.2,6039,88,167351,27.707119205298014
0.2,6040,90,167441,27.717430888925673
0.2,6041,66,167507,27.723766964581266
0.2,6042,-100,167407,27.702631143471784
0.2,6043,91,167498,27.713103904698876
0.2,6044,94,167592,27.724069478908188
0.2,6045,91,167683,27.73453522990407
0.2,6046,56,167739,27.73920952538449
0.2,6047,-3,167736,27.734126984126984
0.2,6048,85,167821,27.743593982476444
0.2,6049,-7,167814,27.73785123966942
0.2,6050,34,167848,27.73888613452322
0.2,6051,83,167931,27.74801718440185
0.2,6052,55,167986,27.752519411861886
0.2,6053,-49,167937,27.7398414271556
0.2,6054,58,167995,27.74483897605285
0.2,6055,91,168086,27.755284015852048
0.2,6056,-3,168083,27.750206372791812
0.2,6057,94,168177,27.76114229118521
0.2,6058,82,168259,27.770094074929858
0.2,6059,-58,168201,27.755940594059407
0.2,6060,65,168266,27.762085464444812
0.2,6061,25,168291,27.76162982514022
0.2,6062,-11,168280,27.7552366815108
0.2,6063,-49,168231,27.742579155672825
0.2,6064,69,168300,27.749381698268756
0.2,6065,90,168390,27.759643916913948
0.2,6066,1,168391,27.755233228943464
0.2,6067,89,168480,27.765326301911667
0.2,6068,52,168532,27.769319492502884
0.2,6069,93,168625,27.780065897858318
0.2,6070,-25,168600,27.771372096853895
0.2,6071,47,168647,27.774538866930172
0.2,6072,47,168694,27.777704594105057
0.2,6073,91,168785,27.78811326967402
0.2,6074,-347,168438,27.726419753086418
0.2,6075,38,168476,27.72811059907834
0.2,6076,71,168547,27.735231199605067
0.2,6077,-22,168525,27.727048371174728
0.2,6078,91,168616,27.737456818555682
0.2,6079,83,168699,27.74654605263158
0.2,6080,72,168771,27.75382338431179
0.2,6081,83,168854,27.76290693850707
0.2,6082,9,168863,27.759822456024988
0.2,6083,-52,168811,27.74671268902038
0.2,6084,89,168900,27.756778964667216
0.2,6085,68,168968,27.763391390075583
0.2,6086,41,169009,27.76556596024314
0.2,6087,57,169066,27.770367936925098
0.2,6088,85,169151,27.779766792576776
0.2,6089,-175,168976,27.74646962233169
0.2,6090,-95,168881,27.72631751764899
0.2,6091,25,168906,27.725869993434014
0.2,6092,49,168955,27.729361562448712
0.2,6093,91,169046,27.739744010502132
0.2,6094,-78,168968,27.72239540607055
0.2,6095,73,169041,27.72982283464567
0.2,6096,88,169129,27.739708053140888
0.2,6097,3,169132,27.735651033125613
0.2,6098,67,169199,27.74208886702738
0.2,6099,30,169229,27.742459016393443
0.2,6100,-264,168965,27.694640222914277
0.2,6101,61,169026,27.700098328416914
0.2,6102,17,169043,27.698345076192037
0.2,6103,93,169136,27.709043250327653
0.2,6104,-122,169014,27.684520884520886
0.2,6105,94,169108,27.695381591876842
0.2,6106,35,169143,27.696577697723924
0.2,6107,-128,169015,27.671087098886705
0.2,6108,73,169088,27.678507120641676
0.2,6109,-66,169022,27.663175122749593
0.2,6110,-109,168913,27.64081165112093
0.2,6111,57,168970,27.645615183246072
0.2,6112,92,169062,27.656142646818257
0.2,6113,87,169149,27.66584887144259
0.2,6114,79,169228,27.674243663123466
0.2,6115,-9,169219,27.668247220405494
0.2,6116,92,169311,27.678764100049044
0.2,6117,82,169393,27.687643020594965
0.2,6118,17,169410,27.68589638829874
0.2,6119,43,169453,27.68839869281046
0.2,6120,92,169545,27.698905407613136
0.2,6121,-8,169537,27.693074158771644
0.2,6122,47,169584,27.69622733953944
0.2,6123,-83,169501,27.67815153494448
0.2,6124,21,169522,27.677061224489798
0.2,6125,-5,169517,27.671727064968984
0.2,6126,22,169539,27.670801370980904
0.2,6127,-11,169528,27.6644908616188
0.2,6128,-59,169469,27.650350791319955
0.2,6129,74,169543,27.657911908646003
0.2,6130,26,169569,27.657641494046647
0.2,6131,87,169656,27.667318982387474
0.2,6132,70,169726,27.674221425077448
0.2,6133,17,169743,27.672481252037823
0.2,6134,26,169769,27.672208638956807
0.2,6135,87,169856,27.681877444589308
0.2,6136,9,169865,27.678833306175655
0.2,6137,-31,169834,27.6692733789508
0.2,6138,-47,169787,27.657110278546995
0.2,6139,87,169874,27.666775244299675
0.2,6140,81,169955,27.67546002279759
0.2,6141,13,169968,27.673070661022468
0.2,6142,88,170056,27.682891095555917
0.2,6143,81,170137,27.691569010416668
0.2,6144,69,170206,27.698291293734744
0.2,6145,88,170294,27.708102831109663
0.2,6146,91,170385,27.718399219131282
0.2,6147,59,170444,27.7234873129473
0.2,6148,92,170536,27.733940478126524
0.2,6149,86,170622,27.74341463414634
0.2,6150,-242,170380,27.69956104698423
0.2,6151,89,170469,27.709525357607284
0.2,6152,89,170558,27.71948642938404
0.2,6153,87,170645,27.7291192720182
0.2,6154,92,170737,27.739561332250204
0.2,6155,45,170782,27.742365172189732
0.2,6156,92,170874,27.75280168913432
0.2,6157,1,170875,27.748457291328354
0.2,6158,89,170964,27.75840233804189
0.2,6159,-12,170952,27.75194805194805
0.2,6160,-253,170699,27.706378834604774
0.2,6161,-73,170626,27.69003570269393
0.2,6162,63,170689,27.695765049488884
0.2,6163,-27,170662,27.68689162881246
0.2,6164,-32,170630,27.6772100567721
0.2,6165,79,170709,27.685533571196885
0.2,6166,89,170798,27.695475920220527
0.2,6167,35,170833,27.69666018158236
0.2,6168,81,170914,27.705300697033554
0.2,6169,-99,170815,27.684764991896273
0.2,6170,84,170899,27.69389077945228
0.2,6171,68,170967,27.70042125729099
0.2,6172,-66,170901,27.685242183703224
0.2,6173,64,170965,27.69112406867509
0.2,6174,92,171057,27.701538461538462
0.2,6175,-6,171051,27.696081606217618
0.2,6176,88,171139,27.705844260968107
0.2,6177,89,171228,27.715765619941727
0.2,6178,-86,171142,27.697362032691373
0.2,6179,83,171225,27.70631067961165
0.2,6180,75,171300,27.713962142048214
0.2,6181,93,171393,27.724522808152702
0.2,6182,25,171418,27.724082160763384
0.2,6183,-39,171379,27.713292367399742
0.2,6184,82,171461,27.72206952303961
0.2,6185,53,171514,27.726155835758163
0.2,6186,83,171597,27.735089704218524
0.2,6187,-25,171572,27.726567550096963
0.2,6188,93,171665,27.737114234932946
0.2,6189,83,171748,27.746042003231018
0.2,6190,75,171823,27.75367468906477
0.2,6191,93,171916,27.76421188630491
0.2,6192,73,171989,27.771516227999353
0.2,6193,89,172078,27.781401356151115
0.2,6194,86,172164,27.790799031476997
0.2,6195,-150,172014,27.762104583602323
0.2,6196,-90,171924,27.74310150072616
0.2,6197,-54,171870,27.729912875121006
0.2,6198,26,171896,27.729633811905146
0.2,6199,68,171964,27.736129032258063
0.2,6200,92,172056,27.74649250120948
0.2,6201,-117,171939,27.723153821347953
0.2,6202,94,172033,27.733838465258746
0.2,6203,81,172114,27.742424242424242
0.2,6204,90,172204,27.752457695406928
0.2,6205,81,172285,27.76103770544634
0.2,6206,93,172378,27.771548251973577
0.2,6207,-109,172269,27.74951675257732
0.2,6208,-82,172187,27.731840876147526
0.2,6209,82,172269,27.740579710144928
0.2,6210,-34,172235,27.73063918853647
0.2,6211,-23,172212,27.722472633612362
0.2,6212,69,172281,27.72911636890391
0.2,6213,2,172283,27.724975860959123
0.2,6214,9,172292,27.721962992759455
0.2,6215,93,172385,27.732464607464607
0.2,6216,-81,172304,27.714975068360946
0.2,6217,13,172317,27.712608555805726
0.2,6218,-52,172265,27.69979096317736
0.2,6219,43,172308,27.702250803858522
0.2,6220,52,172360,27.70615656646841
0.2,6221,6,172366,27.70266795242687
0.2,6222,93,172459,27.71316085489314
0.2,6223,64,172523,27.718991002570693
0.2,6224,-109,172414,27.6970281124498
0.2,6225,91,172505,27.7071956312239
0.2,6226,-34,172471,27.697286012526096
0.2,6227,-30,172441,27.68802183686577
0.2,6228,-37,172404,27.677636859849095
0.2,6229,-281,172123,27.62808988764045
0.2,6230,-50,172073,27.615631519820255
0.2,6231,-137,171936,27.589216944801027
0.2,6232,75,172011,27.596823359537943
0.2,6233,26,172037,27.59656721206288
0.2,6234,75,172112,27.604170008019246
0.2,6235,-9,172103,27.598300192431047
0.2,6236,58,172161,27.603174603174605
0.2,6237,77,172238,27.61109329913434
0.2,6238,88,172326,27.62077255970508
0.2,6239,49,172375,27.62419871794872
0.2,6240,91,172466,27.634353468995354
0.2,6241,-28,172438,27.62544056392182
0.2,6242,69,172507,27.632067916065996
0.2,6243,8,172515,27.628923766816143
0.2,6244,93,172608,27.63939151321057
0.2,6245,-102,172506,27.618635926993274
0.2,6246,-30,172476,27.609412518008643
0.2,6247,85,172561,27.61859795134443
0.2,6248,81,172642,27.627140342454794
0.2,6249,92,172734,27.63744
0.2,6250,55,172789,27.64181730923052
0.2,6251,90,172879,27.651791426743443
0.2,6252,47,172926,27.654885654885653
0.2,6253,-394,172532,27.587464023025262
0.2,6254,32,172564,27.588169464428457
0.2,6255,83,172647,27.597026854219948
0.2,6256,62,172709,27.602525171807574
0.2,6257,53,172762,27.606583573026526
0.2,6258,90,172852,27.61655216488257
0.2,6259,69,172921,27.623162939297124
0.2,6260,-82,172839,27.605654048873983
0.2,6261,65,172904,27.611625678696903
0.2,6262,91,172995,27.621746766725213
0.2,6263,88,173083,27.63138569604087
0.2,6264,-54,173029,27.618355945730247
0.2,6265,85,173114,27.627513565272903
0.2,6266,-69,173045,27.612095101324396
0.2,6267,47,173092,27.615188257817486
0.2,6268,-55,173037,27.6020098899346
0.2,6269,1,173038,27.597767145135567
0.2,6270,72,173110,27.604847711688727
0.2,6271,77,173187,27.612723214285715
0.2,6272,91,173278,27.622827992985812
0.2,6273,1,173279,27.618584635001593
0.2,6274,28,173307,27.618645418326693
0.2,6275,22,173329,27.617750159337156
0.2,6276,88,173417,27.62736976262546
0.2,6277,69,173486,27.63395985982797
0.2,6278,14,173500,27.631788501353718
0.2,6279,43,173543,27.63423566878981
0.2,6280,85,173628,27.643368890304092
0.2,6281,84,173712,27.652340019102198
0.2,6282,92,173804,27.66258156931402
0.2,6283,-102,173702,27.641947803946533
0.2,6284,72,173774,27.649005568814637
0.2,6285,84,173858,27.657970092268535
0.2,6286,-13,173845,27.6515031016383
0.2,6287,39,173884,27.65330788804071
0.2,6288,-5,173879,27.648115757672127
0.2,6289,91,173970,27.65818759936407
0.2,6290,75,174045,27.66571292322365
0.2,6291,-6,174039,27.66036236490782
0.2,6292,17,174056,27.658668361671698
0.2,6293,80,174136,27.666984429615507
0.2,6294,93,174229,27.67736298649722
0.2,6295,-91,174138,27.65851334180432
0.2,6296,6,174144,27.655073844687948
0.2,6297,86,174230,27.664337885042873
0.2,6298,-182,174048,27.631052548023497
0.2,6299,78,174126,27.63904761904762
0.2,6300,-4,174122,27.634026345024598
0.2,6301,93,174215,27.644398603617898
0.2,6302,66,174281,27.650483896557194
0.2,6303,92,174373,27.660691624365484
0.2,6304,-101,174272,27.64028548770817
0.2,6305,92,174364,27.650491595306057
0.2,6306,37,174401,27.65197399714603
0.2,6307,94,174495,27.662492073557388
0.2,6308,87,174582,27.671897289586305
0.2,6309,-122,174460,27.648177496038034
0.2,6310,92,174552,27.658374267152592
0.2,6311,67,174619,27.664607097591887
0.2,6312,84,174703,27.673530809440837
0.2,6313,77,174780,27.681343047196705
0.2,6314,-89,174691,27.662866191607286
0.2,6315,79,174770,27.670994300189992
0.2,6316,91,174861,27.68101947126801
0.2,6317,94,174955,27.691516302627413
0.2,6318,-119,174836,27.668301946510525
0.2,6319,-12,174824,27.662025316455697
0.2,6320,63,174887,27.66761588356273
0.2,6321,-29,174858,27.65865232521354
0.2,6322,90,174948,27.66851178238178
0.2,6323,91,175039,27.678526249209362
0.2,6324,26,175065,27.678260869565218
0.2,6325,-173,174892,27.646538096743598
0.2,6326,17,174909,27.644855381697486
0.2,6327,-380,174529,27.58043615676359
0.2,6328,79,174608,27.588560594090694
0.2,6329,62,174670,27.593996840442337
0.2,6330,91,174761,27.60401200442268
0.2,6331,-20,174741,27.596493998736577
0.2,6332,4,174745,27.59276804042318
0.2,6333,25,174770,27.592358699084308
0.2,6334,91,174861,27.60236779794791
0.2,6335,59,174920,27.607323232323232
0.2,6336,-142,174778,27.580558623954552
0.2,6337,89,174867,27.590249289996844
0.2,6338,-49,174818,27.57816690329705
0.2,6339,-10,174808,27.572239747634068
0.2,6340,-19,174789,27.564895126951583
0.2,6341,-106,174683,27.543834752444024
0.2,6342,33,174716,27.54469493930317
0.2,6343,89,174805,27.55438209331652
0.2,6344,73,174878,27.56154452324665
0.2,6345,94,174972,27.572013867002838
0.2,6346,72,175044,27.579013707263275
0.2,6347,67,175111,27.585223692501575
0.2,6348,70,175181,27.5919042368877
0.2,6349,67,175248,27.59811023622047
0.2,6350,46,175294,27.60100771532042
0.2,6351,52,175346,27.60484886649874
0.2,6352,-16,175330,27.597985203840704
0.2,6353,84,175414,27.606861819326408
0.2,6354,61,175475,27.612116443745084
0.2,6355,-100,175375,27.59203901825047
0.2,6356,88,175463,27.601541607676577
0.2,6357,83,175546,27.61025479710601
0.2,6358,-271,175275,27.56329611574147
0.2,6359,-68,175207,27.54827044025157
0.2,6360,5,175212,27.54472567206414
0.2,6361,68,175280,27.551084564602327
0.2,6362,59,175339,27.556027031274557
0.2,6363,-222,175117,27.51681332495286
0.2,6364,88,175205,27.526315789473685
0.2,6365,43,175248,27.52874646559849
0.2,6366,92,175340,27.538872310350243
0.2,6367,85,175425,27.547895728643216
0.2,6368,63,175488,27.55346208195949
0.2,6369,59,175547,27.55839874411303
0.2,6370,49,175596,27.561764244231675
0.2,6371,-193,175403,27.52715003138732
0.2,6372,90,175493,27.536952769496313
0.2,6373,94,175587,27.547379981173517
0.2,6374,32,175619,27.54807843137255
0.2,6375,85,175704,27.557089084065243
0.2,6376,50,175754,27.56060843656892
0.2,6377,82,175836,27.569143932267167
0.2,6378,67,175903,27.575325286094998
0.2,6379,-39,175864,27.56489028213166
0.2,6380,84,175948,27.573734524369222
0.2,6381,-29,175919,27.564869946725164
0.2,6382,10,175929,27.562118126272914
0.2,6383,-107,175822,27.541040100250626
0.2,6384,25,175847,27.540642129992168
0.2,6385,-20,175827,27.5331976197933
0.2,6386,22,175849,27.532331297948957
0.2,6387,-183,175666,27.499373825923605
0.2,6388,25,175691,27.498982626389108
0.2,6389,-126,175565,27.474960876369327
0.2,6390,76,175641,27.482553590987326
0.2,6391,78,175719,27.49045682102628
0.2,6392,89,175808,27.50007821054278
0.2,6393,-25,175783,27.491867375664686
0.2,6394,-164,175619,27.46192337763878
0.2,6395,91,175710,27.4718574108818
0.2,6396,13,175723,27.469595122713773
0.2,6397,52,175775,27.473429196623943
0.2,6398,87,175862,27.482731676824503
0.2,6399,94,175956,27.493125
0.2,6400,75,176031,27.50054678956413
0.2,6401,79,176110,27.508591065292098
0.2,6402,-51,176059,27.496329845384977
0.2,6403,91,176150,27.50624609618988
0.2,6404,55,176205,27.510538641686182
0.2,6405,-189,176016,27.476740555729005
0.2,6406,-9,176007,27.47104729202435
0.2,6407,92,176099,27.481117353308363
0.2,6408,10,176109,27.47838976439382
0.2,6409,-99,176010,27.458658346333852
0.2,6410,81,176091,27.467009826860085
0.2,6411,-55,176036,27.45414847161572
0.2,6412,94,176130,27.464525183221582
0.2,6413,88,176218,27.473963205487994
0.2,6414,83,176301,27.482618862042088
0.2,6415,80,176381,27.490804239401495
0.2,6416,91,176472,27.50070126227209
0.2,6417,88,176560,27.510127765659085
0.2,6418,73,176633,27.517214519395544
0.2,6419,76,176709,27.524766355140187
0.2,6420,26,176735,27.524528889581063
0.2,6421,83,176818,27.533167237620678
0.2,6422,-22,176796,27.525455394675387
0.2,6423,83,176879,27.53409090909091
0.2,6424,93,176972,27.544280155642024
0.2,6425,76,177048,27.551820728291318
0.2,6426,15,177063,27.54986774544889
0.2,6427,-67,176996,27.535158680771623
0.2,6428,45,177041,27.537875252760927
0.2,6429,94,177135,27.548211508553656
0.2,6430,82,177217,27.556678588088943
0.2,6431,91,177308,27.566542288557216
0.2,6432,87,177395,27.575781128555885
0.2,6433,93,177488,27.585949642524092
0.2,6434,61,177549,27.59114219114219
0.2,6435,-17,177532,27.584213797389683
0.2,6436,-48,177484,27.57247164828336
0.2,6437,16,177500,27.57067412239826
0.2,6438,-23,177477,27.56282031371331
0.2,6439,91,177568,27.572670807453417
0.2,6440,50,177618,27.576152771308802
0.2,6441,-51,177567,27.563955293387146
0.2,6442,-173,177394,27.532826323141393
0.2,6443,-66,177328,27.518311607697083
0.2,6444,-271,177057,27.47199379363848
0.2,6445,74,177131,27.479211914365496
0.2,6446,24,177155,27.478672250659223
0.2,6447,-7,177148,27.47332506203474
0.2,6448,15,177163,27.471390913319894
0.2,6449,91,177254,27.48124031007752
0.2,6450,59,177313,27.486126181987288
0.2,6451,22,177335,27.48527588344699
0.2,6452,88,177423,27.494653649465366
0.2,6453,56,177479,27.49907034397273
0.2,6454,88,177567,27.50844306738962
0.2,6455,86,177653,27.51750309789343
0.2,6456,77,177730,27.525166485984204
0.2,6457,94,177824,27.535459894704243
0.2,6458,94,177918,27.545750116117045
0.2,6459,72,177990,27.55263157894737
0.2,6460,-84,177906,27.535366042408295
0.2,6461,87,177993,27.544568245125348
0.2,6462,68,178061,27.5508277889525
0.2,6463,38,178099,27.552444306930692
0.2,6464,77,178176,27.560092807424596
0.2,6465,71,178247,27.56681101144448
0.2,6466,83,178330,27.575382712231328
0.2,6467,61,178391,27.580550401978975
0.2,6468,55,178446,27.58478899366208
0.2,6469,66,178512,27.590726429675424
0.2,6470,91,178603,27.600525421109566
0.2,6471,20,178623,27.59935105067985
0.2,6472,50,178673,27.602811679283175
0.2,6473,56,178729,27.607198022860672
0.2,6474,13,178742,27.604942084942085
0.2,6475,61,178803,27.610098826436072
0.2,6476,-66,178737,27.595646132468737
0.2,6477,24,178761,27.595091077493052
0.2,6478,8,178769,27.59206667695632
0.2,6479,65,178834,27.59783950617284
0.2,6480,-125,178709,27.574294090418146
0.2,6481,21,178730,27.573279851897563
0.2,6482,79,178809,27.581212401665894
0.2,6483,-63,178746,27.567242442936458
0.2,6484,-6,178740,27.56206630686199
0.2,6485,84,178824,27.570767807585568
0.2,6486,93,178917,27.580854015723755
0.2,6487,-240,178677,27.539611590628855
0.2,6488,79,178756,27.547541994143934
0.2,6489,89,178845,27.557010785824346
0.2,6490,-65,178780,27.542751502079803
0.2,6491,66,178846,27.548675292667898
0.2,6492,93,178939,27.55875558293547
0.2,6493,-57,178882,27.54573452417616
0.2,6494,52,178934,27.54949961508853
0.2,6495,67,179001,27.555572660098523
0.2,6496,92,179093,27.5654917654302
0.2,6497,11,179104,27.56294244382887
0.2,6498,77,179181,27.570549315279273
0.2,6499,65,179246,27.576307692307694
0.2,6500,25,179271,27.575911398246422
0.2,6501,89,179360,27.58535835127653
0.2,6502,90,179450,27.594956174073506
0.2,6503,89,179539,27.60439729397294
0.2,6504,-8,179531,27.5989239046887
0.2,6505,60,179591,27.60390408853366
0.2,6506,81,179672,27.61211003534655
0.2,6507,63,179735,27.61754763368162
0.2,6508,87,179822,27.62667076355815
0.2,6509,9,179831,27.623809523809523
0.2,6510,94,179925,27.634003993242207
0.2,6511,93,180018,27.64404176904177
0.2,6512,62,180080,27.649316751113158
0.2,6513,76,180156,27.656739330672398
0.2,6514,-107,180049,27.63607060629317
0.2,6515,-92,179957,27.617710251688152
0.2,6516,-15,179942,27.611170784103116
0.2,6517,82,180024,27.619515188708192
0.2,6518,-195,179829,27.585365853658537
0.2,6519,13,179842,27.58312883435583
0.2,6520,90,179932,27.592700506057355
0.2,6521,88,180020,27.60196258816314
0.2,6522,-81,179939,27.585313506055495
0.2,6523,93,180032,27.59534028203556
0.2,6524,24,180056,27.594789272030653
0.2,6525,6,180062,27.591480232914495
0.2,6526,-6,180056,27.586333690822737
0.2,6527,93,180149,27.596354166666668
0.2,6528,84,180233,27.604993107673458
0.2,6529,-61,180172,27.591424196018377
0.2,6530,-261,179911,27.54723625784719
0.2,6531,82,179993,27.55557256582976
0.2,6532,-47,179946,27.544160416347772
0.2,6533,-8,179938,27.53872053872054
0.2,6534,-210,179728,27.502371843917366
0.2,6535,74,179802,27.509485924112607
0.2,6536,-202,179600,27.474376625363316
0.2,6537,16,179616,27.4726215968186
0.2,6538,23,179639,27.4719376051384
0.2,6539,49,179688,27.475229357798167
0.2,6540,39,179727,27.476991285736126
0.2,6541,-39,179688,27.46682971568328
0.2,6542,66,179754,27.472718936267768
0.2,6543,87,179841,27.48181540342298
0.2,6544,86,179927,27.490756302521007
0.2,6545,61,179988,27.495875343721355
0.2,6546,48,180036,27.49900717886055
0.2,6547,88,180124,27.508246792913866
0.2,6548,9,180133,27.5054206749122
0.2,6549,-10,180123,27.49969465648855
0.2,6550,-29,180094,27.491070065638834
0.2,6551,82,180176,27.499389499389498
0.2,6552,90,180266,27.50892720891195
0.2,6553,61,180327,27.514037229173024
0.2,6554,-44,180283,27.50312738367658
0.2,6555,85,180368,27.51189749847468
0.2,6556,89,180457,27.521274973310966
0.2,6557,-32,180425,27.512198841110095
0.2,6558,-145,180280,27.485897240432994
0.2,6559,94,180374,27.496036585365854
0.2,6560,-67,180307,27.481633897271756
0.2,6561,86,180393,27.49055166107894
0.2,6562,92,180485,27.50038092335822
0.2,6563,89,180574,27.50975015234613
0.2,6564,80,180654,27.517745620715917
0.2,6565,65,180719,27.523454157782517
0.2,6566,65,180784,27.529160956296636
0.2,6567,47,180831,27.53212545676005
0.2,6568,-83,180748,27.51529913228802
0.2,6569,48,180796,27.51841704718417
0.2,6570,48,180844,27.52153401308781
0.2,6571,-16,180828,27.514911746804625
0.2,6572,79,180907,27.52274456108322
0.2,6573,27,180934,27.52266504411317
0.2,6574,-140,180794,27.497186311787072
0.2,6575,82,180876,27.505474452554743
0.2,6576,81,180957,27.513608027976282
0.2,6577,21,180978,27.512617816965644
0.2,6578,75,181053,27.51983584131327
0.2,6579,86,181139,27.52872340425532
0.2,6580,-5,181134,27.523780580458897
0.2,6581,67,181201,27.529778182923124
0.2,6582,89,181290,27.539115904602763
0.2,6583,86,181376,27.547995139732684
0.2,6584,-51,181325,27.536066818526955
0.2,6585,92,181417,27.545854843607653
0.2,6586,-53,181364,27.533626840746926
0.2,6587,92,181456,27.54341226472374
0.2,6588,84,181540,27.551980573683412
0.2,6589,-118,181422,27.5298937784522
0.2,6590,24,181446,27.529358215748747
0.2,6591,6,181452,27.52609223300971
0.2,6592,-68,181384,27.511603215531625
0.2,6593,80,181464,27.51956323930846
0.2,6594,13,181477,27.517361637604246
0.2,6595,50,181527,27.520770163735598
0.2,6596,69,181596,27.52705775352433
0.2,6597,-55,181541,27.51454986359503
0.2,6598,74,181615,27.521594180936507
0.2,6599,44,181659,27.52409090909091
0.2,6600,87,181746,27.533101045296167
0.2,6601,47,181793,27.536049681914573
0.2,6602,61,181854,27.541117673784644
0.2,6603,74,181928,27.548152634766808
0.2,6604,51,181979,27.551703255109764
0.2,6605,69,182048,27.557977596124736
0.2,6606,-61,181987,27.544573936733766
0.2,6607,89,182076,27.553874092009686
0.2,6608,76,182152,27.56120441821758
0.2,6609,12,182164,27.558850226928897
0.2,6610,-295,181869,27.51005899258811
0.2,6611,52,181921,27.5137628554144
0.2,6612,-84,181837,27.49690004536519
0.2,6613,63,181900,27.50226791654067
0.2,6614,71,181971,27.508843537414965
0.2,6615,-66,181905,27.49470979443773
0.2,6616,86,181991,27.503551458364818
0.2,6617,80,182071,27.511483831973408
0.2,6618,91,182162,27.521075691192024
0.2,6619,81,182243,27.529154078549848
0.2,6620,87,182330,27.538136233197402
0.2,6621,93,182423,27.548021745696165
0.2,6622,-21,182402,27.540691529518345
0.2,6623,-26,182376,27.532608695652176
0.2,6624,2,182378,27.528754716981133
0.2,6625,78,182456,27.53637186839722
0.2,6626,-28,182428,27.527991549720838
0.2,6627,84,182512,27.536511768255885
0.2,6628,84,182596,27.54502941620154
0.2,6629,92,182688,27.55475113122172
0.2,6630,38,182726,27.556326345950836
0.2,6631,94,182820,27.566344993968638
0.2,6632,73,182893,27.573194632896126
0.2,6633,-262,182631,27.529544769369913
0.2,6634,86,182717,27.53835719668425
0.2,6635,-105,182612,27.51838456901748
0.2,6636,90,182702,27.52779870423384
0.2,6637,68,182770,27.533895751732448
0.2,6638,-185,182585,27.501882813676758
0.2,6639,39,182624,27.503614457831326
0.2,6640,65,182689,27.509260653516037
0.2,6641,47,182736,27.51219512195122
0.2,6642,88,182824,27.521300617191027
0.2,6643,90,182914,27.530704394942806
0.2,6644,63,182977,27.53604213694507
0.2,6645,94,183071,27.54604273247066
0.2,6646,-48,183023,27.534677298029187
0.2,6647,68,183091,27.540764139590856
0.2,6648,60,183151,27.545645961798765
0.2,6649,93,183244,27.55548872180451
0.2,6650,-48,183196,27.54412870245076
0.2,6651,81,183277,27.55216476247745
0.2,6652,68,183345,27.558244401022094
0.2,6653,36,183381,27.5595130748422
0.2,6654,34,183415,27.560480841472575
0.2,6655,65,183480,27.56610576923077
0.2,6656,-120,183360,27.54393871113114
0.2,6657,-20,183340,27.536797837188345
0.2,6658,94,183434,27.54677879561496
0.2,6659,87,183521,27.555705705705705
0.2,6660,87,183608,27.56462993544513
0.2,6661,79,183687,27.572350645451817
0.2,6662,92,183779,27.582020111061084
0.2,6663,36,183815,27.58328331332533
0.2,6664,76,183891,27.59054763690923
0.2,6665,-118,183773,27.56870687068707
0.2,6666,45,183818,27.571321433928304
0.2,6667,74,183892,27.578284343131372
0.2,6668,94,183986,27.588244114559902
0.2,6669,-7,183979,27.583058470764616
0.2,6670,52,184031,27.586718632888623
0.2,6671,46,184077,27.589478417266186
0.2,6672,66,184143,27.59523452719916
0.2,6673,28,184171,27.59529517530716
0.2,6674,76,184247,27.6025468164794
0.2,6675,92,184339,27.612192929898143
0.2,6676,64,184403,27.617642653886477
0.2,6677,-13,184390,27.611560347409405
0.2,6678,-247,184143,27.57044467734691
0.2,6679,-21,184122,27.563173652694612
0.2,6680,94,184216,27.573117796737016
0.2,6681,-129,184087,27.549685722837474
0.2,6682,74,184161,27.556636241209038
0.2,6683,89,184250,27.565828845002994
0.2,6684,93,184343,27.575617053103965
0.2,6685,57,184400,27.580017947950942
0.2,6686,-21,184379,27.57275310303574
0.2,6687,87,184466,27.581638755980862
0.2,6688,93,184559,27.59141874719689
0.2,6689,-1,184558,27.58714499252616
0.2,6690,74,184632,27.594081602152144
0.2,6691,78,184710,27.601613867304245
0.2,6692,64,184774,27.607052144031076
0.2,6693,-2,184772,27.60262922019719
0.2,6694,84,184856,27.61105302464526
0.2,6695,69,184925,27.617234169653525
0.2,6696,55,184980,27.621322980439004
0.2,6697,82,185062,27.629441624365484
0.2,6698,61,185123,27.634423048216153
0.2,6699,-2,185121,27.63
0.2,6700,86,185207,27.638710640202955
0.2,6701,52,185259,27.64234556848702
0.2,6702,71,185330,27.648813963896764
0.2,6703,-29,185301,27.640363961813843
0.2,6704,40,185341,27.64220730797912
0.2,6705,44,185385,27.64464658514763
0.2,6706,-20,185365,27.63754286566274
0.2,6707,-266,185099,27.593768634466308
0.2,6708,-22,185077,27.58637650916679
0.2,6709,77,185154,27.593740685543963
0.2,6710,-87,185067,27.576665176575773
0.2,6711,30,185097,27.577026221692492
0.2,6712,-19,185078,27.570087889170267
0.2,6713,-148,184930,27.543938039916593
0.2,6714,14,184944,27.54192107222636
0.2,6715,92,185036,27.55151876116736
0.2,6716,48,185084,27.5545630489802
0.2,6717,54,185138,27.558499553438523
0.2,6718,-20,185118,27.551421342461676
0.2,6719,-95,185023,27.533184523809524
0.2,6720,89,185112,27.542330010415117
0.2,6721,83,185195,27.55058018446891
0.2,6722,-189,185006,27.518369775397886
0.2,6723,90,185096,27.527662105889352
0.2,6724,-59,185037,27.514795539033457
0.2,6725,10,185047,27.512191495688374
0.2,6726,69,185116,27.51835885238591
0.2,6727,61,185177,27.523335315101072
0.2,6728,91,185268,27.53276861346411
0.2,6729,-144,185124,27.5072808320951
0.2,6730,89,185213,27.51641658000297
0.2,6731,93,185306,27.526143790849673
0.2,6732,48,185354,27.52918461309966
0.2,6733,81,185435,27.537125037125037
0.2,6734,-14,185421,27.530957683741647
0.2,6735,94,185515,27.54082541567696
0.2,6736,-93,185422,27.522933056256495
0.2,6737,-70,185352,27.50845948352627
0.2,6738,87,185439,27.51728743136964
0.2,6739,87,185526,27.526112759643915
0.2,6740,79,185605,27.533748701973
0.2,6741,-4,185601,27.529071492138833
0.2,6742,92,185693,27.538632656087795
0.2,6743,80,185773,27.54641162514828
0.2,6744,-400,185373,27.483024462564863
0.2,6745,-267,185106,27.4393714793952
0.2,6746,29,185135,27.439602786423595
0.2,6747,87,185222,27.4484291641968
0.2,6748,58,185280,27.452955993480515
0.2,6749,76,185356,27.460148148148146
0.2,6750,87,185443,27.468967560361428
0.2,6751,87,185530,27.477784360189574
0.2,6752,-156,185374,27.450614541685177
0.2,6753,3,185377,27.44699437370447
0.2,6754,-48,185329,27.43582531458179
0.2,6755,-4,185325,27.431172291296626
0.2,6756,19,185344,27.429924522717183
0.2,6757,-6,185338,27.424977804084048
0.2,6758,73,185411,27.431720668737977
0.2,6759,-48,185363,27.420562130177515
0.2,6760,3,185366,27.41695015530247
0.2,6761,-396,184970,27.354333037562853
0.2,6762,3,184973,27.350731923702497
0.2,6763,90,185063,27.359994086339444
0.2,6764,54,185117,27.363932002956393
0.2,6765,35,185152,27.365060597103163
0.2,6766,-31,185121,27.356435643564357
0.2,6767,-51,185070,27.34485815602837
0.2,6768,69,185139,27.351011966317035
0.2,6769,84,185223,27.359379615952733
0.2,6770,25,185248,27.35903116230985
0.2,6771,94,185342,27.368871825162433
0.2,6772,86,185428,27.377528421674295
0.2,6773,41,185469,27.37953941541187
0.2,6774,64,185533,27.384944649446496
0.2,6775,70,185603,27.391233766233768
0.2,6776,63,185666,27.396488121587723
0.2,6777,74,185740,27.403363824136914
0.2,6778,-3,185737,27.398878890691844
0.2,6779,80,185817,27.406637168141593
0.2,6780,75,185892,27.413655802978912
0.2,6781,87,185979,27.42244175759363
0.2,6782,53,186032,27.42621259029928
0.2,6783,90,186122,27.435436320754718
0.2,6784,50,186172,27.438761974944732
0.2,6785,-30,186142,27.430297671676982
0.2,6786,92,186234,27.439811404155
0.2,6787,78,186312,27.447259870359456
0.2,6788,67,186379,27.453085874208277
0.2,6789,71,186450,27.459499263622973
0.2,6790,48,186498,27.4625239287292
0.2,6791,-90,186408,27.445229681978798
0.2,6792,58,186466,27.44972766082732
0.2,6793,83,186549,27.45790403297027
0.2,6794,72,186621,27.464459161147904
0.2,6795,64,186685,27.46983519717481
0.2,6796,34,186719,27.470795939385024
0.2,6797,92,186811,27.480288320094147
0.2,6798,-21,186790,27.473157817326076
0.2,6799,80,186870,27.480882352941176
0.2,6800,93,186963,27.490516100573444
0.2,6801,92,187055,27.5
0.2,6802,75,187130,27.506982213729238
0.2,6803,54,187184,27.5108759553204
0.2,6804,88,187272,27.519764878765614
0.2,6805,-206,187066,27.485454011166617
0.2,6806,90,187156,27.49463787277802
0.2,6807,70,187226,27.500881316098706
0.2,6808,72,187298,27.507416654427963
0.2,6809,63,187361,27.512628487518356
0.2,6810,86,187447,27.52121568051681
0.2,6811,88,187535,27.530093951849675
0.2,6812,71,187606,27.53647438720094
0.2,6813,80,187686,27.544173759906077
0.2,6814,95,187781,27.5540719002201
0.2,6815,23,187804,27.553403755868544
0.2,6816,92,187896,27.56285756197741
0.2,6817,8,187904,27.55998826635377
0.2,6818,93,187997,27.569584983135357
0.2,6819,66,188063,27.575219941348973
0.2,6820,62,188125,27.580266823046475
0.2,6821,-1,188124,27.576077396657872
0.2,6822,72,188196,27.582588304264988
0.2,6823,83,188279,27.590709261430245
0.2,6824,87,188366,27.59941391941392
0.2,6825,-203,188163,27.565631409317316
0.2,6826,91,188254,27.574923099458033
0.2,6827,91,188345,27.584212067955477
0.2,6828,93,188438,27.593791184653682
0.2,6829,73,188511,27.600439238653003
0.2,6830,64,188575,27.605767823159127
0.2,6831,78,188653,27.613144028103044
0.2,6832,89,188742,27.622127908678472
0.2,6833,12,188754,27.619841966637402
0.2,6834,94,188848,27.62955376737381
0.2,6835,42,188890,27.6316559391457
0.2,6836,79,188969,27.63916922626883
0.2,6837,62,189031,27.644194208832992
0.2,6838,72,189103,27.65067992396549
0.2,6839,18,189121,27.64926900584795
0.2,6840,-200,188921,27.615991814062273
0.2,6841,79,189000,27.623501900029233
0.2,6842,-197,188803,27.59067660382873
0.2,6843,37,188840,27.592051431911162
0.2,6844,61,188901,27.59693206720234
0.2,6845,92,188993,27.606339468302657
0.2,6846,37,189030,27.607711406455383
0.2,6847,91,189121,27.616968457943926
0.2,6848,89,189210,27.62593079281647
0.2,6849,82,189292,27.633868613138684
0.2,6850,-72,189220,27.61932564589111
0.2,6851,24,189244,27.61879743140689
0.2,6852,-82,189162,27.602801692689333
0.2,6853,-56,189106,27.590604026845636
0.2,6854,-8,189098,27.5854121079504
0.2,6855,64,189162,27.590723453908986
0.2,6856,90,189252,27.59982499635409
0.2,6857,42,189294,27.601924759405076
0.2,6858,94,189388,27.61160519026097
0.2,6859,89,189477,27.62055393586006
0.2,6860,95,189572,27.630374580964872
0.2,6861,50,189622,27.633634508889536
0.2,6862,-21,189601,27.626548156782746
0.2,6863,48,189649,27.629516317016318
0.2,6864,91,189740,27.638747268754553
0.2,6865,-57,189683,27.62642004078066
0.2,6866,59,189742,27.63098878695209
0.2,6867,28,189770,27.631042516016308
0.2,6868,12,189782,27.628766923860823
0.2,6869,38,189820,27.63027656477438
0.2,6870,85,189905,27.638626109736574
0.2,6871,-179,189726,27.608556461001164
0.2,6872,89,189815,27.617488723992434
0.2,6873,26,189841,27.61725341867908
0.2,6874,74,189915,27.624
0.2,6875,93,190008,27.63350785340314
0.2,6876,57,190065,27.637778100916098
0.2,6877,-30,190035,27.629398080837454
0.2,6878,63,190098,27.63453990405582
0.2,6879,18,190116,27.63313953488372
0.2,6880,48,190164,27.636099404156372
0.2,6881,58,190222,27.640511479221157
0.2,6882,31,190253,27.64099956414354
0.2,6883,76,190329,27.648024404416038
0.2,6884,75,190404,27.654901960784315
0.2,6885,-26,190378,27.64711007841998
0.2,6886,62,190440,27.652098155945986
0.2,6887,61,190501,27.656939605110338
0.2,6888,-53,190448,27.645231528523734
0.2,6889,-42,190406,27.63512336719884
0.2,6890,62,190468,27.64011028878247
0.2,6891,-134,190334,27.616656993615788
0.2,6892,18,190352,27.615261859857828
0.2,6893,93,190445,27.624746156077748
0.2,6894,72,190517,27.63118201595359
0.2,6895,42,190559,27.6332656612529
0.2,6896,-34,190525,27.62432941858779
0.2,6897,-30,190495,27.615975645114524
0.2,6898,63,190558,27.621104507899695
0.2,6899,-31,190527,27.612608695652174
0.2,6900,-9,190518,27.60730328937835
0.2,6901,73,190591,27.613880034772528
0.2,6902,-74,190517,27.599159785600463
0.2,6903,82,190599,27.60703939745075
0.2,6904,-14,190585,27.60101375814627
0.2,6905,29,190614,27.601216333622936
0.2,6906,94,190708,27.610829593166354
0.2,6907,-23,190685,27.603503184713375
0.2,6908,54,190739,27.60732378057606
0.2,6909,85,190824,27.61562952243126
0.2,6910,69,190893,27.621617710895674
0.2,6911,-171,190722,27.592881944444443
0.2,6912,87,190809,27.601475480977868
0.2,6913,-150,190659,27.575788255713046
0.2,6914,78,190737,27.58308026030369
0.2,6915,-49,190688,27.572006940427993
0.2,6916,34,190722,27.57293624403643
0.2,6917,32,190754,27.573576178086153
0.2,6918,81,190835,27.581297875415522
0.2,6919,68,190903,27.587138728323698
0.2,6920,-28,190875,27.57910706545297
0.2,6921,-18,190857,27.572522392372147
0.2,6922,8,190865,27.569695218835765
0.2,6923,86,190951,27.578134026574233
0.2,6924,-104,190847,27.55913357400722
0.2,6925,32,190879,27.559774761767255
0.2,6926,71,190950,27.566045907319186
0.2,6927,81,191031,27.573758660508084
0.2,6928,65,191096,27.57916005195555
0.2,6929,-120,190976,27.557864357864357
0.2,6930,-222,190754,27.521858317703074
0.2,6931,-147,190607,27.4966820542412
0.2,6932,66,190673,27.502235684407903
0.2,6933,-34,190639,27.49336602249784
0.2,6934,74,190713,27.50007209805335
0.2,6935,-117,190596,27.47923875432526
0.2,6936,59,190655,27.48378261496324
0.2,6937,92,190747,27.49308157970597
0.2,6938,-16,190731,27.486813661910936
0.2,6939,-177,190554,27.45734870317003
0.2,6940,67,190621,27.463045670652644
0.2,6941,33,190654,27.463843272832037
0.2,6942,74,190728,27.470545873541695
0.2,6943,55,190783,27.474510368663594
0.2,6944,85,190868,27.482793376529877
0.2,6945,84,190952,27.490930031672907
0.2,6946,68,191020,27.496761191881387
0.2,6947,-84,190936,27.480713874496256
0.2,6948,-2,190934,27.476471434738812
0.2,6949,-94,190840,27.458992805755397
0.2,6950,92,190932,27.468277945619334
0.2,6951,65,190997,27.47367663981588
0.2,6952,92,191089,27.48295699697972
0.2,6953,24,191113,27.482456140350877
0.2,6954,-19,191094,27.475772825305537
0.2,6955,91,191185,27.48490511788384
0.2,6956,8,191193,27.48210435532557
0.2,6957,93,191286,27.491520551882726
0.2,6958,93,191379,27.50093404224745
0.2,6959,22,191401,27.50014367816092
0.2,6960,58,191459,27.504525211894844
0.2,6961,72,191531,27.510916403332377
0.2,6962,63,191594,27.51601321269568
0.2,6963,70,191664,27.522113727742678
0.2,6964,44,191708,27.52447954055994
0.2,6965,90,191798,27.53344817685903
0.2,6966,82,191880,27.541265968135495
0.2,6967,92,191972,27.550516647531573
0.2,6968,57,192029,27.554742430764815
0.2,6969,22,192051,27.553945480631278
0.2,6970,91,192142,27.56304690862143
0.2,6971,-36,192106,27.553930005737236
0.2,6972,-86,192020,27.53764520292557
0.2,6973,93,192113,27.54703183252079
0.2,6974,89,192202,27.55584229390681
0.2,6975,86,192288,27.56422018348624
0.2,6976,34,192322,27.56514261143758
0.2,6977,87,192409,27.57366007451992
0.2,6978,79,192488,27.58102880068778
0.2,6979,87,192575,27.589541547277936
0.2,6980,25,192600,27.58917060593038
0.2,6981,48,192648,27.592093955886565
0.2,6982,-42,192606,27.582128025204067
0.2,6983,-108,192498,27.5627147766323
0.2,6984,38,192536,27.56420901932713
0.2,6985,90,192626,27.57314629258517
0.2,6986,85,192711,27.581365392872478
0.2,6987,26,192737,27.581139095592444
0.2,6988,10,192747,27.578623551294893
0.2,6989,76,192823,27.58555078683834
0.2,6990,27,192850,27.585467029037332
0.2,6991,-68,192782,27.57179633867277
0.2,6992,-85,192697,27.555698555698555
0.2,6993,76,192773,27.562625107234773
0.2,6994,-384,192389,27.503788420300214
0.2,6995,12,192401,27.501572327044027
0.2,6996,26,192427,27.501357724739172
0.2,6997,81,192508,27.509002572163475
0.2,6998,51,192559,27.51235890841549
0.2,6999,93,192652,27.521714285714285
0.2,7000,-66,192586,27.508355949150122
0.2,7001,81,192667,27.51599542987718
0.2,7002,32,192699,27.51663572754534
0.2,7003,24,192723,27.51613363792119
0.2,7004,39,192762,27.51777301927195
0.2,7005,22,192784,27.51698544105053
0.2,7006,91,192875,27.52604538318824
0.2,7007,28,192903,27.52611301369863
0.2,7008,-419,192484,27.46240547867028
0.2,7009,93,192577,27.47175463623395
0.2,7010,76,192653,27.478676365711024
0.2,7011,93,192746,27.488020536223615
0.2,7012,88,192834,27.496649080279482
0.2,7013,85,192919,27.50484744796122
0.2,7014,54,192973,27.50862437633642
0.2,7015,94,193067,27.518101482326113
0.2,7016,64,193131,27.523300555793075
0.2,7017,90,193221,27.532202906811058
0.2,7018,60,193281,27.53682860806383
0.2,7019,92,193373,27.546011396011394
0.2,7020,55,193428,27.549921663580687
0.2,7021,89,193517,27.558672742808316
0.2,7022,-87,193430,27.54236081446675
0.2,7023,91,193521,27.551395216400913
0.2,7024,-22,193499,27.544341637010675
0.2,7025,14,193513,27.54241389126103
0.2,7026,78,193591,27.549594421517007
0.2,7027,75,193666,27.55634604439385
0.2,7028,82,193748,27.56409162042965
0.2,7029,-34,193714,27.555334281650072
0.2,7030,63,193777,27.56037548001707
0.2,7031,-65,193712,27.54721274175199
0.2,7032,68,193780,27.552964595478457
0.2,7033,85,193865,27.56113164628945
0.2,7034,93,193958,27.570433546552948
0.2,7035,9,193967,27.56779420125071
0.2,7036,92,194059,27.576950405002133
0.2,7037,91,194150,27.585961921000283
0.2,7038,0,194150,27.582042903821566
0.2,7039,81,194231,27.589630681818182
0.2,7040,41,194272,27.591535293282206
0.2,7041,75,194347,27.598267537631354
0.2,7042,38,194385,27.599744427090727
0.2,7043,38,194423,27.60122089721749
0.2,7044,71,194494,27.607381121362668
0.2,7045,47,194541,27.6101334090264
0.2,7046,71,194612,27.616290620122037
0.2,7047,54,194666,27.620034052213395
0.2,7048,26,194692,27.619804227550006
0.2,7049,-93,194599,27.602695035460993
0.2,7050,3,194602,27.599205786413275
0.2,7051,71,194673,27.605360181508793
0.2,7052,44,194717,27.607684673188714
0.2,7053,-181,194536,27.578111709668274
0.2,7054,-4,194532,27.57363571934798
0.2,7055,-209,194323,27.54010770975057
0.2,7056,-53,194270,27.528694912852487
0.2,7057,44,194314,27.531028620005667
0.2,7058,22,194336,27.530245077206402
0.2,7059,54,194390,27.53399433427762
0.2,7060,-193,194197,27.502761648491717
0.2,7061,81,194278,27.510337015009913
0.2,7062,-113,194165,27.49044315446694
0.2,7063,88,194253,27.49900906002265
0.2,7064,60,194313,27.503609341825904
0.2,7065,22,194335,27.502830455703368
0.2,7066,91,194426,27.511815480401868
0.2,7067,77,194503,27.518817204301076
0.2,7068,73,194576,27.525251096336117
0.2,7069,19,194595,27.524045261669023
0.2,7070,91,194686,27.53302220336586
0.2,7071,86,194772,27.54128959276018
0.2,7072,-203,194569,27.50869503746642
0.2,7073,76,194645,27.515549901046086
0.2,7074,94,194739,27.524946996466433
0.2,7075,18,194757,27.5236009044658
0.2,7076,82,194839,27.5312985728416
0.2,7077,-5,194834,27.52670245832156
0.2,7078,45,194879,27.5291707868343
0.2,7079,46,194925,27.531779661016948
0.2,7080,-72,194853,27.51772348538342
0.2,7081,41,194894,27.51962722394804
0.2,7082,53,194947,27.523224622335167
0.2,7083,22,194969,27.52244494635799
0.2,7084,-92,194877,27.50557515878617
0.2,7085,48,194925,27.508467400508042
0.2,7086,93,195018,27.51770848031607
0.2,7087,-106,194912,27.498871331828443
0.2,7088,34,194946,27.499788404570463
0.2,7089,27,194973,27.499717912552892
0.2,7090,94,195067,27.509096037230293
0.2,7091,-50,195017,27.498166948674562
0.2,7092,87,195104,27.50655575919921
0.2,7093,20,195124,27.505497603608685
0.2,7094,79,195203,27.512755461592672
0.2,7095,30,195233,27.513105975197295
0.2,7096,-112,195121,27.4934479357475
0.2,7097,57,195178,27.49760495914342
0.2,7098,89,195267,27.50626848851951
0.2,7099,70,195337,27.51225352112676
0.2,7100,-270,195067,27.470356287846784
0.2,7101,48,195115,27.47324697268375
0.2,7102,92,195207,27.48233140926369
0.2,7103,75,195282,27.48902027027027
0.2,7104,-1,195281,27.485010555946516
0.2,7105,94,195375,27.494370954123276
0.2,7106,76,195451,27.50119600393978
0.2,7107,71,195522,27.50731570061902
0.2,7108,93,195615,27.51652834435223
0.2,7109,-143,195472,27.49254571026723
0.2,7110,49,195521,27.49557024328505
0.2,7111,43,195564,27.49775028121485
0.2,7112,82,195646,27.505412624771544
0.2,7113,68,195714,27.51110486364914
0.2,7114,66,195780,27.51651440618412
0.2,7115,92,195872,27.52557616638561
0.2,7116,61,195933,27.53027961219615
0.2,7117,-9,195924,27.525147513346447
0.2,7118,-364,195560,27.470150302008708
0.2,7119,9,195569,27.46755617977528
0.2,7120,87,195656,27.475916303889903
0.2,7121,78,195734,27.483010390339793
0.2,7122,72,195806,27.48926014319809
0.2,7123,4,195810,27.485962942167323
0.2,7124,12,195822,27.48378947368421
0.2,7125,86,195908,27.49200112264945
0.2,7126,70,195978,27.49796548337309
0.2,7127,81,196059,27.50547138047138
0.2,7128,84,196143,27.51339598821714
0.2,7129,18,196161,27.512061711079944
0.2,7130,83,196244,27.519842939279204
0.2,7131,95,196339,27.529304542905216
0.2,7132,91,196430,27.538202719753258
0.2,7133,-30,196400,27.530137370339222
0.2,7134,94,196494,27.539453398738612
0.2,7135,-95,196399,27.52228139013453
0.2,7136,26,196425,27.522068095838588
0.2,7137,69,196494,27.52787895769123
0.2,7138,90,196584,27.536629780081245
0.2,7139,90,196674,27.545378151260504
0.2,7140,61,196735,27.55006301638426
0.2,7141,85,196820,27.55810697283674
0.2,7142,87,196907,27.56642867142657
0.2,7143,90,196997,27.5751679731243
0.2,7144,70,197067,27.58110566829951
0.2,7145,-112,196955,27.561572907920514
0.2,7146,91,197046,27.57044913949909
0.2,7147,-34,197012,27.561835478455514
0.2,7148,76,197088,27.56861099454469
0.2,7149,90,197178,27.57734265734266
0.2,7150,87,197265,27.5856523563138
0.2,7151,-98,197167,27.56809284116331
0.2,7152,90,197257,27.576820914301692
0.2,7153,9,197266,27.57422421023204
0.2,7154,-51,197215,27.56324248777079
0.2,7155,23,197238,27.562604807154834
0.2,7156,85,197323,27.57063015229845
0.2,7157,66,197389,27.575998882369376
0.2,7158,41,197430,27.577874004749265
0.2,7159,93,197523,27.587011173184358
0.2,7160,-51,197472,27.57603686635945
0.2,7161,22,197494,27.575258307735268
0.2,7162,72,197566,27.58146028200475
0.2,7163,90,197656,27.590173087660524
0.2,7164,84,197740,27.59804605722261
0.2,7165,19,197759,27.59684621825286
0.2,7166,93,197852,27.605971815264407
0.2,7167,15,197867,27.604213169642858
0.2,7168,6,197873,27.60119960942949
0.2,7169,89,197962,27.60976290097629
0.2,7170,93,198055,27.618881606470506
0.2,7171,92,198147,27.62785833798104
0.2,7172,-21,198126,27.62107904642409
0.2,7173,90,198216,27.629774184555338
0.2,7174,-148,198068,27.60529616724739
0.2,7175,93,198161,27.614409141583053
0.2,7176,75,198236,27.621011564720636
0.2,7177,72,198308,27.627194204513792
0.2,7178,-13,198295,27.621535032734364
0.2,7179,-6,198289,27.616852367688022
0.2,7180,90,198379,27.625539618437543
0.2,7181,56,198435,27.629490392648286
0.2,7182,41,198476,27.631351802867883
0.2,7183,87,198563,27.639615812917594
0.2,7184,-33,198530,27.63117606123869
0.2,7185,71,198601,27.637211244085723
0.2,7186,54,198655,27.64087936552108
0.2,7187,22,198677,27.640094602114637
0.2,7188,86,198763,27.648212546946723
0.2,7189,68,198831,27.653824756606397
0.2,7190,1,198832,27.65011820330969
0.2,7191,-59,198773,27.638070077864295
0.2,7192,82,198855,27.645627693590992
0.2,7193,-12,198843,27.640116763969974
0.2,7194,-107,198736,27.621403752605975
0.2,7195,-36,198700,27.612562534741524
0.2,7196,75,198775,27.619146866750036
0.2,7197,-93,198682,27.602389552653516
0.2,7198,-9,198673,27.59730518127518
0.2,7199,84,198757,27.605138888888888
0.2,7200,84,198841,27.612970420774893
0.2,7201,16,198857,27.6113579561233
0.2,7202,35,198892,27.612383729001806
0.2,7203,90,198982,27.621043864519713
0.2,7204,-76,198906,27.606662040249827
0.2,7205,86,198992,27.614765473216764
0.2,7206,87,199079,27.62300541140558
0.2,7207,93,199172,27.632075471698112
0.2,7208,91,199263,27.64086558468581
0.2,7209,25,199288,27.640499306518723
0.2,7210,67,199355,27.64595756483151
0.2,7211,36,199391,27.647115917914586
0.2,7212,-14,199377,27.64134202135034
0.2,7213,55,199432,27.645134460770723
0.2,7214,-4,199428,27.640748440748443
0.2,7215,68,199496,27.646341463414632
0.2,7216,5,199501,27.643203547180267
0.2,7217,22,199523,27.642421723469106
0.2,7218,18,199541,27.641086022994873
0.2,7219,52,199593,27.644459833795015
0.2,7220,-369,199224,27.589530535936852
0.2,7221,-150,199074,27.564940459706452
0.2,7222,30,199104,27.565277585490794
0.2,7223,10,199114,27.562846068660022
0.2,7224,60,199174,27.56733564013841
0.2,7225,87,199261,27.575560476058676
0.2,7226,-53,199208,27.564411235644112
0.2,7227,79,199287,27.57152739346984
0.2,7228,92,199379,27.580439894867894
0.2,7229,91,199470,27.589211618257263
0.2,7230,87,199557,27.59742774166782
0.2,7231,67,199624,27.60287610619469
0.2,7232,58,199682,27.60707866721969
0.2,7233,22,199704,27.60630356649157
0.2,7234,-87,199617,27.590463026952314
0.2,7235,42,199659,27.5924543946932
0.2,7236,8,199667,27.58974713278983
0.2,7237,16,199683,27.588145896656535
0.2,7238,70,199753,27.594004696781322
0.2,7239,37,199790,27.595303867403317
0.2,7240,58,199848,27.599502831100676
0.2,7241,5,199853,27.596382214857773
0.2,7242,26,199879,27.596161811404116
0.2,7243,83,199962,27.6038100496963
0.2,7244,7,199969,27.60096618357488
0.2,7245,12,199981,27.59881313828319
0.2,7246,89,200070,27.607285773423484
0.2,7247,8,200078,27.604580573951434
0.2,7248,64,200142,27.609601324320597
0.2,7249,87,200229,27.617793103448275
0.2,7250,-47,200182,27.607502413460214
0.2,7251,53,200235,27.611003861003862
0.2,7252,44,200279,27.613263477181857
0.2,7253,92,200371,27.622139509236284
0.2,7254,5,200376,27.619021364576156
0.2,7255,70,200446,27.624862183020948
0.2,7256,-19,200427,27.618437370814387
0.2,7257,86,200513,27.626481124276662
0.2,7258,14,200527,27.62460393993663
0.2,7259,55,200582,27.628374655647384
0.2,7260,-93,200489,27.611761465362896
0.2,7261,94,200583,27.620903332415313
0.2,7262,-51,200532,27.610078479966955
0.2,7263,-17,200515,27.603937224669604
0.2,7264,-26,200489,27.596558843771508
0.2,7265,68,200557,27.602119460500962
0.2,7266,75,200632,27.60864180542177
0.2,7267,3,200635,27.605255916345623
0.2,7268,59,200694,27.60957490713991
0.2,7269,68,200762,27.61513067400275
0.2,7270,-49,200713,27.604593590977856
0.2,7271,76,200789,27.611248624862487
0.2,7272,-46,200743,27.601127457720334
0.2,7273,37,200780,27.6024195765741
0.2,7274,94,200874,27.611546391752576
0.2,7275,91,200965,27.62025838372732
0.2,7276,94,201059,27.629380239109523
0.2,7277,-13,201046,27.62379774663369
0.2,7278,78,201124,27.630718505289188
0.2,7279,85,201209,27.638598901098902
0.2,7280,55,201264,27.642356819118252
0.2,7281,70,201334,27.648173578687175
0.2,7282,86,201420,27.656185637786628
0.2,7283,-39,201381,27.64703459637562
0.2,7284,82,201463,27.654495538778313
0.2,7285,77,201540,27.66126818556135
0.2,7286,89,201629,27.66968574173185
0.2,7287,42,201671,27.671652030735455
0.2,7288,84,201755,27.679379887501714
0.2,7289,72,201827,27.68545953360768
0.2,7290,70,201897,27.69126320120697
0.2,7291,85,201982,27.699122325836534
0.2,7292,91,202073,27.70780200191965
0.2,7293,-92,201981,27.69139018371264
0.2,7294,84,202065,27.69910897875257
0.2,7295,-93,201972,27.682565789473685
0.2,7296,67,202039,27.687953953679596
0.2,7297,65,202104,27.693066593587286
0.2,7298,36,202140,27.694204685573368
0.2,7299,-24,202116,27.687123287671234
0.2,7300,54,202170,27.690727297630463
0.2,7301,69,202239,27.696384552177484
0.2,7302,84,202323,27.704094207859782
0.2,7303,61,202384,27.708652792990144
0.2,7304,23,202407,27.70800821355236
0.2,7305,74,202481,27.714344374486725
0.2,7306,85,202566,27.722184206924865
0.2,7307,77,202643,27.728927203065133
0.2,7308,74,202717,27.735257901217675
0.2,7309,90,202807,27.743775649794802
0.2,7310,24,202831,27.743263575434277
0.2,7311,43,202874,27.74535010940919
0.2,7312,90,202964,27.753862983727608
0.2,7313,-9,202955,27.74883784522833
0.2,7314,-84,202871,27.733561175666438
0.2,7315,68,202939,27.739065062875888
0.2,7316,-76,202863,27.724887248872488
0.2,7317,68,202931,27.73039081716316
0.2,7318,-33,202898,27.722093182128706
0.2,7319,-2,202896,27.718032786885246
0.2,7320,51,202947,27.721212949050678
0.2,7321,54,203001,27.72480196667577
0.2,7322,93,203094,27.733715690290865
0.2,7323,35,203129,27.734707809939923
0.2,7324,84,203213,27.742389078498295
0.2,7325,-57,203156,27.73082173082173
0.2,7326,16,203172,27.729220690596424
0.2,7327,70,203242,27.73498908296943
0.2,7328,81,203323,27.74225678810206
0.2,7329,68,203391,27.74774897680764
0.2,7330,85,203476,27.75555858682308
0.2,7331,-8,203468,27.750681942171305
0.2,7332,30,203498,27.750988681303696
0.2,7333,94,203592,27.760021816198527
0.2,7334,77,203669,27.7667348329925
0.2,7335,6,203675,27.76376772082879
0.2,7336,-187,203488,27.73449638816955
0.2,7337,-147,203341,27.710684110111746
0.2,7338,-15,203326,27.704864422945906
0.2,7339,-25,203301,27.69768392370572
0.2,7340,58,203359,27.701811742269445
0.2,7341,80,203439,27.708934895123946
0.2,7342,80,203519,27.716056107857824
0.2,7343,68,203587,27.72154139433551
0.2,7344,70,203657,27.72729748127978
0.2,7345,25,203682,27.726926218350123
0.2,7346,81,203763,27.734177215189874
0.2,7347,64,203827,27.739112683723462
0.2,7348,87,203914,27.747176486596818
0.2,7349,10,203924,27.744761904761905
0.2,7350,38,203962,27.746156985444156
0.2,7351,65,204027,27.751224156692057
0.2,7352,88,204115,27.759417924656603
0.2,7353,74,204189,27.765705738373676
0.2,7354,56,204245,27.76954452753229
0.2,7355,-228,204017,27.73477433387711
0.2,7356,-64,203953,27.722305287481312
0.2,7357,62,204015,27.726963848871975
0.2,7358,54,204069,27.73053403995108
0.2,7359,69,204138,27.736141304347825
0.2,7360,89,204227,27.74446406738215
0.2,7361,29,204256,27.744634610160283
0.2,7362,91,204347,27.753225587396443
0.2,7363,33,204380,27.753938077131995
0.2,7364,88,204468,27.762118126272913
0.2,7365,63,204531,27.766901982079826
0.2,7366,94,204625,27.775892493552327
0.2,7367,81,204706,27.783116178067317
0.2,7368,65,204771,27.788166644049397
0.2,7369,80,204851,27.795251017639078
0.2,7370,33,204884,27.795957129290464
0.2,7371,90,204974,27.804395008138904
0.2,7372,91,205065,27.812966228129664
0.2,7373,51,205116,27.816110659072418
0.2,7374,74,205190,27.822372881355932
0.2,7375,49,205239,27.825244034707158
0.2,7376,-92,205147,27.809000948895214
0.2,7377,65,205212,27.81404174573055
0.2,7378,-38,205174,27.8051226453449
0.2,7379,79,205253,27.812059620596205
0.2,7380,93,205346,27.820891478119496
0.2,7381,-8,205338,27.816039013817395
0.2,7382,-61,205277,27.8040092103481
0.2,7383,74,205351,27.810265438786566
0.2,7384,69,205420,27.815842924847665
0.2,7385,20,205440,27.814784727863525
0.2,7386,-68,205372,27.801813997563286
0.2,7387,87,205459,27.809826746074716
0.2,7388,93,205552,27.818649343618894
0.2,7389,-24,205528,27.811637347767252
0.2,7390,93,205621,27.82045731294818
0.2,7391,-29,205592,27.812770562770563
0.2,7392,93,205685,27.8215879886379
0.2,7393,87,205772,27.82959156072491
0.2,7394,93,205865,27.838404327248142
0.2,7395,82,205947,27.84572742022715
0.2,7396,-124,205823,27.825199405164255
0.2,7397,67,205890,27.83049472830495
0.2,7398,-26,205864,27.823219353966753
0.2,7399,61,205925,27.8277027027027
0.2,7400,92,206017,27.836373463045533
0.2,7401,77,206094,27.84301540124291
0.2,7402,94,206188,27.851951911387275
0.2,7403,56,206244,27.85575364667747
0.2,7404,46,206290,27.85820391627279
0.2,7405,93,206383,27.86699972994869
0.2,7406,-64,206319,27.854597002835156
0.2,7407,76,206395,27.861096112311014
0.2,7408,-173,206222,27.833985693075988
0.2,7409,59,206281,27.838191632928474
0.2,7410,17,206298,27.836729186344623
0.2,7411,-42,206256,27.827307069616836
0.2,7412,15,206271,27.82557668959935
0.2,7413,80,206351,27.83261397356353
0.2,7414,-3,206348,27.82845583277141
0.2,7415,63,206411,27.833198489751886
0.2,7416,67,206478,27.83847916947553
0.2,7417,16,206494,27.83688325694257
0.2,7418,76,206570,27.843375117940422
0.2,7419,19,206589,27.842183288409704
0.2,7420,90,206679,27.850559223824284
0.2,7421,-51,206628,27.839935327405012
0.2,7422,83,206711,27.847366293951232
0.2,7423,56,206767,27.851158405172413
0.2,7424,3,206770,27.84781144781145
0.2,7425,88,206858,27.85591166172906
0.2,7426,83,206941,27.863336475023562
0.2,7427,39,206980,27.864835756596662
0.2,7428,90,207070,27.873199623098667
0.2,7429,-52,207018,27.862449528936743
0.2,7430,-88,206930,27.846857758040642
0.2,7431,-73,206857,27.833288482238967
0.2,7432,58,206915,27.83734696623167
0.2,7433,-218,206697,27.804277643260694
0.2,7434,-181,206516,27.77619367854741
0.2,7435,53,206569,27.77958579881657
0.2,7436,-75,206494,27.765765765765767
0.2,7437,11,206505,27.76351169669266
0.2,7438,73,206578,27.76959268718914
0.2,7439,-53,206525,27.758736559139784
0.2,7440,-36,206489,27.750167988173633
0.2,7441,16,206505,27.74858908895458
0.2,7442,61,206566,27.753056563213757
0.2,7443,-45,206521,27.743283181085438
0.2,7444,-164,206357,27.717528542646072
0.2,7445,58,206415,27.721595487510072
0.2,7446,90,206505,27.72995837249899
0.2,7447,91,206596,27.73845327604726
0.2,7448,92,206688,27.747080144985905
0.2,7449,25,206713,27.746711409395974
0.2,7450,92,206805,27.755334854381964
0.2,7451,-61,206744,27.743424584004295
0.2,7452,92,206836,27.75204615591037
0.2,7453,24,206860,27.751542795814327
0.2,7454,88,206948,27.75962441314554
0.2,7455,55,207003,27.763277896995707
0.2,7456,-92,206911,27.74721737964329
0.2,7457,92,207003,27.755832662912308
0.2,7458,68,207071,27.76122804665505
0.2,7459,78,207149,27.767962466487937
0.2,7460,82,207231,27.77523120225171
0.2,7461,48,207279,27.7779415706245
0.2,7462,87,207366,27.785876993166287
0.2,7463,35,207401,27.786843515541264
0.2,7464,94,207495,27.79571332886805
0.2,7465,62,207557,27.800294669166888
0.2,7466,-33,207524,27.792152136065354
0.2,7467,30,207554,27.792447777182645
0.2,7468,94,207648,27.801312089971884
0.2,7469,67,207715,27.80655957161981
0.2,7470,3,207718,27.803239191540623
0.2,7471,80,207798,27.81022483940043
0.2,7472,45,207843,27.81252509032517
0.2,7473,90,207933,27.82084559807332
0.2,7474,94,208027,27.82969899665552
0.2,7475,88,208115,27.837747458533975
0.2,7476,92,208207,27.846328741473855
0.2,7477,82,208289,27.853570473388608
0.2,7478,82,208371,27.860810268752505
0.2,7479,63,208434,27.865508021390376
0.2,7480,-13,208421,27.860045448469457
0.2,7481,85,208506,27.867682437850842
0.2,7482,31,208537,27.868101028999064
0.2,7483,36,208573,27.869187600213788
0.2,7484,32,208605,27.869739478957914
0.2,7485,74,208679,27.875901683141866
0.2,7486,30,208709,27.876185388005876
0.2,7487,-52,208657,27.865518162393162
0.2,7488,80,208737,27.87247963680064
0.2,7489,89,208826,27.88064085447263
0.2,7490,24,208850,27.88012281404352
0.2,7491,80,208930,27.887079551521623
0.2,7492,49,208979,27.889897237421593
0.2,7493,83,209062,27.897251134240726
0.2,7494,91,209153,27.905670446964642
0.2,7495,81,209234,27.91275346851654
0.2,7496,87,209321,27.92063492063492
0.2,7497,85,209406,27.928247532675382
0.2,7498,36,209442,27.92932390985465
0.2,7499,-262,209180,27.890666666666668
0.2,7500,78,209258,27.89734702039728
0.2,7501,81,209339,27.904425486536923
0.2,7502,8,209347,27.90177262428362
0.2,7503,91,209438,27.910181236673775
0.2,7504,47,209485,27.912724850099934
0.2,7505,88,209573,27.920730082600585
0.2,7506,69,209642,27.92620221126948
0.2,7507,35,209677,27.927144379328716
0.2,7508,87,209764,27.935011319749634
0.2,7509,-209,209555,27.903462050599202
0.2,7510,26,209581,27.903208627346558
0.2,7511,84,209665,27.910676251331203
0.2,7512,84,209749,27.918141887395183
0.2,7513,75,209824,27.924407772158638
0.2,7514,53,209877,27.927744510978044
0.2,7515,44,209921,27.929882916444917
0.2,7516,-157,209764,27.905281362245578
0.2,7517,65,209829,27.91021548284118
0.2,7518,87,209916,27.918074211996277
0.2,7519,-113,209803,27.899335106382978
0.2,7520,60,209863,27.903603244249435
0.2,7521,60,209923,27.907870247274662
0.2,7522,-67,209856,27.895254552705037
0.2,7523,88,209944,27.903242955874536
0.2,7524,12,209956,27.901129568106313
0.2,7525,-83,209873,27.88639383470635
0.2,7526,-29,209844,27.87883618971702
0.2,7527,92,209936,27.887353878852284
0.2,7528,85,210021,27.894939567007572
0.2,7529,58,210079,27.898937583001327
0.2,7530,92,210171,27.90744920993228
0.2,7531,-91,210080,27.89166224110462
0.2,7532,30,210110,27.891942121332804
0.2,7533,80,210190,27.89885850809663
0.2,7534,-15,210175,27.893165228931654
0.2,7535,45,210220,27.89543524416136
0.2,7536,88,210308,27.90340984476582
0.2,7537,77,210385,27.909923056513666
0.2,7538,81,210466,27.9169651147367
0.2,7539,90,210556,27.925198938992043
0.2,7540,69,210625,27.930645802943907
0.2,7541,-61,210564,27.918854415274463
0.2,7542,-19,210545,27.9126342304123
0.2,7543,41,210586,27.9143690349947
0.2,7544,31,210617,27.91477799867462
0.2,7545,-38,210579,27.906042936655183
0.2,7546,68,210647,27.911355505498875
0.2,7547,39,210686,27.912824589295177
0.2,7548,85,210771,27.920386806199495
0.2,7549,29,210800,27.920529801324502
0.2,7550,48,210848,27.923188981591842
0.2,7551,-21,210827,27.916710805084747
0.2,7552,43,210870,27.91870779822587
0.2,7553,75,210945,27.924940428911835
0.2,7554,76,211021,27.9313037723362
0.2,7555,50,211071,27.93422445738486
0.2,7556,-115,210956,27.91531030832341
0.2,7557,4,210960,27.912146070388992
0.2,7558,-11,210949,27.906998280195793
0.2,7559,71,211020,27.91269841269841
0.2,7560,87,211107,27.920513159634968
0.2,7561,89,211196,27.928590320021158
0.2,7562,45,211241,27.9308475472696
0.2,7563,-200,211041,27.900713907985192
0.2,7564,1,211042,27.89715796430932
0.2,7565,-43,210999,27.887787470261696
0.2,7566,74,211073,27.893881326813798
0.2,7567,38,211111,27.895216701902747
0.2,7568,0,211111,27.891531245871317
0.2,7569,87,211198,27.899339498018495
0.2,7570,92,211290,27.9078061022322
0.2,7571,89,211379,27.915874273639727
0.2,7572,65,211444,27.920771160702497
0.2,7573,62,211506,27.925270662793768
0.2,7574,-72,211434,27.912079207920794
0.2,7575,93,211527,27.920670538542765
0.2,7576,69,211596,27.926092120892175
0.2,7577,7,211603,27.923330694114544
0.2,7578,-9,211594,27.918458899590973
0.2,7579,79,211673,27.92519788918206
0.2,7580,33,211706,27.925867299828518
0.2,7581,33,211739,27.92653653389607
0.2,7582,-40,211699,27.917578794672295
0.2,7583,14,211713,27.915743670886076
0.2,7584,86,211799,27.923401450230717
0.2,7585,29,211828,27.92354336936462
0.2,7586,82,211910,27.93067088440754
0.2,7587,10,211920,27.928307854507118
0.2,7588,30,211950,27.928580840690472
0.2,7589,93,212043,27.937154150197628
0.2,7590,59,212102,27.941246212620207
0.2,7591,18,212120,27.939936775553214
0.2,7592,-128,211992,27.91939944685895
0.2,7593,-6,211986,27.914932841717146
0.2,7594,-88,211898,27.899670836076368
0.2,7595,88,211986,27.907582938388625
0.2,7596,78,212064,27.91417664867711
0.2,7597,77,212141,27.920637009739405
0.2,7598,-76,212065,27.90696144229504
0.2,7599,-81,211984,27.89263157894737
0.2,7600,79,212063,27.899355347980528
0.2,7601,39,212102,27.900815574848725
0.2,7602,93,212195,27.909377877153755
0.2,7603,10,212205,27.907022619673857
0.2,7604,84,212289,27.91439842209073
0.2,7605,-423,211866,27.85511438338154
0.2,7606,89,211955,27.863152359668725
0.2,7607,51,212006,27.866193480546794
0.2,7608,83,212089,27.87343934814036
0.2,7609,94,212183,27.882128777923786
0.2,7610,67,212250,27.88726842727631
0.2,7611,86,212336,27.894902785076194
0.2,7612,-24,212312,27.888086168396164
0.2,7613,50,212362,27.890990281061203
0.2,7614,93,212455,27.899540380827315
0.2,7615,23,212478,27.89889705882353
0.2,7616,58,212536,27.90284889063936
0.2,7617,-72,212464,27.8897348385403
0.2,7618,94,212558,27.898411865074156
0.2,7619,-24,212534,27.891601049868765
0.2,7620,69,212603,27.896995144994094
0.2,7621,23,212626,27.896352663342956
0.2,7622,-41,212585,27.887314705496525
0.2,7623,84,212669,27.894674711437567
0.2,7624,-143,212526,27.872262295081967
0.2,7625,91,212617,27.880540257015472
0.2,7626,-211,212406,27.84921987675364
0.2,7627,72,212478,27.855007865757734
0.2,7628,59,212537,27.85909031327828
0.2,7629,-29,212508,27.851638269986893
0.2,7630,-73,212435,27.83842222513432
0.2,7631,-39,212396,27.82966457023061
0.2,7632,83,212479,27.836892440717936
0.2,7633,93,212572,27.84542834686927
0.2,7634,-55,212517,27.83457760314342
0.2,7635,67,212584,27.839706652697746
0.2,7636,18,212602,27.838418227052507
0.2,7637,-214,212388,27.80675569520817
0.2,7638,37,212425,27.80795915695772
0.2,7639,94,212519,27.816623036649215
0.2,7640,-114,212405,27.798063080748594
0.2,7641,11,212416,27.79586495681759
0.2,7642,-84,212332,27.781237733874132
0.2,7643,88,212420,27.789115646258505
0.2,7644,82,212502,27.796206671026816
0.2,7645,-9,212493,27.791394193042112
0.2,7646,90,212583,27.7995292271479
0.2,7647,87,212670,27.807269874476987
0.2,7648,85,212755,27.814747025755
0.2,7649,94,212849,27.823398692810457
0.2,7650,-4,212845,27.819239315122207
0.2,7651,35,212880,27.820177731312075
0.2,7652,6,212886,27.81732653861231
0.2,7653,87,212973,27.825058792788084
0.2,7654,84,213057,27.832397126061398
0.2,7655,63,213120,27.836990595611287
0.2,7656,-46,213074,27.827347525140393
0.2,7657,83,213157,27.8345521023766
0.2,7658,-35,213122,27.826348087217653
0.2,7659,-78,213044,27.81253263707572
0.2,7660,87,213131,27.820258451899228
0.2,7661,85,213216,27.827721221613157
0.2,7662,93,213309,27.836226021140547
0.2,7663,73,213382,27.842118997912316
0.2,7664,57,213439,27.845923026744945
0.2,7665,77,213516,27.852334985650927
0.2,7666,-1,213515,27.848571801226033
0.2,7667,-14,213501,27.843114241001565
0.2,7668,75,213576,27.849263267701133
0.2,7669,-16,213560,27.84354628422425
0.2,7670,77,213637,27.849954373614914
0.2,7671,86,213723,27.857533889468197
0.2,7672,-57,213666,27.84647465137495
0.2,7673,-65,213601,27.834375814438364
0.2,7674,90,213691,27.842475570032573
0.2,7675,-102,213589,27.825560187597706
0.2,7676,-107,213482,27.807997915852546
0.2,7677,78,213560,27.814535035165406
0.2,7678,41,213601,27.816252116160957
0.2,7679,82,213683,27.823307291666666
0.2,7680,84,213767,27.830621012888948
0.2,7681,-5,213762,27.82634730538922
0.2,7682,-34,213728,27.81830014317324
0.2,7683,58,213786,27.822228006246746
0.2,7684,88,213874,27.830058555627847
0.2,7685,46,213920,27.83242258652095
0.2,7686,-84,213836,27.81787433328997
0.2,7687,-35,213801,27.809703433922998
0.2,7688,-49,213752,27.799713876967097
0.2,7689,93,213845,27.80819245773732
0.2,7690,62,213907,27.81263814848524
0.2,7691,-13,213894,27.807332293291733
0.2,7692,94,213988,27.815936565709087
0.2,7693,91,214079,27.824148687288798
0.2,7694,-80,213999,27.810136452241714
0.2,7695,61,214060,27.814449064449065
0.2,7696,53,214113,27.817721190074053
0.2,7697,92,214205,27.826058716549753
0.2,7698,-61,214144,27.81452136641122
0.2,7699,66,214210,27.81948051948052
0.2,7700,89,214299,27.827425009738995
0.2,7701,39,214338,27.82887561672293
0.2,7702,71,214409,27.83448007269895
0.2,7703,52,214461,27.837616822429908
0.2,7704,81,214542,27.8445165476963
0.2,7705,89,214631,27.852452634310925
0.2,7706,76,214707,27.858699883223043
0.2,7707,-25,214682,27.851842241826674
0.2,7708,42,214724,27.853677519782075
0.2,7709,78,214802,27.86018158236057
0.2,7710,67,214869,27.865257424458566
0.2,7711,59,214928,27.869294605809127
0.2,7712,4,214932,27.86619992220926
0.2,7713,94,215026,27.874773139745916
0.2,7714,68,215094,27.8799740764744
0.2,7715,16,215110,27.8784344219803
0.2,7716,85,215195,27.88583646494752
0.2,7717,41,215236,27.887535630992485
0.2,7718,56,215292,27.89117761368053
0.2,7719,-173,215119,27.865155440414508
0.2,7720,83,215202,27.872296334671674
0.2,7721,89,215291,27.88021238021238
0.2,7722,78,215369,27.886702058785446
0.2,7723,50,215419,27.889564992232003
0.2,7724,-14,215405,27.884142394822007
0.2,7725,-58,215347,27.873026145482786
0.2,7726,-53,215294,27.862559855053707
0.2,7727,-27,215267,27.85546066252588
0.2,7728,86,215353,27.862983568378834
0.2,7729,-68,215285,27.85058214747736
0.2,7730,-80,215205,27.83663174233605
0.2,7731,-10,215195,27.831738230729435
0.2,7732,76,215271,27.837967153756626
0.2,7733,82,215353,27.84497026118438
0.2,7734,85,215438,27.852359405300582
0.2,7735,27,215465,27.852249224405377
0.2,7736,17,215482,27.850846581362283
0.2,7737,29,215511,27.85099508917033
0.2,7738,29,215540,27.8511435585993
0.2,7739,59,215599,27.85516795865633
0.2,7740,43,215642,27.857124402531973
0.2,7741,61,215703,27.86140532162232
0.2,7742,3,215706,27.85819449825649
0.2,7743,71,215777,27.863765495867767
0.2,7744,-11,215766,27.85874757908328
0.2,7745,77,215843,27.86509166021172
0.2,7746,-139,215704,27.84355234284239
0.2,7747,15,215719,27.841894682498708
0.2,7748,18,215737,27.840624596722158
0.2,7749,-62,215675,27.829032258064515
0.2,7750,94,215769,27.837569345890852
0.2,7751,24,215793,27.837074303405572
0.2,7752,-35,215758,27.82896943118793
0.2,7753,84,215842,27.836213567191127
0.2,7754,-40,215802,27.827466150870407
0.2,7755,-5,215797,27.823233625580198
0.2,7756,16,215813,27.821709423746295
0.2,7757,-187,215626,27.79401907708172
0.2,7758,79,215705,27.800618636422218
0.2,7759,2,215707,27.79729381443299
0.2,7760,-117,215590,27.778636773611648
0.2,7761,78,215668,27.7851069312033
0.2,7762,87,215755,27.792734767486795
0.2,7763,-1,215754,27.78902627511592
0.2,7764,17,215771,27.787636831938183
0.2,7765,-27,215744,27.780582024208087
0.2,7766,49,215793,27.783314020857475
0.2,7767,9,215802,27.780895983522143
0.2,7768,68,215870,27.786072853649117
0.2,7769,-12,215858,27.78095238095238
0.2,7770,-40,215818,27.77223008621799
0.2,7771,44,215862,27.774318064848174
0.2,7772,94,215956,27.782838029075002
0.2,7773,92,216048,27.79109853357345
0.2,7774,80,216128,27.79781350482315
0.2,7775,87,216215,27.80542695473251
0.2,7776,42,216257,27.807252153786806
0.2,7777,-32,216225,27.799562869632297
0.2,7778,-92,216133,27.784162488751768
0.2,7779,49,216182,27.786889460154242
0.2,7780,4,216186,27.783832412286337
0.2,7781,1,216187,27.780390645078388
0.2,7782,81,216268,27.787228575099576
0.2,7783,83,216351,27.794321685508734
0.2,7784,69,216420,27.79961464354528
0.2,7785,56,216476,27.803236578474184
0.2,7786,93,216569,27.811609092076537
0.2,7787,-181,216388,27.784797123780173
0.2,7788,91,216479,27.792913082552317
0.2,7789,-32,216447,27.785237483953786
0.2,7790,94,216541,27.793736362469517
0.2,7791,79,216620,27.800308008213552
0.2,7792,51,216671,27.8032849993584
0.2,7793,50,216721,27.806132922761098
0.2,7794,69,216790,27.811417575368825
0.2,7795,68,216858,27.816572601334016
0.2,7796,88,216946,27.824291394125947
0.2,7797,90,217036,27.832264683252117
0.2,7798,89,217125,27.840107706116168
0.2,7799,-59,217066,27.82897435897436
0.2,7800,67,217133,27.833995641584412
0.2,7801,12,217145,27.83196616252243
0.2,7802,32,217177,27.832500320389595
0.2,7803,78,217255,27.83892875448488
0.2,7804,76,217331,27.84509929532351
0.2,7805,83,217414,27.852165001281065
0.2,7806,54,217468,27.855514282054568
0.2,7807,74,217542,27.86142418032787
0.2,7808,55,217597,27.864899474964783
0.2,7809,9,217606,27.86248399487836
0.2,7810,48,217654,27.865062091921647
0.2,7811,34,217688,27.865847414234512
0.2,7812,81,217769,27.872648150518366
0.2,7813,88,217857,27.880342974148963
0.2,7814,75,217932,27.88637236084453
0.2,7815,-46,217886,27.87691914022518
0.2,7816,74,217960,27.88281949597032
0.2,7817,83,218043,27.889869531849577
0.2,7818,78,218121,27.896278296457346
0.2,7819,93,218214,27.90460358056266
0.2,7820,94,218308,27.9130545965989
0.2,7821,68,218376,27.918179493735618
0.2,7822,93,218469,27.92649878563211
0.2,7823,77,218546,27.932770961145195
0.2,7824,5,218551,27.929840255591053
0.2,7825,28,218579,27.929849220546895
0.2,7826,93,218672,27.93816276989907
0.2,7827,83,218755,27.9451967296883
0.2,7828,-273,218482,27.90675692936518
0.2,7829,14,218496,27.90498084291188
0.2,7830,86,218582,27.912399438130507
0.2,7831,90,218672,27.92032686414709
0.2,7832,64,218736,27.924932975871315
0.2,7833,92,218828,27.933112075568037
0.2,7834,44,218872,27.935162731333758
0.2,7835,93,218965,27.94346605410924
0.2,7836,-156,218809,27.919994896006123
0.2,7837,66,218875,27.92485327889768
0.2,7838,92,218967,27.933027171833142
0.2,7839,-50,218917,27.92308673469388
0.2,7840,86,219003,27.930493559494963
0.2,7841,32,219035,27.931012496812038
0.2,7842,87,219122,27.93854392451868
0.2,7843,-99,219023,27.92236104028557
0.2,7844,89,219112,27.93014659018483
0.2,7845,73,219185,27.935890899821565
0.2,7846,81,219266,27.942653243277686
0.2,7847,37,219303,27.943807339449542
0.2,7848,75,219378,27.949802522614345
0.2,7849,-5,219373,27.945605095541403
0.2,7850,69,219442,27.950834288625654
0.2,7851,74,219516,27.956698930208862
0.2,7852,11,219527,27.95453966636954
0.2,7853,93,219620,27.962821492233257
0.2,7854,81,219701,27.969573520050922
0.2,7855,93,219794,27.977851323828922
0.2,7856,94,219888,27.986254295532646
0.2,7857,80,219968,27.992873504708577
0.2,7858,89,220057,28.000636213258684
0.2,7859,89,220146,28.008396946564886
0.2,7860,23,220169,28.007759826994022
0.2,7861,-4,220165,28.003688628847623
0.2,7862,-136,220029,27.982830980541777
0.2,7863,82,220111,27.9896998982706
0.2,7864,94,220205,27.998092816274635
0.2,7865,93,220298,28.006356470887365
0.2,7866,43,220341,28.00826236176433
0.2,7867,-4,220337,28.00419420437214
0.2,7868,21,220358,28.003304104714704
0.2,7869,43,220401,28.005209656925032
0.2,7870,69,220470,28.010417990090204
0.2,7871,-52,220418,28.00025406504065
0.2,7872,-54,220364,27.989838689190904
0.2,7873,-25,220339,27.983108966217934
0.2,7874,91,220430,27.99111111111111
0.2,7875,91,220521,27.99911122397156
0.2,7876,82,220603,28.00596673860607
0.2,7877,76,220679,28.012058898197512
0.2,7878,1,220680,28.00863053687016
0.2,7879,82,220762,28.01548223350254
0.2,7880,92,220854,28.02360106585459
0.2,7881,94,220948,28.03197158081705
0.2,7882,91,221039,28.039959406317394
0.2,7883,90,221129,28.047818366311517
0.2,7884,88,221217,28.05542168674699
0.2,7885,-109,221108,28.038042099923917
0.2,7886,72,221180,28.04361607708888
0.2,7887,75,221255,28.049568965517242
0.2,7888,85,221340,28.05678793256433
0.2,7889,58,221398,28.060583016476553
0.2,7890,83,221481,28.067545304777596
0.2,7891,79,221560,28.073998986315257
0.2,7892,85,221645,28.081211199797288
0.2,7893,10,221655,28.078920699265264
0.2,7894,77,221732,28.085117162761243
0.2,7895,11,221743,28.082953394123606
0.2,7896,92,221835,28.091047233126503
0.2,7897,43,221878,28.09293492023297
0.2,7898,46,221924,28.095201924294216
0.2,7899,86,222010,28.10253164556962
0.2,7900,46,222056,28.104796861156817
0.2,7901,76,222132,28.11085801063022
0.2,7902,90,222222,28.11868910540301
0.2,7903,2,222224,28.115384615384617
0.2,7904,-117,222107,28.097027197975965
0.2,7905,37,222144,28.09815330129016
0.2,7906,18,222162,28.096876185658278
0.2,7907,18,222180,28.095599393019725
0.2,7908,-15,222165,28.090150461499558
0.2,7909,91,222256,28.098103666245258
0.2,7910,75,222331,28.104032360005057
0.2,7911,68,222399,28.10907482305359
0.2,7912,25,222424,28.1086819158347
0.2,7913,84,222508,28.11574425069497
0.2,7914,45,222553,28.117877447883764
0.2,7915,-30,222523,28.110535624052552
0.2,7916,83,222606,28.117468738158394
0.2,7917,79,222685,28.123894922960343
0.2,7918,86,222771,28.131203434777117
0.2,7919,85,222856,28.138383838383838
0.2,7920,-18,222838,28.132559020325715
0.2,7921,36,222874,28.133552133299673
0.2,7922,89,222963,28.14123438091632
0.2,7923,14,222977,28.139449772842
0.2,7924,93,223070,28.14763406940063
0.2,7925,91,223161,28.1555639666919
0.2,7926,-52,223109,28.145452251797654
0.2,7927,90,223199,28.153254288597378
0.2,7928,31,223230,28.153613318199017
0.2,7929,-27,223203,28.146658259773012
0.2,7930,-69,223134,28.134409280040348
0.2,7931,8,223142,28.13187090267272
0.2,7932,51,223193,28.134753561073996
0.2,7933,85,223278,28.14192084698765
0.2,7934,-97,223181,28.126149968494015
0.2,7935,67,223248,28.131048387096776
0.2,7936,-106,223142,28.114148922766788
0.2,7937,70,223212,28.119425547996975
0.2,7938,83,223295,28.126338329764454
0.2,7939,-175,223120,28.1007556675063
0.2,7940,84,223204,28.107794988036773
0.2,7941,-100,223104,28.091664568118862
0.2,7942,-117,222987,28.073397960468338
0.2,7943,47,223034,28.075780463242697
0.2,7944,-31,223003,28.068344870988042
0.2,7945,-8,222995,28.063805688396677
0.2,7946,24,223019,28.06329432490248
0.2,7947,80,223099,28.06982888777051
0.2,7948,46,223145,28.072084538935716
0.2,7949,88,223233,28.079622641509435
0.2,7950,-9,223224,28.07495912463841
0.2,7951,-99,223125,28.058978873239436
0.2,7952,-104,223021,28.042373946938262
0.2,7953,80,223101,28.048906210711593
0.2,7954,-70,223031,28.036580766813326
0.2,7955,74,223105,28.042357968828558
0.2,7956,84,223189,28.049390473796656
0.2,7957,52,223241,28.05240010052777
0.2,7958,-66,223175,28.040582987812538
0.2,7959,71,223246,28.04597989949749
0.2,7960,7,223253,28.043336264288406
0.2,7961,-133,223120,28.023109771414216
0.2,7962,-45,223075,28.013939470048978
0.2,7963,-7,223068,28.0095429432446
0.2,7964,-40,223028,28.001004394224733
0.2,7965,91,223119,28.00891287973889
0.2,7966,-219,222900,27.977908874105687
0.2,7967,-115,222785,27.95996485943775
0.2,7968,44,222829,27.961977663445854
0.2,7969,20,222849,27.960978670012548
0.2,7970,-54,222795,27.950696273993227
0.2,7971,36,222831,27.951705970898143
0.2,7972,22,222853,27.95095948827292
0.2,7973,84,222937,27.957988462503135
0.2,7974,48,222985,27.96050156739812
0.2,7975,87,223072,27.9679037111334
0.2,7976,72,223144,27.973423592829384
0.2,7977,-128,223016,27.953873151165705
0.2,7978,72,223088,27.9593934076952
0.2,7979,-86,223002,27.945112781954887
0.2,7980,94,223096,27.95338929958652
0.2,7981,-64,223032,27.941869205712855
0.2,7982,93,223125,27.9500187899286
0.2,7983,-23,223102,27.943637274549097
0.2,7984,-8,223094,27.93913587977458
0.2,7985,19,223113,27.93801652892562
0.2,7986,80,223193,27.94453486916239
0.2,7987,42,223235,27.946294441662495
0.2,7988,30,223265,27.946551508323946
0.2,7989,85,223350,27.95369211514393
0.2,7990,-127,223223,27.934301088724816
0.2,7991,58,223281,27.938063063063062
0.2,7992,47,223328,27.940447891905418
0.2,7993,70,223398,27.94570928196147
0.2,7994,-98,223300,27.92995622263915
0.2,7995,93,223393,27.93809404702351
0.2,7996,92,223485,27.946104789295987
0.2,7997,78,223563,27.952363090772693
0.2,7998,80,223643,27.958869858732342
0.2,7999,89,223732,27.9665
0.2,8000,8,223740,27.96400449943757
0.2,8001,43,223783,27.965883529117722
0.2,8002,-85,223698,27.951768086967387
0.2,8003,-58,223640,27.94102948525737
0.2,8004,56,223696,27.944534665833853
0.2,8005,6,223702,27.941793654758932
0.2,8006,47,223749,27.944173847883103
0.2,8007,93,223842,27.952297702297702
0.2,8008,-41,223801,27.94368835060557
0.2,8009,35,223836,27.944569288389513
0.2,8010,62,223898,27.948820371988514
0.2,8011,43,223941,27.95069895157264
0.2,8012,-128,223813,27.931236740297017
0.2,8013,-77,223736,27.9181432493137
0.2,8014,48,223784,27.92064878353088
0.2,8015,74,223858,27.926397205588824
0.2,8016,-29,223829,27.919296494948235
0.2,8017,88,223917,27.926789723122972
0.2,8018,-10,223907,27.922060107245294
0.2,8019,94,224001,27.930299251870323
0.2,8020,86,224087,27.937538960229396
0.2,8021,60,224147,27.94153577661431
0.2,8022,12,224159,27.939548797208026
0.2,8023,56,224215,27.943045862412763
0.2,8024,72,224287,27.94853582554517
0.2,8025,57,224344,27.952155494642412
0.2,8026,49,224393,27.95477762551389
0.2,8027,86,224479,27.96200797209766
0.2,8028,-71,224408,27.949682401295306
0.2,8029,82,224490,27.956413449564135
0.2,8030,-69,224421,27.944340679865523
0.2,8031,-27,224394,27.9375
0.2,8032,72,224466,27.942985186107308
0.2,8033,71,224537,27.948344535723177
0.2,8034,90,224627,27.956067205973863
0.2,8035,-86,224541,27.941886510701842
0.2,8036,92,224633,27.949856911783005
0.2,8037,79,224712,27.956208011943268
0.2,8038,19,224731,27.955093917153874
0.2,8039,45,224776,27.95721393034826
0.2,8040,-34,224742,27.949508767566222
0.2,8041,-9,224733,27.94491420044765
0.2,8042,68,224801,27.94989431804053
0.2,8043,30,224831,27.95014917951268
0.2,8044,94,224925,27.95835922933499
0.2,8045,87,225012,27.965697240865026
0.2,8046,89,225101,27.97328196843544
0.2,8047,34,225135,27.974030815109344
0.2,8048,90,225225,27.981736861721952
0.2,8049,-5,225220,27.977639751552793
0.2,8050,67,225287,27.982486647621414
0.2,8051,-114,225173,27.96485345255837
0.2,8052,91,225264,27.972680988451508
0.2,8053,25,225289,27.972311894710703
0.2,8054,78,225367,27.97852265673495
0.2,8055,42,225409,27.980263157894736
0.2,8056,66,225475,27.984982003227007
0.2,8057,28,225503,27.98498386696451
0.2,8058,93,225596,27.993051247052986
0.2,8059,90,225686,28.00074441687345
0.2,8060,70,225756,28.005954596203946
0.2,8061,57,225813,28.00955097990573
0.2,8062,81,225894,28.01612303112985
0.2,8063,-37,225857,28.008060515873016
0.2,8064,61,225918,28.012151270923745
0.2,8065,-217,225701,27.981775353334985
0.2,8066,-131,225570,27.962067683153588
0.2,8067,-55,225515,27.95178482895389
0.2,8068,-7,225508,27.947453216011898
0.2,8069,69,225577,27.952540272614623
0.2,8070,69,225646,27.957626068640813
0.2,8071,-130,225516,27.938057482656095
0.2,8072,85,225601,27.945125727734425
0.2,8073,62,225663,27.949343571959375
0.2,8074,86,225749,27.956532507739936
0.2,8075,16,225765,27.955052005943536
0.2,8076,90,225855,27.962733688250587
0.2,8077,78,225933,27.96892795246348
0.2,8078,-27,225906,27.96212402525065
0.2,8079,84,225990,27.969059405940595
0.2,8080,69,226059,27.974136864249473
0.2,8081,-27,226032,27.967334818114328
0.2,8082,43,226075,27.969194605963132
0.2,8083,88,226163,27.976620484908462
0.2,8084,87,226250,27.9839208410637
0.2,8085,31,226281,27.984293841207023
0.2,8086,-106,226175,27.96772597996785
0.2,8087,-113,226062,27.950296735905045
0.2,8088,-58,226004,27.939671158363208
0.2,8089,73,226077,27.945241038318912
0.2,8090,90,226167,27.952910641453467
0.2,8091,-61,226106,27.941917943648047
0.2,8092,81,226187,27.948473989867786
0.2,8093,-25,226162,27.94193229552755
0.2,8094,93,226255,27.94996911673873
0.2,8095,79,226334,27.956274703557312
0.2,8096,83,226417,27.96307274299123
0.2,8097,77,226494,27.96912817979748
0.2,8098,68,226562,27.974070872947276
0.2,8099,66,226628,27.978765432098765
0.2,8100,88,226716,27.986174546352302
0.2,8101,23,226739,27.98555912120464
0.2,8102,-79,226660,27.972355917561398
0.2,8103,84,226744,27.979269496544916
0.2,8104,32,226776,27.979765576804443
0.2,8105,60,226836,27.983715766099184
0.2,8106,-360,226476,27.935857900579744
0.2,8107,9,226485,27.93352244696596
0.2,8108,41,226526,27.935133801948453
0.2,8109,61,226587,27.93921085080148
0.2,8110,20,226607,27.93823203057576
0.2,8111,32,226639,27.938732741617358
0.2,8112,-391,226248,27.887094786145692
0.2,8113,62,226310,27.891298989401037
0.2,8114,40,226350,27.89279112754159
0.2,8115,76,226426,27.898718580581566
0.2,8116,94,226520,27.906862141185165
0.2,8117,80,226600,27.913279132791327
0.2,8118,18,226618,27.91205813523833
0.2,8119,60,226678,27.91600985221675
0.2,8120,11,226689,27.913926856298485
0.2,8121,65,226754,27.918492982024134
0.2,8122,46,226800,27.920718946202143
0.2,8123,-19,226781,27.91494337764648
0.2,8124,85,226866,27.921969230769232
0.2,8125,-347,226519,27.87583066699483
0.2,8126,90,226609,27.88347483696321
0.2,8127,1,226610,27.880167322834644
0.2,8128,28,226638,27.88018206421454
0.2,8129,93,226731,27.888191881918818
0.2,8130,62,226793,27.89238716025089
0.2,8131,13,226806,27.890555828824397
0.2,8132,-4,226802,27.886634698143368
0.2,8133,1,226803,27.88332923530858
0.2,8134,63,226866,27.887645974185617
0.2,8135,71,226937,27.89294493608653
0.2,8136,-114,226823,27.875506943591002
0.2,8137,76,226899,27.88142049643647
0.2,8138,94,226993,27.88954417004546
0.2,8139,54,227047,27.892751842751842
0.2,8140,-9,227038,27.88822012037833
0.2,8141,86,227124,27.89535740604274
0.2,8142,37,227161,27.896475500429815
0.2,8143,-107,227054,27.8799115913556
0.2,8144,92,227146,27.887783916513197
0.2,8145,-11,227135,27.883010066290204
0.2,8146,34,227169,27.883760893580458
0.2,8147,-179,226990,27.858370152184584
0.2,8148,60,227050,27.862314394404223
0.2,8149,94,227144,27.87042944785276
0.2,8150,94,227238,27.87854251012146
0.2,8151,-45,227193,27.869602551521098
0.2,8152,61,227254,27.87366613516497
0.2,8153,77,227331,27.879690949227374
0.2,8154,79,227410,27.885959534028203
0.2,8155,16,227426,27.8845022069642
0.2,8156,53,227479,27.887581218585265
0.2,8157,81,227560,27.894091689139493
0.2,8158,42,227602,27.895820566245863
0.2,8159,82,227684,27.902450980392157
0.2,8160,-35,227649,27.894743291263325
0.2,8161,73,227722,27.900269541778975
0.2,8162,-47,227675,27.891093960553718
0.2,8163,45,227720,27.893189612934837
0.2,8164,-296,227424,27.853521126760562
0.2,8165,-1,227423,27.849987754102376
0.2,8166,94,227517,27.85808742500306
0.2,8167,-26,227491,27.85149363369246
0.2,8168,1,227492,27.848206634839027
0.2,8169,85,227577,27.855201958384335
0.2,8170,91,227668,27.862929873944438
0.2,8171,93,227761,27.87090063631914
0.2,8172,90,227851,27.87850238590481
0.2,8173,78,227929,27.884634206019086
0.2,8174,92,228021,27.892477064220184
0.2,8175,-37,227984,27.88454011741683
0.2,8176,93,228077,27.8925033630916
0.2,8177,85,228162,27.899486426999268
0.2,8178,93,228255,27.907445898031543
0.2,8179,92,228347,27.91528117359413
0.2,8180,44,228391,27.917247280283583
0.2,8181,-94,228297,27.902346614519676
0.2,8182,-20,228277,27.896492728828058
0.2,8183,78,228355,27.90261485826002
0.2,8184,-8,228347,27.89822846670739
0.2,8185,-20,228327,27.892377229416077
0.2,8186,59,228386,27.896176865762794
0.2,8187,-18,228368,27.89057156814851
0.2,8188,93,228461,27.898522408108438
0.2,8189,86,228547,27.905616605616604
0.2,8190,91,228638,27.913319497008914
0.2,8191,80,228718,27.919677734375
0.2,8192,84,228802,27.926522641279142
0.2,8193,70,228872,27.931657310226996
0.2,8194,84,228956,27.93849908480781
0.2,8195,78,229034,27.944607125427037
0.2,8196,-349,228685,27.898621446870806
0.2,8197,80,228765,27.904976823615517
0.2,8198,72,228837,27.91035492133187
0.2,8199,84,228921,27.91719512195122
0.2,8200,93,229014,27.92513108157542
0.2,8201,72,229086,27.93050475493782
0.2,8202,86,229172,27.937583810800927
0.2,8203,85,229257,27.944539249146757
0.2,8204,89,229346,27.951980499695306
0.2,8205,64,229410,27.956373385327808
0.2,8206,-16,229394,27.951017424150116
0.2,8207,42,229436,27.952729044834307
0.2,8208,54,229490,27.955902058716042
0.2,8209,-38,229452,27.94786845310597
0.2,8210,69,229521,27.952868103763244
0.2,8211,93,229614,27.960789089137847
0.2,8212,-114,229500,27.943504200657493
0.2,8213,71,229571,27.948746043340638
0.2,8214,90,229661,27.956299452221547
0.2,8215,92,229753,27.964094449853942
0.2,8216,-203,229550,27.93598636972131
0.2,8217,78,229628,27.94207836456559
0.2,8218,24,229652,27.94159873463925
0.2,8219,86,229738,27.94866180048662
0.2,8220,83,229821,27.95535822892592
0.2,8221,68,229889,27.96022865482851
0.2,8222,-59,229830,27.94965341116381
0.2,8223,74,229904,27.955252918287936
0.2,8224,43,229947,27.9570820668693
0.2,8225,59,230006,27.960855823000244
0.2,8226,91,230097,27.96851829342409
0.2,8227,47,230144,27.970831307729703
0.2,8228,83,230227,27.977518532020902
0.2,8229,50,230277,27.980194410692587
0.2,8230,-14,230263,27.97509415623861
0.2,8231,4,230267,27.97218172983479
0.2,8232,93,230360,27.980080165188873
0.2,8233,45,230405,27.982147194559143
0.2,8234,86,230491,27.989192471159683
0.2,8235,71,230562,27.994414764448763
0.2,8236,29,230591,27.994536845939056
0.2,8237,31,230622,27.994901675163874
0.2,8238,-118,230504,27.977181696807865
0.2,8239,-23,230481,27.97099514563107
0.2,8240,-58,230423,27.960563038466205
0.2,8241,88,230511,27.967847609803446
0.2,8242,-131,230380,27.948562416595898
0.2,8243,53,230433,27.95160116448326
0.2,8244,92,230525,27.959369314736204
0.2,8245,83,230608,27.9660441426146
0.2,8246,31,230639,27.966412028616467
0.2,8247,-116,230523,27.94895732298739
0.2,8248,12,230535,27.94702388168263
0.2,8249,-64,230471,27.93587878787879
0.2,8250,54,230525,27.93903769240092
0.2,8251,59,230584,27.942801745031506
0.2,8252,93,230677,27.95068459953956
0.2,8253,84,230761,27.957475163557064
0.2,8254,3,230764,27.954451847365235
0.2,8255,-160,230604,27.93168604651163
0.2,8256,88,230692,27.938960881676152
0.2,8257,94,230786,27.946960523129086
0.2,8258,-2,230784,27.943334544133673
0.2,8259,88,230872,27.950605326876513
0.2,8260,89,230961,27.95799540007263
0.2,8261,73,231034,27.963447107237958
0.2,8262,93,231127,27.97131792327242
0.2,8263,42,231169,27.973015488867375
0.2,8264,55,231224,27.976285541439808
0.2,8265,-36,231188,27.968545850471813
0.2,8266,-62,231126,27.95766299745978
0.2,8267,-28,231098,27.95089501693275
0.2,8268,83,231181,27.95755230378522
0.2,8269,94,231275,27.96553808948005
0.2,8270,-57,231218,27.955265385080402
0.2,8271,73,231291,27.96071083172147
0.2,8272,94,231385,27.968693339780007
0.2,8273,82,231467,27.97522359197486
0.2,8274,73,231540,27.980664652567977
0.2,8275,-25,231515,27.974262928951184
0.2,8276,80,231595,27.980548507913497
0.2,8277,87,231682,27.987678183136023
0.2,8278,-33,231649,27.980311631839594
0.2,8279,-47,231602,27.971256038647343
0.2,8280,13,231615,27.9694481342833
0.2,8281,57,231672,27.972953392900266
0.2,8282,-18,231654,27.96740311481347
0.2,8283,60,231714,27.97126991791405
0.2,8284,90,231804,27.978756789378394
0.2,8285,17,231821,27.977431812696114
0.2,8286,35,231856,27.978279232532884
0.2,8287,72,231928,27.983590733590734
0.2,8288,73,232001,27.989021594884786
0.2,8289,64,232065,27.993365500603137
0.2,8290,-10,232055,27.988783017730068
0.2,8291,-174,231881,27.96442354076218
0.2,8292,23,231904,27.96382491257687
0.2,8293,-29,231875,27.95695683626718
0.2,8294,94,231969,27.96491862567812
0.2,8295,-17,231952,27.95949855351977
0.2,8296,79,232031,27.965650235024707
0.2,8297,-37,231994,27.957821161725718
0.2,8298,81,232075,27.964212555729606
0.2,8299,73,232148,27.969638554216868
0.2,8300,-9,232139,27.96518491747982
0.2,8301,-1,232138,27.96169597687304
0.2,8302,86,232224,27.968686017102254
0.2,8303,89,232313,27.976035645472063
0.2,8304,92,232405,27.983744732089104
0.2,8305,80,232485,27.990007223693716
0.2,8306,55,232540,27.99325869748405
0.2,8307,75,232615,27.998916706788638
0.2,8308,63,232678,28.003129137080276
0.2,8309,68,232746,28.007942238267148
0.2,8310,2,232748,28.00481289856816
0.2,8311,85,232833,28.011669874879694
0.2,8312,28,232861,28.01166847106941
0.2,8313,66,232927,28.016237671397644
0.2,8314,92,233019,28.023932651834034
0.2,8315,-7,233012,28.01972101972102
0.2,8316,93,233105,28.027533966574484
0.2,8317,48,233153,28.02993508054821
0.2,8318,43,233196,28.03173458348359
0.2,8319,72,233268,28.037019230769232
0.2,8320,52,233320,28.03989905059488
0.2,8321,64,233384,28.04422013938957
0.2,8322,-10,233374,28.039649164964555
0.2,8323,22,233396,28.038923594425757
0.2,8324,91,233487,28.046486486486486
0.2,8325,82,233569,28.052966610617343
0.2,8326,24,233593,28.05247988471238
0.2,8327,-94,233499,28.037824207492797
0.2,8328,21,233520,28.036979229199183
0.2,8329,-92,233428,28.022569027611045
0.2,8330,-106,233322,28.006481814908174
0.2,8331,81,233403,28.012842054728758
0.2,8332,-84,233319,27.99939997599904
0.2,8333,89,233408,28.006719462443005
0.2,8334,49,233457,28.009238152369527
0.2,8335,90,233547,28.016674664107487
0.2,8336,93,233640,28.024469233537243
0.2,8337,75,233715,28.030103142240346
0.2,8338,-373,233342,27.982012231682457
0.2,8339,82,233424,27.988489208633094
0.2,8340,81,233505,27.99484474283659
0.2,8341,85,233590,28.0016782546152
0.2,8342,79,233669,28.00779096248352
0.2,8343,-76,233593,27.99532598274209
0.2,8344,30,233623,27.995566207309768
0.2,8345,92,233715,28.003235082674333
0.2,8346,66,233781,28.00778722894453
0.2,8347,15,233796,28.006229036895064
0.2,8348,94,233890,28.01413342915319
0.2,8349,27,233917,28.014011976047904
0.2,8350,18,233935,28.012812836786015
0.2,8351,-16,233919,28.007543103448278
0.2,8352,55,233974,28.010774572010057
0.2,8353,93,234067,28.018553986114437
0.2,8354,-101,233966,28.003111909036505
0.2,8355,-49,233917,27.993896601244614
0.2,8356,-177,233740,27.969366997726457
0.2,8357,84,233824,27.976070830342188
0.2,8358,-256,233568,27.942098337121664
0.2,8359,59,233627,27.945813397129186
0.2,8360,89,233716,27.953115656022007
0.2,8361,87,233803,27.960176991150444
0.2,8362,70,233873,27.96520387420782
0.2,8363,23,233896,27.964610234337638
0.2,8364,36,233932,27.965570830842797
0.2,8365,27,233959,27.965455414774084
0.2,8366,92,234051,27.973108641089997
0.2,8367,-33,234018,27.965822179732314
0.2,8368,46,234064,27.967977058190943
0.2,8369,90,234154,27.975388291517323
0.2,8370,85,234239,27.982200453948153
0.2,8371,-69,234170,27.970616340181557
0.2,8372,52,234222,27.973486205661054
0.2,8373,60,234282,27.9773107236685
0.2,8374,84,234366,27.984
0.2,8375,93,234459,27.99176217765043
0.2,8376,20,234479,27.990808165214276
0.2,8377,79,234558,27.996896634041537
0.2,8378,-11,234547,27.992242511039503
0.2,8379,-28,234519,27.985560859188546
0.2,8380,83,234602,27.992125044744064
0.2,8381,90,234692,27.999522786924363
0.2,8382,24,234716,27.9990456877013
0.2,8383,56,234772,28.002385496183205
0.2,8384,38,234810,28.003577817531305
0.2,8385,-124,234686,27.985451943715717
0.2,8386,-350,234336,27.940383927506854
0.2,8387,92,234428,27.948020982355747
0.2,8388,90,234518,27.95541780903564
0.2,8389,80,234598,27.96162097735399
0.2,8390,77,234675,27.96746514122274
0.2,8391,19,234694,27.966396568160153
0.2,8392,-14,234680,27.961396401763373
0.2,8393,86,234766,27.968310698117705
0.2,8394,75,234841,27.973913043478262
0.2,8395,73,234914,27.97927584564078
0.2,8396,-317,234597,27.93819221150411
0.2,8397,-3,234594,27.934508216241962
0.2,8398,22,234616,27.933801643052746
0.2,8399,-203,234413,27.906309523809522
0.2,8400,77,234490,27.91215331508154
0.2,8401,-36,234454,27.90454653653892
0.2,8402,87,234541,27.91157919790551
0.2,8403,0,234541,27.908257972394097
0.2,8404,-23,234518,27.902201070791197
0.2,8405,26,234544,27.901974779919104
0.2,8406,86,234630,27.908885452599023
0.2,8407,90,234720,27.916270218839202
0.2,8408,-75,234645,27.904031394933998
0.2,8409,0,234645,27.900713436385256
0.2,8410,-130,234515,27.881940316252525
0.2,8411,25,234540,27.881597717546363
0.2,8412,-71,234469,27.869844288600973
0.2,8413,85,234554,27.876634181126693
0.2,8414,-2,234552,27.873083778966134
0.2,8415,25,234577,27.872742395437264
0.2,8416,18,234595,27.871569442794346
0.2,8417,-53,234542,27.861962461392256
0.2,8418,92,234634,27.869580710298134
0.2,8419,93,234727,27.877315914489312
0.2,8420,69,234796,27.8821992637454
0.2,8421,44,234840,27.884113037283306
0.2,8422,86,234926,27.89101270331236
0.2,8423,62,234988,27.895061728395063
0.2,8424,22,235010,27.894362017804156
0.2,8425,75,235085,27.899952527889866
0.2,8426,74,235159,27.905423044974487
0.2,8427,-159,235000,27.88324632178453
0.2,8428,94,235094,27.891090283544905
0.2,8429,-258,234836,27.85717674970344
0.2,8430,81,234917,27.863480014233186
0.2,8431,58,234975,27.867054079696395
0.2,8432,-40,234935,27.85900628483339
0.2,8433,-129,234806,27.840407872895423
0.2,8434,78,234884,27.84635447540012
0.2,8435,85,234969,27.853129445234707
0.2,8436,-156,234813,27.83133815337205
0.2,8437,88,234901,27.838468831476654
0.2,8438,88,234989,27.845597819646876
0.2,8439,78,235067,27.85154028436019
0.2,8440,88,235155,27.858666034829998
0.2,8441,78,235233,27.86460554371002
0.2,8442,-7,235226,27.860476134075565
0.2,8443,76,235302,27.866177167219327
0.2,8444,14,235316,27.86453522794553
0.2,8445,51,235367,27.867274449443524
0.2,8446,-187,235180,27.84183733870013
0.2,8447,89,235269,27.849076704545453
0.2,8448,94,235363,27.856906142738787
0.2,8449,89,235452,27.86414201183432
0.2,8450,-18,235434,27.858714944976924
0.2,8451,-15,235419,27.853644107903456
0.2,8452,-125,235294,27.835561339169526
0.2,8453,94,235388,27.84338774544594
0.2,8454,92,235480,27.850975753991722
0.2,8455,89,235569,27.858207190160833
0.2,8456,93,235662,27.86590989712664
0.2,8457,61,235723,27.869827382359897
0.2,8458,-75,235648,27.85766639082634
0.2,8459,80,235728,27.863829787234042
0.2,8460,33,235761,27.864436827798134
0.2,8461,-318,235443,27.823564169227133
0.2,8462,69,235512,27.828429634881246
0.2,8463,93,235605,27.836129489603024
0.2,8464,-36,235569,27.828588304784407
0.2,8465,10,235579,27.82648240018899
0.2,8466,82,235661,27.832880595252156
0.2,8467,-128,235533,27.814478034955126
0.2,8468,71,235604,27.81957728185146
0.2,8469,-20,235584,27.813931523022433
0.2,8470,94,235678,27.821744776295596
0.2,8471,-2,235676,27.818224740321057
0.2,8472,25,235701,27.817892127935796
0.2,8473,90,235791,27.825230115647862
0.2,8474,92,235883,27.832802359882006
0.2,8475,18,235901,27.831642284096272
0.2,8476,91,235992,27.839094019110533
0.2,8477,62,236054,27.843123378155227
0.2,8478,62,236116,27.847151786767306
0.2,8479,86,236202,27.854009433962265
0.2,8480,64,236266,27.858271430255865
0.2,8481,-110,236156,27.842018391888704
0.2,8482,19,236175,27.84097606978663
0.2,8483,47,236222,27.843234323432345
0.2,8484,85,236307,27.849970536240424
0.2,8485,84,236391,27.856587320292245
0.2,8486,-12,236379,27.85189112760693
0.2,8487,26,236405,27.851672950047124
0.2,8488,93,236498,27.859347390740957
0.2,8489,91,236589,27.86678445229682
0.2,8490,76,236665,27.872453185726062
0.2,8491,-44,236621,27.8639896373057
0.2,8492,46,236667,27.86612504415401
0.2,8493,77,236744,27.871909583235226
0.2,8494,87,236831,27.8788699234844
0.2,8495,-57,236774,27.86887947269303
0.2,8496,91,236865,27.87630928563022
0.2,8497,87,236952,27.8832666509767
0.2,8498,79,237031,27.889281091893164
0.2,8499,75,237106,27.894823529411763
0.2,8500,25,237131,27.894483001999763
0.2,8501,67,237198,27.89908256880734
0.2,8502,77,237275,27.904857109255556
0.2,8503,45,237320,27.9068673565381
0.2,8504,92,237412,27.91440329218107
0.2,8505,22,237434,27.91370797084411
0.2,8506,-221,237213,27.884448101563418
0.2,8507,74,237287,27.88986835919135
0.2,8508,19,237306,27.888823598542718
0.2,8509,38,237344,27.890011750881317
0.2,8510,74,237418,27.89542944424862
0.2,8511,91,237509,27.902843045112782
0.2,8512,47,237556,27.905086338541054
0.2,8513,18,237574,27.903922950434577
0.2,8514,79,237653,27.909923664122136
0.2,8515,46,237699,27.912047909816817
0.2,8516,88,237787,27.91910297052953
0.2,8517,32,237819,27.91958206151679
0.2,8518,26,237845,27.9193567320108
0.2,8519,57,237902,27.922769953051642
0.2,8520,45,237947,27.92477408754841
0.2,8521,20,237967,27.92384416803567
0.2,8522,84,238051,27.93042355977942
0.2,8523,91,238142,27.937822618488973
0.2,8524,35,238177,27.93865102639296
0.2,8525,65,238242,27.942997888810698
0.2,8526,90,238332,27.95027559516829
0.2,8527,92,238424,27.9577861163227
0.2,8528,90,238514,27.96506038222535
0.2,8529,81,238595,27.971277842907387
0.2,8530,42,238637,27.972922283436876
0.2,8531,67,238704,27.977496483825597
0.2,8532,74,238778,27.98288995663893
0.2,8533,-93,238685,27.96871338176705
0.2,8534,91,238776,27.97609841827768
0.2,8535,-40,238736,27.96813495782568
0.2,8536,6,238742,27.965561672718753
0.2,8537,-55,238687,27.955844460060906
0.2,8538,91,238778,27.963227544208923
0.2,8539,68,238846,27.967915690866512
0.2,8540,62,238908,27.97190024587285
0.2,8541,64,238972,27.97611800515102
0.2,8542,71,239043,27.98115416130165
0.2,8543,78,239121,27.98700842696629
0.2,8544,76,239197,27.99262726740784
0.2,8545,-28,239169,27.986075356892112
0.2,8546,76,239245,27.991692991692993
0.2,8547,23,239268,27.991109031352362
0.2,8548,81,239349,27.997309626856943
0.2,8549,-78,239271,27.984912280701753
0.2,8550,17,239288,27.98362764588937
0.2,8551,76,239364,27.989242282507014
0.2,8552,36,239400,27.990178884601892
0.2,8553,0,239400,27.986906710310965
0.2,8554,-179,239221,27.96271186440678
0.2,8555,-2,239219,27.959209911173446
0.2,8556,-195,239024,27.93315414280706
0.2,8557,94,239118,27.94087403598972
0.2,8558,68,239186,27.945554387194765
0.2,8559,59,239245,27.949182242990656
0.2,8560,56,239301,27.952458824903633
0.2,8561,15,239316,27.95094604064471
0.2,8562,-13,239303,27.94616372766554
0.2,8563,62,239365,27.95014012143858
0.2,8564,86,239451,27.9569176882662
0.2,8565,79,239530,27.96287648844268
0.2,8566,88,239618,27.96988444029415
0.2,8567,70,239688,27.974789915966387
0.2,8568,3,239691,27.97187536468666
0.2,8569,88,239779,27.978879813302218
0.2,8570,42,239821,27.980515692451288
0.2,8571,-301,239520,27.94213719085394
0.2,8572,80,239600,27.94820949492593
0.2,8573,51,239651,27.95089806391416
0.2,8574,55,239706,27.95405247813411
0.2,8575,-21,239685,27.94834421641791
0.2,8576,90,239775,27.955578873732073
0.2,8577,46,239821,27.957682443460016
0.2,8578,93,239914,27.965264016785174
0.2,8579,62,239976,27.96923076923077
0.2,8580,-70,239906,27.957813774618344
0.2,8581,-103,239803,27.942554183174085
0.2,8582,92,239895,27.950017476406853
0.2,8583,47,239942,27.952236719478098
0.2,8584,24,239966,27.951776354106
0.2,8585,18,239984,27.950617283950617
0.2,8586,-157,239827,27.929078840107138
0.2,8587,56,239883,27.932347461574288
0.2,8588,93,239976,27.93992315752707
0.2,8589,-133,239843,27.921187427240977
0.2,8590,-31,239812,27.91432894890001
0.2,8591,74,239886,27.919692737430168
0.2,8592,48,239934,27.922029558943326
0.2,8593,69,240003,27.926809401908308
0.2,8594,-38,239965,27.91913903432228
0.2,8595,-25,239940,27.912982782689625
0.2,8596,-41,239899,27.90496684890078
0.2,8597,-37,239862,27.89741800418702
0.2,8598,90,239952,27.90464007442726
0.2,8599,88,240040,27.911627906976744
0.2,8600,81,240121,27.91780025578421
0.2,8601,87,240208,27.92466868170193
0.2,8602,89,240297,27.931767987911194
0.2,8603,41,240338,27.933286843328684
0.2,8604,-67,240271,27.922254503195816
0.2,8605,61,240332,27.926098071113177
0.2,8606,35,240367,27.92691994887882
0.2,8607,89,240456,27.934014869888475
0.2,8608,81,240537,27.94017888256476
0.2,8609,67,240604,27.944715447154472
0.2,8610,-93,240511,27.930670073162233
0.2,8611,-19,240492,27.925220622387368
0.2,8612,-118,240374,27.908278184140254
0.2,8613,74,240448,27.91362897608544
0.2,8614,84,240532,27.920139291932674
0.2,8615,94,240626,27.927808727948005
0.2,8616,43,240669,27.929557850760126
0.2,8617,83,240752,27.935948015780923
0.2,8618,-30,240722,27.92922612832115
0.2,8619,21,240743,27.9284222737819
0.2,8620,-115,240628,27.91184317364575
0.2,8621,10,240638,27.909765715611226
0.2,8622,89,240727,27.916850284123853
0.2,8623,92,240819,27.92428107606679
0.2,8624,-24,240795,27.918260869565216
0.2,8625,66,240861,27.922675631810804
0.2,8626,82,240943,27.928944012982498
0.2,8627,-48,240895,27.92014371812703
0.2,8628,66,240961,27.92455672731487
0.2,8629,-16,240945,27.919466975666282
0.2,8630,80,241025,27.925501100683583
0.2,8631,1,241026,27.922381835032436
0.2,8632,37,241063,27.923433337194485
0.2,8633,8,241071,27.921125781792913
0.2,8634,93,241164,27.928662420382164
0.2,8635,60,241224,27.93237610004632
0.2,8636,91,241315,27.93967812897997
0.2,8637,5,241320,27.937022458902522
0.2,8638,91,241411,27.944322259520778
0.2,8639,-47,241364,27.935648148148147
0.2,8640,75,241439,27.94109478069668
0.2,8641,81,241520,27.94723443647304
0.2,8642,33,241553,27.947819044313317
0.2,8643,0,241553,27.94458583988894
0.2,8644,-135,241418,27.925737420474263
0.2,8645,76,241494,27.931297709923665
0.2,8646,19,241513,27.93026483173355
0.2,8647,13,241526,27.928538390379277
0.2,8648,-10,241516,27.924153081281073
0.2,8649,26,241542,27.92393063583815
0.2,8650,78,241620,27.929719107617615
0.2,8651,78,241698,27.935506241331485
0.2,8652,-59,241639,27.925459378250316
0.2,8653,11,241650,27.92350358215854
0.2,8654,78,241728,27.929289428076256
0.2,8655,84,241812,27.93576709796673
0.2,8656,4,241816,27.93300219475569
0.2,8657,25,241841,27.932663432663432
0.2,8658,-129,241712,27.914539785194595
0.2,8659,93,241805,27.92205542725173
0.2,8660,86,241891,27.928761113035446
0.2,8661,19,241910,27.927730316324176
0.2,8662,13,241923,27.92600715687406
0.2,8663,27,241950,27.92590027700831
0.2,8664,92,242042,27.933294864397
0.2,8665,48,242090,27.93561043157166
0.2,8666,94,242184,27.943232952578747
0.2,8667,81,242265,27.94935394554684
0.2,8668,-54,242211,27.939900795939554
0.2,8669,74,242285,27.945213379469436
0.2,8670,73,242358,27.950409410679274
0.2,8671,56,242414,27.953643911439116
0.2,8672,92,242506,27.961028479188286
0.2,8673,85,242591,27.967604334793638
0.2,8674,67,242658,27.972103746397696
0.2,8675,58,242716,27.975564776394652
0.2,8676,64,242780,27.97971649187507
0.2,8677,55,242835,27.982830145194747
0.2,8678,77,242912,27.988477935245996
0.2,8679,71,242983,27.993433179723503
0.2,8680,43,243026,27.995161847713398
0.2,8681,33,243059,27.99573830914536
0.2,8682,3,243062,27.992859610733618
0.2,8683,78,243140,27.998618148318748
0.2,8684,-32,243108,27.991709844559587
0.2,8685,94,243202,27.999309233248905
0.2,8686,48,243250,28.001611603545527
0.2,8687,-46,243204,27.993093922651934
0.2,8688,94,243298,28.000690528254115
0.2,8689,10,243308,27.99861910241657
0.2,8690,52,243360,28.0013807386952
0.2,8691,72,243432,28.006442705936493
0.2,8692,83,243515,28.012768894512828
0.2,8693,91,243606,28.020013802622497
0.2,8694,-11,243595,28.015526164462333
0.2,8695,-19,243576,28.010119595216192
0.2,8696,94,243670,28.017707255375417
0.2,8697,73,243743,28.022878822717868
0.2,8698,55,243798,28.025979997700887
0.2,8699,-142,243656,28.006436781609196
0.2,8700,75,243731,28.011837719802323
0.2,8701,48,243779,28.01413468168237
0.2,8702,90,243869,28.021257037803057
0.2,8703,54,243923,28.024241727941178
0.2,8704,88,244011,28.03113153360138
0.2,8705,70,244081,28.035952216861933
0.2,8706,55,244136,28.039049041001494
0.2,8707,92,244228,28.046394120349103
0.2,8708,66,244294,28.050752095533355
0.2,8709,-65,244229,28.040068886337544
0.2,8710,-74,244155,28.02835495350706
0.2,8711,81,244236,28.03443526170799
0.2,8712,21,244257,28.03362791231493
0.2,8713,77,244334,28.03924718843241
0.2,8714,83,244417,28.045553643144004
0.2,8715,92,244509,28.052891234511243
0.2,8716,83,244592,28.059194677067797
0.2,8717,17,244609,28.057926129846294
0.2,8718,20,244629,28.05700194976488
0.2,8719,91,244720,28.06422018348624
0.2,8720,87,244807,28.070978098841877
0.2,8721,11,244818,28.069020866773677
0.2,8722,-104,244714,28.053880545683825
0.2,8723,-45,244669,28.045506648326455
0.2,8724,-53,244616,28.03621776504298
0.2,8725,9,244625,28.034036213614485
0.2,8726,57,244682,28.037355334020855
0.2,8727,46,244728,28.03941338221815
0.2,8728,-29,244699,28.032878909382518
0.2,8729,-76,244623,28.020962199312716
0.2,8730,-178,244445,27.99736570839537
0.2,8731,3,244448,27.994502977553825
0.2,8732,69,244517,27.99919844268865
0.2,8733,-112,244405,27.98316922372338
0.2,8734,91,244496,27.990383514596452
0.2,8735,0,244496,27.987179487179485
0.2,8736,82,244578,27.993361565754835
0.2,8737,9,244587,27.991187914854656
0.2,8738,-109,244478,27.975512072319486
0.2,8739,90,244568,27.982608695652175
0.2,8740,20,244588,27.981695458185563
0.2,8741,-15,244573,27.976778769160376
0.2,8742,75,244648,27.982157154294864
0.2,8743,46,244694,27.984217749313814
0.2,8744,55,244749,27.987307032590053
0.2,8745,67,244816,27.991767665218386
0.2,8746,89,244905,27.99874242597462
0.2,8747,21,244926,27.997942386831276
0.2,8748,-78,244848,27.985826951651617
0.2,8749,93,244941,27.993257142857143
0.2,8750,-37,244904,27.985830190835333
0.2,8751,-3,244901,27.982289762340038
0.2,8752,-17,244884,27.977150691191593
0.2,8753,-71,244813,27.96584418551519
0.2,8754,46,244859,27.967904054825812
0.2,8755,88,244947,27.974760164458658
0.2,8756,81,245028,27.980815347721823
0.2,8757,-15,245013,27.97590774149349
0.2,8758,81,245094,27.98196141111999
0.2,8759,47,245141,27.984132420091324
0.2,8760,26,245167,27.983905946809724
0.2,8761,80,245247,27.989842501711937
0.2,8762,-104,245143,27.974780326372247
0.2,8763,-33,245110,27.967822911912368
0.2,8764,93,245203,27.975242441528806
0.2,8765,93,245296,27.982660278348163
0.2,8766,-133,245163,27.964297935439717
0.2,8767,-148,245015,27.94422901459854
0.2,8768,-75,244940,27.932489451476794
0.2,8769,17,244957,27.931242873432154
0.2,8770,-121,244836,27.914262911868658
0.2,8771,-45,244791,27.90595075239398
0.2,8772,83,244874,27.91223070785364
0.2,8773,91,244965,27.919421016640072
0.2,8774,78,245043,27.925128205128207
0.2,8775,-55,244988,27.915679124886054
0.2,8776,64,245052,27.919790361171245
0.2,8777,-59,244993,27.90988835725678
0.2,8778,-120,244873,27.89304020959107
0.2,8779,90,244963,27.9001138952164
0.2,8780,-93,244870,27.88634551873363
0.2,8781,61,244931,27.89011614666363
0.2,8782,-38,244893,27.882614140954114
0.2,8783,-54,244839,27.873292349726775
0.2,8784,73,244912,27.878429140580536
0.2,8785,86,244998,27.885044388800363
0.2,8786,88,245086,27.891885740298168
0.2,8787,-98,244988,27.877560309512972
0.2,8788,79,245067,27.8833769484583
0.2,8789,-44,245023,27.875199089874858
0.2,8790,-8,245015,27.87111818905699
0.2,8791,59,245074,27.874658780709737
0.2,8792,89,245163,27.88161037188673
0.2,8793,45,245208,27.883556970661814
0.2,8794,94,245302,27.89107447413303
0.2,8795,89,245391,27.898021828103683
0.2,8796,77,245468,27.90360350119359
0.2,8797,89,245557,27.910547851784496
0.2,8798,59,245616,27.914081145584724
0.2,8799,61,245677,27.91784090909091
0.2,8800,36,245713,27.918759231905465
0.2,8801,93,245806,27.92615314701204
0.2,8802,-84,245722,27.91343860047711
0.2,8803,74,245796,27.918673330304408
0.2,8804,5,245801,27.916070414537195
0.2,8805,75,245876,27.921417215534863
0.2,8806,-3,245873,27.917906210968546
0.2,8807,86,245959,27.924500454132605
0.2,8808,-117,245842,27.90804858667272
0.2,8809,59,245901,27.911577752553917
0.2,8810,83,245984,27.917829985245717
0.2,8811,3,245987,27.91500226963232
0.2,8812,61,246048,27.91875638261659
0.2,8813,15,246063,27.91729067392784
0.2,8814,93,246156,27.924673851389677
0.2,8815,40,246196,27.926043557168786
0.2,8816,77,246273,27.9316093909493
0.2,8817,80,246353,27.93751417555001
0.2,8818,94,246447,27.945005102619344
0.2,8819,86,246533,27.951587301587303
0.2,8820,31,246564,27.95193288742773
0.2,8821,78,246642,27.957605985037407
0.2,8822,83,246725,27.963844497336506
0.2,8823,-15,246710,27.95897552130553
0.2,8824,43,246753,27.960679886685554
0.2,8825,-129,246624,27.942895989123045
0.2,8826,-1,246623,27.93961708394698
0.2,8827,49,246672,27.942002718622565
0.2,8828,-66,246606,27.931362555215767
0.2,8829,94,246700,27.93884484711212
0.2,8830,60,246760,27.942475370852677
0.2,8831,71,246831,27.94735054347826
0.2,8832,89,246920,27.954262424997168
0.2,8833,70,246990,27.959021960606748
0.2,8834,87,247077,27.965704584040747
0.2,8835,89,247166,27.972612041647803
0.2,8836,29,247195,27.97272830145977
0.2,8837,2,247197,27.96978954514596
0.2,8838,54,247251,27.972734472225365
0.2,8839,89,247340,27.979638009049772
0.2,8840,77,247417,27.98518267164348
0.2,8841,87,247504,27.991857045917214
0.2,8842,92,247596,27.999095329639264
0.2,8843,74,247670,28.00429669832655
0.2,8844,77,247747,28.009836065573772
0.2,8845,-42,247705,28.001921772552567
0.2,8846,39,247744,28.00316491466034
0.2,8847,-159,247585,27.982029837251357
0.2,8848,86,247671,27.9885862809357
0.2,8849,93,247764,27.99593220338983
0.2,8850,86,247850,28.00248559484804
0.2,8851,94,247944,28.009941256213285
0.2,8852,92,248036,28.01716932113408
0.2,8853,54,248090,28.020103907838266
0.2,8854,93,248183,28.027442123094296
0.2,8855,-53,248130,28.01829268292683
0.2,8856,72,248202,28.023258439652253
0.2,8857,81,248283,28.029239105892977
0.2,8858,-11,248272,28.02483350265267
0.2,8859,86,248358,28.0313769751693
0.2,8860,-31,248327,28.024715043448822
0.2,8861,91,248418,28.03182125930941
0.2,8862,82,248500,28.03791041408101
0.2,8863,86,248586,28.044449458483754
0.2,8864,36,248622,28.04534686971235
0.2,8865,82,248704,28.05143243852921
0.2,8866,88,248792,28.058193301003723
0.2,8867,89,248881,28.065065403698693
0.2,8868,86,248967,28.071597699853424
0.2,8869,90,249057,28.07857948139797
0.2,8870,39,249096,28.07981061887048
0.2,8871,56,249152,28.082957619477007
0.2,8872,88,249240,28.08971035726361
0.2,8873,-134,249106,28.07144466982195
0.2,8874,68,249174,28.07594366197183
0.2,8875,91,249265,28.083032897701667
0.2,8876,-19,249246,28.077728962487328
0.2,8877,87,249333,28.084365848164
0.2,8878,-9,249324,28.080189210496677
0.2,8879,37,249361,28.081193693693695
0.2,8880,78,249439,28.08681454791127
0.2,8881,36,249475,28.0877054717406
0.2,8882,45,249520,28.08960936620511
0.2,8883,-239,249281,28.05954524988744
0.2,8884,91,249372,28.066629150253235
0.2,8885,44,249416,28.0684222372271
0.2,8886,66,249482,28.07269044671993
0.2,8887,85,249567,28.079095409540955
0.2,8888,90,249657,28.0860614242322
0.2,8889,47,249704,28.088188976377953
0.2,8890,-25,249679,28.08221797323136
0.2,8891,74,249753,28.087381916329285
0.2,8892,92,249845,28.0945687619476
0.2,8893,52,249897,28.097256577467956
0.2,8894,90,249987,28.104215851602024
0.2,8895,88,250075,28.110948741007196
0.2,8896,16,250091,28.109587501404967
0.2,8897,48,250139,28.111822881546416
0.2,8898,-43,250096,28.103831891223734
0.2,8899,-45,250051,28.09561797752809
0.2,8900,8,250059,28.09336029659589
0.2,8901,92,250151,28.100539204673108
0.2,8902,47,250198,28.102662024036842
0.2,8903,93,250291,28.109950584007187
0.2,8904,26,250317,28.109713644020214
0.2,8905,81,250398,28.11565236918931
0.2,8906,78,250476,28.121252947120244
0.2,8907,93,250569,28.12853614728334
0.2,8908,12,250581,28.126725782916154
0.2,8909,-95,250486,28.11290684624018
0.2,8910,64,250550,28.11693412636068
0.2,8911,49,250599,28.11927737881508
0.2,8912,28,250627,28.11926399640974
0.2,8913,77,250704,28.12474758806372
0.2,8914,33,250737,28.125294447560293
0.2,8915,92,250829,28.13245850157021
0.2,8916,64,250893,28.13648087921947
0.2,8917,35,250928,28.137250504597443
0.2,8918,-18,250910,28.13207758717345
0.2,8919,86,250996,28.138565022421524
0.2,8920,71,251067,28.143369577401636
0.2,8921,85,251152,28.149742210266755
0.2,8922,8,251160,28.147484030034743
0.2,8923,25,251185,28.147131331241596
0.2,8924,85,251270,28.153501400560224
0.2,8925,-161,251109,28.132310105310328
0.2,8926,91,251200,28.139352526044583
0.2,8927,86,251286,28.145833333333332
0.2,8928,53,251339,28.148616866390412
0.2,8929,-120,251219,28.13202687569989
0.2,8930,-311,250908,28.09405441719852
0.2,8931,-37,250871,28.086766681594266
0.2,8932,93,250964,28.09403335945371
0.2,8933,80,251044,28.09984329527647
0.2,8934,86,251130,28.106323447118076
0.2,8935,-149,250981,28.086504028648164
0.2,8936,91,251072,28.093543694752153
0.2,8937,-42,251030,28.085701499216828
0.2,8938,93,251123,28.092963418726928
0.2,8939,94,251217,28.1003355704698
0.2,8940,82,251299,28.10636394139358
0.2,8941,75,251374,28.1116081413554
0.2,8942,-244,251130,28.081180811808117
0.2,8943,85,251215,28.08754472271914
0.2,8944,-86,251129,28.07479038569033
0.2,8945,71,251200,28.079588642968925
0.2,8946,80,251280,28.08539175142506
0.2,8947,-26,251254,28.079347340187752
0.2,8948,93,251347,28.086601854955862
0.2,8949,82,251429,28.09262569832402
0.2,8950,75,251504,28.097866160205562
0.2,8951,76,251580,28.103217158176943
0.2,8952,71,251651,28.10800848877471
0.2,8953,90,251741,28.114920705829796
0.2,8954,79,251820,28.12060301507538
0.2,8955,62,251882,28.1243858865565
0.2,8956,77,251959,28.129842581221393
0.2,8957,69,252028,28.13440500111632
0.2,8958,83,252111,28.140529076905906
0.2,8959,14,252125,28.138950892857142
0.2,8960,33,252158,28.13949336011606
0.2,8961,54,252212,28.14237893327382
0.2,8962,58,252270,28.14571014169363
0.2,8963,25,252295,28.145359214636322
0.2,8964,83,252378,28.151477969882876
0.2,8965,-141,252237,28.132612090118226
0.2,8966,86,252323,28.139065462250475
0.2,8967,16,252339,28.13771186440678
0.2,8968,-274,252065,28.104024974913592
0.2,8969,-92,251973,28.090635451505015
0.2,8970,-37,251936,28.08337977928882
0.2,8971,4,251940,28.080695497102095
0.2,8972,82,252022,28.0867045581188
0.2,8973,75,252097,28.09193224871852
0.2,8974,22,252119,28.09125348189415
0.2,8975,-24,252095,28.08545008912656
0.2,8976,-273,251822,28.051910437785452
0.2,8977,79,251901,28.057585208286923
0.2,8978,-268,251633,28.024612985855885
0.2,8979,75,251708,28.029844097995547
0.2,8980,80,251788,28.03563077608284
0.2,8981,90,251878,28.042529503451348
0.2,8982,81,251959,28.048424802404543
0.2,8983,15,251974,28.046972395369547
0.2,8984,90,252064,28.05386755703951
0.2,8985,84,252148,28.060093478744715
0.2,8986,68,252216,28.06453766551686
0.2,8987,65,252281,28.068647085002226
0.2,8988,55,252336,28.071643119368115
0.2,8989,82,252418,28.077641824249167
0.2,8990,8,252426,28.07540874207541
0.2,8991,80,252506,28.081183274021353
0.2,8992,89,252595,28.087957300122316
0.2,8993,60,252655,28.091505448076497
0.2,8994,60,252715,28.095052807115064
0.2,8995,54,252769,28.097932414406404
0.2,8996,77,252846,28.10336778926309
0.2,8997,-48,252798,28.094909979995556
0.2,8998,71,252869,28.09967774197133
0.2,8999,29,252898,28.099777777777778
0.2,9000,-76,252822,28.08821242084213
0.2,9001,46,252868,28.090202177293936
0.2,9002,-72,252796,28.079084749527937
0.2,9003,13,252809,28.07741003998223
0.2,9004,45,252854,28.07928928373126
0.2,9005,8,252862,28.077059737952474
0.2,9006,-52,252810,28.068169201731987
0.2,9007,85,252895,28.074489342806395
0.2,9008,83,252978,28.08058608058608
0.2,9009,90,253068,28.087458379578248
0.2,9010,87,253155,28.09399622683387
0.2,9011,68,253223,28.09842432312472
0.2,9012,-123,253100,28.08165982469766
0.2,9013,37,253137,28.082649212336367
0.2,9014,88,253225,28.089295618413754
0.2,9015,89,253314,28.096051464063887
0.2,9016,-77,253237,28.084396140623266
0.2,9017,33,253270,28.084941228653804
0.2,9018,-5,253265,28.081272868388957
0.2,9019,68,253333,28.08569844789357
0.2,9020,81,253414,28.09156412814544
0.2,9021,-89,253325,28.07858567945023
0.2,9022,-178,253147,28.05574642580073
0.2,9023,83,253230,28.06183510638298
0.2,9024,67,253297,28.066149584487533
0.2,9025,54,253351,28.069022822955905
0.2,9026,90,253441,28.075883460728924
0.2,9027,53,253494,28.07864421798848
0.2,9028,71,253565,28.083397939971203
0.2,9029,-47,253518,28.075083056478405
0.2,9030,-21,253497,28.069648986823164
0.2,9031,14,253511,28.068091231178034
0.2,9032,23,253534,28.06753016716484
0.2,9033,91,253625,28.074496347133053
0.2,9034,30,253655,28.074709463198673
0.2,9035,83,253738,28.080787959274016
0.2,9036,-341,253397,28.03994688502822
0.2,9037,-83,253314,28.027660986944014
0.2,9038,94,253408,28.034959619426928
0.2,9039,-60,253348,28.02522123893805
0.2,9040,-50,253298,28.016591085056962
0.2,9041,89,253387,28.023335545233355
0.2,9042,37,253424,28.024328209664933
0.2,9043,91,253515,28.031291463954002
0.2,9044,-111,253404,28.01592039800995
0.2,9045,89,253493,28.022661950033164
0.2,9046,88,253581,28.02929147783796
0.2,9047,81,253662,28.035145888594165
0.2,9048,65,253727,28.03923085423804
0.2,9049,57,253784,28.04243093922652
0.2,9050,92,253876,28.049497293116783
0.2,9051,89,253965,28.056230667255853
0.2,9052,-27,253938,28.050149121838064
0.2,9053,-217,253721,28.023083719902804
0.2,9054,89,253810,28.029817780231916
0.2,9055,70,253880,28.034452296819786
0.2,9056,92,253972,28.041514850391962
0.2,9057,88,254060,28.048134245970413
0.2,9058,75,254135,28.053317143172535
0.2,9059,41,254176,28.054746136865344
0.2,9060,28,254204,28.054740094912262
0.2,9061,94,254298,28.062017214742884
0.2,9062,75,254373,28.067196292618338
0.2,9063,93,254466,28.074360105913502
0.2,9064,89,254555,28.08108108108108
0.2,9065,85,254640,28.087359364659164
0.2,9066,80,254720,28.093084813058343
0.2,9067,60,254780,28.09660344067049
0.2,9068,82,254862,28.102547138604034
0.2,9069,62,254924,28.10628445424476
0.2,9070,84,255008,28.112446257303496
0.2,9071,81,255089,28.118276014109348
0.2,9072,90,255179,28.125096439986773
0.2,9073,23,255202,28.124531628829622
0.2,9074,76,255278,28.129807162534437
0.2,9075,90,255368,28.13662406346408
0.2,9076,-83,255285,28.124380301861848
0.2,9077,79,255364,28.129984578100903
0.2,9078,32,255396,28.13041083819804
0.2,9079,89,255485,28.137114537444933
0.2,9080,-26,255459,28.13115295672283
0.2,9081,15,255474,28.12970711297071
0.2,9082,-6,255468,28.125949576131234
0.2,9083,67,255535,28.130228974020255
0.2,9084,-4,255531,28.12669235002752
0.2,9085,53,255584,28.129429892141758
0.2,9086,89,255673,28.136128535270167
0.2,9087,65,255738,28.140184859154928
0.2,9088,-117,255621,28.12421608537793
0.2,9089,45,255666,28.126072607260728
0.2,9090,-110,255556,28.110878891211087
0.2,9091,90,255646,28.117685877694676
0.2,9092,-24,255622,28.11195425052238
0.2,9093,45,255667,28.113811304156588
0.2,9094,85,255752,28.12006597031336
0.2,9095,94,255846,28.127308707124012
0.2,9096,3,255849,28.124546553808948
0.2,9097,87,255936,28.131017806111235
0.2,9098,14,255950,28.12946477634905
0.2,9099,75,256025,28.134615384615383
0.2,9100,64,256089,28.138556202615096
0.2,9101,-155,255934,28.11843550867941
0.2,9102,73,256007,28.12336592332198
0.2,9103,91,256098,28.130272407732864
0.2,9104,-8,256090,28.12630422844591
0.2,9105,87,256177,28.132769602459916
0.2,9106,87,256264,28.13923355660481
0.2,9107,-33,256231,28.13252086078173
0.2,9108,92,256323,28.139532330661982
0.2,9109,-7,256316,28.13567508232711
0.2,9110,5,256321,28.133135769948414
0.2,9111,-255,256066,28.10206321334504
0.2,9112,55,256121,28.105014814001976
0.2,9113,93,256214,28.112135176651307
0.2,9114,48,256262,28.114317059791553
0.2,9115,92,256354,28.121325142606405
0.2,9116,21,256375,28.120544038609193
0.2,9117,74,256449,28.125575784163193
0.2,9118,60,256509,28.12907117008444
0.2,9119,89,256598,28.135745614035088
0.2,9120,75,256673,28.14088367503563
0.2,9121,-55,256618,28.13176934882701
0.2,9122,-199,256419,28.106872739230518
0.2,9123,92,256511,28.113875493204734
0.2,9124,59,256570,28.1172602739726
0.2,9125,85,256655,28.123493315801007
0.2,9126,37,256692,28.124465870494138
0.2,9127,-46,256646,28.116345311130587
0.2,9128,90,256736,28.123124109979187
0.2,9129,24,256760,28.122672508214677
0.2,9130,10,256770,28.12068776694776
0.2,9131,9,256779,28.118593955321945
0.2,9132,66,256845,28.122741705901674
0.2,9133,-406,256439,28.075213488066563
0.2,9134,-95,256344,28.061740558292282
0.2,9135,-62,256282,28.051882661996498
0.2,9136,5,256287,28.049359746087337
0.2,9137,60,256347,28.05285620485883
0.2,9138,38,256385,28.053944632892
0.2,9139,17,256402,28.0527352297593
0.2,9140,-5,256397,28.04911935236845
0.2,9141,84,256481,28.05523955370816
0.2,9142,41,256522,28.056655364759926
0.2,9143,-32,256490,28.050087489063866
0.2,9144,81,256571,28.05587752870421
0.2,9145,65,256636,28.0599169035644
0.2,9146,-47,256589,28.051710943478735
0.2,9147,93,256682,28.05881066899869
0.2,9148,61,256743,28.062411192480052
0.2,9149,-162,256581,28.041639344262293
0.2,9150,94,256675,28.048847120533274
0.2,9151,39,256714,28.050043706293707
0.2,9152,93,256807,28.057139735605812
0.2,9153,91,256898,28.064015730828054
0.2,9154,91,256989,28.070890223921353
0.2,9155,-38,256951,28.063674093490608
0.2,9156,23,256974,28.06312110953369
0.2,9157,-131,256843,28.045752347674163
0.2,9158,62,256905,28.049459547985588
0.2,9159,94,256999,28.05665938864629
0.2,9160,92,257091,28.06363934068333
0.2,9161,82,257173,28.06952630430037
0.2,9162,-61,257112,28.05980574047801
0.2,9163,92,257204,28.06678306416412
0.2,9164,85,257289,28.072995090016367
0.2,9165,55,257344,28.075932795112372
0.2,9166,0,257344,28.07287007745173
0.2,9167,93,257437,28.079952006980804
0.2,9168,-34,257403,28.073181372014396
0.2,9169,83,257486,28.07917121046892
0.2,9170,7,257493,28.076872751063135
0.2,9171,-93,257400,28.06367204535543
0.2,9172,69,257469,28.06813474326829
0.2,9173,-6,257463,28.06442119032047
0.2,9174,48,257511,28.06659400544959
0.2,9175,91,257602,28.07345248474281
0.2,9176,78,257680,28.078892884384874
0.2,9177,28,257708,28.078884288516015
0.2,9178,92,257800,28.08584813160475
0.2,9179,19,257819,28.084858387799564
0.2,9180,32,257851,28.085284827360855
0.2,9181,-62,257789,28.07547375299499
0.2,9182,85,257874,28.081672655994772
0.2,9183,-38,257836,28.074477351916375
0.2,9184,39,257875,28.075666848121937
0.2,9185,67,257942,28.079904202046592
0.2,9186,61,258003,28.083487536736694
0.2,9187,0,258003,28.080430996952547
0.2,9188,-235,257768,28.051801066492544
0.2,9189,79,257847,28.05734494015234
0.2,9190,81,257928,28.063105211620062
0.2,9191,-41,257887,28.05559181897302
0.2,9192,84,257971,28.06167736321114
0.2,9193,93,258064,28.068740482923644
0.2,9194,62,258126,28.07243066884176
0.2,9195,94,258220,28.07959982601131
0.2,9196,22,258242,28.078938784386214
0.2,9197,90,258332,28.085670797999565
0.2,9198,-88,258244,28.07305141863246
0.2,9199,58,258302,28.07630434782609
0.2,9200,74,258376,28.08129551135746
0.2,9201,59,258435,28.084655509671812
0.2,9202,-113,258322,28.069325220036944
0.2,9203,84,258406,28.07540199913081
0.2,9204,47,258453,28.077457903313416
0.2,9205,-45,258408,28.069519878340213
0.2,9206,8,258416,28.067340067340066
0.2,9207,78,258494,28.072762814943527
0.2,9208,25,258519,28.072429145401237
0.2,9209,28,258547,28.07242128121607
0.2,9210,92,258639,28.079361632830313
0.2,9211,87,258726,28.085757707338253
0.2,9212,12,258738,28.08401172256594
0.2,9213,78,258816,28.089429129585415
0.2,9214,12,258828,28.087683125339122
0.2,9215,-7,258821,28.083875868055557
0.2,9216,92,258913,28.090810458934577
0.2,9217,47,258960,28.0928617921458
0.2,9218,76,259036,28.09805835773945
0.2,9219,92,259128,28.104989154013015
0.2,9220,85,259213,28.111159310270036
0.2,9221,-85,259128,28.09889394925179
0.2,9222,93,259221,28.105930825111134
0.2,9223,85,259306,28.112098872506504
0.2,9224,9,259315,28.110027100271004
0.2,9225,53,259368,28.112724907869065
0.2,9226,92,259460,28.11964885661645
0.2,9227,75,259535,28.124729085392286
0.2,9228,30,259565,28.12493227868675
0.2,9229,95,259660,28.132177681473458
0.2,9230,56,259716,28.135196620084496
0.2,9231,87,259803,28.141572790294628
0.2,9232,-26,259777,28.135708870356332
0.2,9233,13,259790,28.134069742256877
0.2,9234,71,259861,28.138711423930697
0.2,9235,32,259893,28.139129493287136
0.2,9236,86,259979,28.145393526036592
0.2,9237,88,260067,28.151872699718552
0.2,9238,10,260077,28.14990799870116
0.2,9239,31,260108,28.15021645021645
0.2,9240,89,260197,28.156801211990043
0.2,9241,-8,260189,28.152888985068167
0.2,9242,69,260258,28.1573082332576
0.2,9243,-56,260202,28.14820424058849
0.2,9244,82,260284,28.15402920497566
0.2,9245,-35,260249,28.147198788665367
0.2,9246,68,260317,28.151508597382936
0.2,9247,-256,260061,28.120782871972317
0.2,9248,5,260066,28.118283057627853
0.2,9249,-51,260015,28.10972972972973
0.2,9250,12,260027,28.107988325586422
0.2,9251,48,260075,28.110138348465195
0.2,9252,-3,260072,28.10677618069815
0.2,9253,77,260149,28.112059649881132
0.2,9254,59,260208,28.115397082658024
0.2,9255,-87,260121,28.102960242005185
0.2,9256,92,260213,28.10986280652479
0.2,9257,-47,260166,28.101749837977966
0.2,9258,83,260249,28.10767901501242
0.2,9259,-125,260124,28.091144708423325
0.2,9260,38,260162,28.092214663643237
0.2,9261,9,260171,28.090153314618874
0.2,9262,82,260253,28.095973226816366
0.2,9263,-62,260191,28.086247841105354
0.2,9264,-48,260143,28.078035617916893
0.2,9265,91,260234,28.084826246492554
0.2,9266,94,260328,28.091939138879898
0.2,9267,-41,260287,28.084484246870954
0.2,9268,-53,260234,28.075736325385694
0.2,9269,54,260288,28.078532901833874
0.2,9270,39,260327,28.07971092654514
0.2,9271,94,260421,28.086820534943918
0.2,9272,74,260495,28.09177181063302
0.2,9273,-28,260467,28.085723528143195
0.2,9274,83,260550,28.09164420485175
0.2,9275,-14,260536,28.08710651142734
0.2,9276,88,260624,28.093564729977363
0.2,9277,32,260656,28.09398577279586
0.2,9278,40,260696,28.095268886733486
0.2,9279,45,260741,28.09709051724138
0.2,9280,69,260810,28.101497683439284
0.2,9281,29,260839,28.101594483947427
0.2,9282,18,260857,28.100506301842078
0.2,9283,63,260920,28.104265402843602
0.2,9284,81,261001,28.109962304792678
0.2,9285,82,261083,28.115765668748654
0.2,9286,87,261170,28.122106169914936
0.2,9287,66,261236,28.12618432385874
0.2,9288,-117,261119,28.11056087845839
0.2,9289,90,261209,28.117222820236815
0.2,9290,81,261290,28.12291464858465
0.2,9291,92,261382,28.129789065863108
0.2,9292,87,261469,28.136123964274184
0.2,9293,-90,261379,28.12341295459436
0.2,9294,3,261382,28.120710059171596
0.2,9295,90,261472,28.12736660929432
0.2,9296,15,261487,28.12595460901366
0.2,9297,-21,261466,28.12067111206711
0.2,9298,-75,261391,28.109581675448972
0.2,9299,-191,261200,28.086021505376344
0.2,9300,4,261204,28.08343188904419
0.2,9301,72,261276,28.088153085357987
0.2,9302,94,261370,28.095238095238095
0.2,9303,83,261453,28.101139294926913
0.2,9304,14,261467,28.099623858140784
0.2,9305,59,261526,28.10294433698689
0.2,9306,92,261618,28.109809820565165
0.2,9307,44,261662,28.111516974645465
0.2,9308,90,261752,28.118165216457193
0.2,9309,58,261810,28.121374865735767
0.2,9310,42,261852,28.1228654279884
0.2,9311,81,261933,28.12854381443299
0.2,9312,29,261962,28.128637388596584
0.2,9313,8,261970,28.12647627227829
0.2,9314,86,262056,28.13268921095008
0.2,9315,90,262146,28.139330184628594
0.2,9316,94,262240,28.146399055489965
0.2,9317,-56,262184,28.137368534020176
0.2,9318,20,262204,28.13649533211718
0.2,9319,53,262257,28.139163090128754
0.2,9320,69,262326,28.1435468297393
0.2,9321,-75,262251,28.132482299935635
0.2,9322,77,262328,28.137723908613108
0.2,9323,82,262410,28.143500643500644
0.2,9324,73,262483,28.148310991957104
0.2,9325,-112,262371,28.133283294016728
0.2,9326,56,262427,28.13627104106358
0.2,9327,86,262513,28.142474271012006
0.2,9328,92,262605,28.149319326830312
0.2,9329,92,262697,28.156162915326902
0.2,9330,93,262790,28.163112206623083
0.2,9331,-22,262768,28.15773681954565
0.2,9332,32,262800,28.15814850530376
0.2,9333,71,262871,28.162738375830298
0.2,9334,14,262885,28.161221210498127
0.2,9335,72,262957,28.165916880891174
0.2,9336,20,262977,28.165042304808825
0.2,9337,88,263065,28.17144998929107
0.2,9338,80,263145,28.176999678766464
0.2,9339,78,263223,28.182334047109208
0.2,9340,93,263316,28.189273097098813
0.2,9341,21,263337,28.18850353243417
0.2,9342,71,263408,28.193085732634056
0.2,9343,91,263499,28.199807363013697
0.2,9344,90,263589,28.20642054574639
0.2,9345,-98,263491,28.192916755831373
0.2,9346,94,263585,28.199957205520487
0.2,9347,51,263636,28.20239623448866
0.2,9348,53,263689,28.20504866830677
0.2,9349,90,263779,28.211657754010695
0.2,9350,89,263868,28.218158485723453
0.2,9351,47,263915,28.220166809238666
0.2,9352,62,263977,28.223778466802095
0.2,9353,-9,263968,28.219799016463543
0.2,9354,88,264056,28.22618920363442
0.2,9355,-12,264044,28.221889696451473
0.2,9356,65,264109,28.225820241530403
0.2,9357,37,264146,28.226757854242358
0.2,9358,89,264235,28.233251415749546
0.2,9359,44,264279,28.234935897435896
0.2,9360,80,264359,28.24046576220489
0.2,9361,75,264434,28.245460371715446
0.2,9362,13,264447,28.243832105094523
0.2,9363,27,264474,28.24369927381461
0.2,9364,-25,264449,28.23801388147357
0.2,9365,-57,264392,28.22891308989964
0.2,9366,89,264481,28.235400875413685
0.2,9367,74,264555,28.240286080273272
0.2,9368,-37,264518,28.23332265983563
0.2,9369,-71,264447,28.22273212379936
0.2,9370,-136,264311,28.205207555223563
0.2,9371,25,264336,28.204865556978234
0.2,9372,-1,264335,28.201749706604076
0.2,9373,89,264424,28.208235545124815
0.2,9374,-42,264382,28.200746666666667
0.2,9375,85,264467,28.206804607508534
0.2,9376,90,264557,28.213394475845153
0.2,9377,-34,264523,28.20676050330561
0.2,9378,-5,264518,28.203219959483953
0.2,9379,-31,264487,28.196908315565032
0.2,9380,93,264580,28.203816224283127
0.2,9381,77,264657,28.209017267107228
0.2,9382,85,264742,28.215069807097944
0.2,9383,45,264787,28.216858482523445
0.2,9384,93,264880,28.223761321257324
0.2,9385,51,264931,28.226187939484337
0.2,9386,-52,264879,28.2176414189837
0.2,9387,37,264916,28.21857690668939
0.2,9388,90,265006,28.22515709873256
0.2,9389,66,265072,28.229179978700746
0.2,9390,90,265162,28.235757640293897
0.2,9391,-100,265062,28.222103918228278
0.2,9392,1,265063,28.219205791546898
0.2,9393,94,265157,28.226208218011497
0.2,9394,54,265211,28.228951569984034
0.2,9395,90,265301,28.235525755640698
0.2,9396,82,265383,28.241247206555283
0.2,9397,23,265406,28.240689508406042
0.2,9398,88,265494,28.247047558250877
0.2,9399,53,265547,28.24968085106383
0.2,9400,85,265632,28.255717476864163
0.2,9401,88,265720,28.26207189959583
0.2,9402,69,265789,28.266404339040733
0.2,9403,-23,265766,28.26095278604849
0.2,9404,19,265785,28.259968102073366
0.2,9405,25,265810,28.259621518179884
0.2,9406,-28,265782,28.253640905708515
0.2,9407,89,265871,28.260097789115648
0.2,9408,54,265925,28.26283345732809
0.2,9409,79,266004,28.268225292242295
0.2,9410,-21,265983,28.262990117947083
0.2,9411,93,266076,28.26986825329367
0.2,9412,36,266112,28.2706894720068
0.2,9413,25,266137,28.270342043764607
0.2,9414,82,266219,28.27604885820499
0.2,9415,93,266312,28.282922684791842
0.2,9416,94,266406,28.289901242433896
0.2,9417,-97,266309,28.276598003822468
0.2,9418,72,266381,28.28124004671409
0.2,9419,87,266468,28.28747346072187
0.2,9420,4,266472,28.284895446343274
0.2,9421,91,266563,28.2915516875398
0.2,9422,-72,266491,28.280908415578903
0.2,9423,-41,266450,28.27355687606112
0.2,9424,-160,266290,28.253580901856765
0.2,9425,74,266364,28.258434118395925
0.2,9426,92,266456,28.265195714437255
0.2,9427,93,266549,28.27206194314807
0.2,9428,90,266639,28.278608548096297
0.2,9429,86,266725,28.284729586426298
0.2,9430,92,266817,28.291485526455308
0.2,9431,74,266891,28.296331636980494
0.2,9432,70,266961,28.30075267677303
0.2,9433,90,267051,28.307292770828916
0.2,9434,33,267084,28.30779014308426
0.2,9435,68,267152,28.311996608732514
0.2,9436,85,267237,28.318003602839884
0.2,9437,73,267310,28.322737868192412
0.2,9438,66,267376,28.326729526432885
0.2,9439,48,267424,28.328813559322032
0.2,9440,71,267495,28.333333333333332
0.2,9441,19,267514,28.332344842194452
0.2,9442,70,267584,28.336757386423805
0.2,9443,-353,267231,28.296378653113088
0.2,9444,84,267315,28.302276336686077
0.2,9445,54,267369,28.30499682405251
0.2,9446,11,267380,28.30316502593416
0.2,9447,94,267474,28.310118543607114
0.2,9448,92,267566,28.31685892687057
0.2,9449,71,267637,28.32137566137566
0.2,9450,32,267669,28.32176489260396
0.2,9451,-3,267666,28.318451121455777
0.2,9452,87,267753,28.32465883846398
0.2,9453,85,267838,28.330653691559128
0.2,9454,93,267931,28.337493389740878
0.2,9455,77,268008,28.34263959390863
0.2,9456,-83,267925,28.330866025166543
0.2,9457,78,268003,28.33611757242546
0.2,9458,-50,267953,28.32783592345914
0.2,9459,63,268016,28.331501057082452
0.2,9460,-56,267960,28.32258746432724
0.2,9461,93,268053,28.329422954977804
0.2,9462,84,268137,28.335305928352533
0.2,9463,-24,268113,28.329775993237533
0.2,9464,92,268205,28.336502905441098
0.2,9465,94,268299,28.343439678850622
0.2,9466,94,268393,28.35037498679624
0.2,9467,78,268471,28.355618926911703
0.2,9468,87,268558,28.36181222938008
0.2,9469,60,268618,28.365153115100316
0.2,9470,-21,268597,28.359940872135994
0.2,9471,75,268672,28.364864864864863
0.2,9472,37,268709,28.365776417185685
0.2,9473,72,268781,28.3703820983745
0.2,9474,58,268839,28.373509234828497
0.2,9475,43,268882,28.375052764879698
0.2,9476,52,268934,28.377545636804896
0.2,9477,-130,268804,28.360835619328974
0.2,9478,94,268898,28.367760312269226
0.2,9479,94,268992,28.374683544303796
0.2,9480,87,269079,28.3808669971522
0.2,9481,78,269157,28.386099978907403
0.2,9482,-423,268734,28.338500474533376
0.2,9483,-55,268679,28.329713201180937
0.2,9484,83,268762,28.335477069056406
0.2,9485,73,268835,28.340185536580222
0.2,9486,74,268909,28.344998418889006
0.2,9487,82,268991,28.350653456998312
0.2,9488,-7,268984,28.346928021920117
0.2,9489,52,269036,28.349420442571127
0.2,9490,89,269125,28.35581076809609
0.2,9491,3,269128,28.35313948588285
0.2,9492,76,269204,28.358158643210785
0.2,9493,-15,269189,28.35359174215294
0.2,9494,81,269270,28.359136387572406
0.2,9495,35,269305,28.359835720303284
0.2,9496,-83,269222,28.348109929451407
0.2,9497,80,269302,28.353548115392716
0.2,9498,83,269385,28.359300979050428
0.2,9499,61,269446,28.362736842105264
0.2,9500,85,269531,28.368698031786128
0.2,9501,77,269608,28.373816038728688
0.2,9502,77,269685,28.37893296853625
0.2,9503,-52,269633,28.370475589225588
0.2,9504,47,269680,28.37243556023146
0.2,9505,92,269772,28.3791289711761
0.2,9506,85,269857,28.385084674450404
0.2,9507,78,269935,28.39030290281868
0.2,9508,24,269959,28.389841203070777
0.2,9509,42,270001,28.391272344900106
0.2,9510,90,270091,28.397749973714646
0.2,9511,35,270126,28.398444070647603
0.2,9512,52,270178,28.400925049931672
0.2,9513,77,270255,28.406033214210638
0.2,9514,46,270301,28.407882291119286
0.2,9515,87,270388,28.41403951240017
0.2,9516,57,270445,28.4170431858779
0.2,9517,81,270526,28.422567766337465
0.2,9518,84,270610,28.42840634520433
0.2,9519,-245,270365,28.399684873949578
0.2,9520,62,270427,28.403213948114693
0.2,9521,84,270511,28.409052720016803
0.2,9522,-75,270436,28.39819384647695
0.2,9523,74,270510,28.402981940361194
0.2,9524,93,270603,28.40976377952756
0.2,9525,-103,270500,28.395968927146757
0.2,9526,-78,270422,28.3848010916343
0.2,9527,25,270447,28.384445843828715
0.2,9528,89,270536,28.39080701017945
0.2,9529,70,270606,28.39517313746065
0.2,9530,5,270611,28.39271849753436
0.2,9531,-4,270607,28.389320184641207
0.2,9532,62,270669,28.392845903702927
0.2,9533,70,270739,28.397209985315712
0.2,9534,58,270797,28.400314630309385
0.2,9535,-207,270590,28.37562919463087
0.2,9536,-223,270367,28.349271259305862
0.2,9537,94,270461,28.356154330048227
0.2,9538,-41,270420,28.348883530768425
0.2,9539,-47,270373,28.34098532494759
0.2,9540,63,270436,28.344617964573946
0.2,9541,91,270527,28.35118423810522
0.2,9542,78,270605,28.35638688043592
0.2,9543,59,270664,28.35959765297569
0.2,9544,65,270729,28.3634363541121
0.2,9545,94,270823,28.370312172637753
0.2,9546,75,270898,28.375196396773855
0.2,9547,72,270970,28.379765395894427
0.2,9548,91,271061,28.386323175201593
0.2,9549,54,271115,28.389005235602095
0.2,9550,46,271161,28.390849125745994
0.2,9551,56,271217,28.393739530988274
0.2,9552,59,271276,28.396943368575318
0.2,9553,92,271368,28.40360058614193
0.2,9554,19,271387,28.40261643118786
0.2,9555,59,271446,28.405818334030975
0.2,9556,11,271457,28.403997070210316
0.2,9557,-47,271410,28.39610797237916
0.2,9558,79,271489,28.40140182027409
0.2,9559,-81,271408,28.389958158995817
0.2,9560,-20,271388,28.38489697730363
0.2,9561,77,271465,28.3899811754863
0.2,9562,-4,271461,28.38659416501098
0.2,9563,82,271543,28.39219991635299
0.2,9564,-60,271483,28.3829587036069
0.2,9565,58,271541,28.3860547773364
0.2,9566,-211,271330,28.36103271663008
0.2,9567,71,271401,28.36548913043478
0.2,9568,-16,271385,28.36085275368377
0.2,9569,0,271385,28.357889237199583
0.2,9570,71,271456,28.362344582593252
0.2,9571,37,271493,28.36324697033013
0.2,9572,63,271556,28.366865141543926
0.2,9573,75,271631,28.37173595153541
0.2,9574,66,271697,28.37566579634465
0.2,9575,85,271782,28.38157894736842
0.2,9576,84,271866,28.387386446695206
0.2,9577,91,271957,28.393923574859052
0.2,9578,-48,271909,28.385948428854785
0.2,9579,79,271988,28.391231732776617
0.2,9580,74,272062,28.39599206763386
0.2,9581,61,272123,28.39939469839282
0.2,9582,16,272139,28.39810080350621
0.2,9583,58,272197,28.401189482470784
0.2,9584,92,272289,28.407824726134585
0.2,9585,61,272350,28.411224702691424
0.2,9586,75,272425,28.416084280796913
0.2,9587,13,272438,28.41447642886942
0.2,9588,-74,272364,28.40379601626864
0.2,9589,26,272390,28.40354535974974
0.2,9590,-215,272175,28.378167031592117
0.2,9591,42,272217,28.379587155963304
0.2,9592,77,272294,28.384655477952673
0.2,9593,71,272365,28.389097352511985
0.2,9594,91,272456,28.395622720166752
0.2,9595,78,272534,28.400791996665276
0.2,9596,81,272615,28.406272793581326
0.2,9597,92,272707,28.412898520525108
0.2,9598,-36,272671,28.406188144598396
0.2,9599,13,272684,28.404583333333335
0.2,9600,-37,272647,28.397771065514007
0.2,9601,90,272737,28.40418662778588
0.2,9602,91,272828,28.410704988024577
0.2,9603,66,272894,28.414618908788004
0.2,9604,1,272895,28.41176470588235
0.2,9605,66,272961,28.415677701436604
0.2,9606,65,273026,28.419485791610285
0.2,9607,92,273118,28.426103247293923
0.2,9608,-11,273107,28.422000208138204
0.2,9609,82,273189,28.427575442247658
0.2,9610,88,273277,28.43377380085319
0.2,9611,59,273336,28.436953807740323
0.2,9612,-147,273189,28.41870383855196
0.2,9613,-99,273090,28.40545038485542
0.2,9614,26,273116,28.40520020800832
0.2,9615,-92,273024,28.392678868552412
0.2,9616,42,273066,28.394093792242902
0.2,9617,10,273076,28.392181326679143
0.2,9618,47,273123,28.394115812454515
0.2,9619,85,273208,28.4
0.2,9620,20,273228,28.39912690988463
0.2,9621,55,273283,28.40189149864893
0.2,9622,92,273375,28.408500467629636
0.2,9623,92,273467,28.415108063175396
0.2,9624,-15,273452,28.410597402597404
0.2,9625,51,273503,28.412944109702888
0.2,9626,-19,273484,28.408019112911603
0.2,9627,48,273532,28.41005400914001
0.2,9628,-1,273531,28.406999688441168
0.2,9629,51,273582,28.40934579439252
0.2,9630,68,273650,28.413456546568373
0.2,9631,64,273714,28.4171511627907
0.2,9632,-61,273653,28.407868784387002
0.2,9633,68,273721,28.41197840979863
0.2,9634,66,273787,28.415879605604566
0.2,9635,-56,273731,28.40711913657119
0.2,9636,-91,273640,28.39472864999481
0.2,9637,12,273652,28.39302759908695
0.2,9638,49,273701,28.395165473596848
0.2,9639,-25,273676,28.389626556016598
0.2,9640,1,273677,28.3867856031532
0.2,9641,-78,273599,28.37575191868907
0.2,9642,18,273617,28.37467593072695
0.2,9643,90,273707,28.381065947739526
0.2,9644,83,273790,28.3867288750648
0.2,9645,-43,273747,28.37932821895086
0.2,9646,93,273840,28.386026744065514
0.2,9647,55,273895,28.388785240464344
0.2,9648,59,273954,28.391957715825473
0.2,9649,68,274022,28.396062176165803
0.2,9650,36,274058,28.396850067350535
0.2,9651,94,274152,28.403646912556983
0.2,9652,86,274238,28.409613591629544
0.2,9653,53,274291,28.41216076237829
0.2,9654,50,274341,28.414396685655102
0.2,9655,-53,274288,28.4059652029826
0.2,9656,63,274351,28.409547478512994
0.2,9657,70,274421,28.413853799958584
0.2,9658,66,274487,28.417745108189255
0.2,9659,93,274580,28.424430641821946
0.2,9660,72,274652,28.428941103405446
0.2,9661,-24,274628,28.423514800248395
0.2,9662,-7,274621,28.41984890820656
0.2,9663,73,274694,28.4244619205298
0.2,9664,49,274743,28.42659079151578
0.2,9665,61,274804,28.42996068694393
0.2,9666,18,274822,28.428881762697838
0.2,9667,46,274868,28.43069921390153
0.2,9668,48,274916,28.43272313579481
0.2,9669,75,274991,28.437538779731128
0.2,9670,-11,274980,28.43346086237204
0.2,9671,94,275074,28.440239867659223
0.2,9672,-128,274946,28.42406699059237
0.2,9673,-15,274931,28.419578250982013
0.2,9674,78,275009,28.42470284237726
0.2,9675,39,275048,28.425795783381563
0.2,9676,50,275098,28.428025214425958
0.2,9677,87,275185,28.434077288696013
0.2,9678,25,275210,28.433722491992974
0.2,9679,37,275247,28.434607438016528
0.2,9680,80,275327,28.439933891126948
0.2,9681,-73,275254,28.429456723817392
0.2,9682,-3,275251,28.426210885056285
0.2,9683,-40,275211,28.41914498141264
0.2,9684,70,275281,28.423438306659783
0.2,9685,-86,275195,28.411625025810448
0.2,9686,41,275236,28.412924538040674
0.2,9687,76,275312,28.417836498761353
0.2,9688,64,275376,28.421508927649914
0.2,9689,78,275454,28.426625386996903
0.2,9690,86,275540,28.43256629862759
0.2,9691,46,275586,28.434378869170448
0.2,9692,70,275656,28.438667079335602
0.2,9693,-58,275598,28.42975036104807
0.2,9694,92,275690,28.436307374935534
0.2,9695,52,275742,28.438737623762375
0.2,9696,78,275820,28.443848612973085
0.2,9697,-124,275696,28.42812951123943
0.2,9698,94,275790,28.43489019486545
0.2,9699,-117,275673,28.419896907216494
0.2,9700,83,275756,28.42552314194413
0.2,9701,-34,275722,28.419088847660277
0.2,9702,-74,275648,28.408533443264968
0.2,9703,91,275739,28.414983511953835
0.2,9704,88,275827,28.421123132405977
0.2,9705,64,275891,28.424788790438903
0.2,9706,-84,275807,28.413206964046566
0.2,9707,21,275828,28.41244334569427
0.2,9708,-42,275786,28.405191059841385
0.2,9709,52,275838,28.407621009268794
0.2,9710,-68,275770,28.397693337452374
0.2,9711,92,275862,28.404242174629324
0.2,9712,93,275955,28.410892618140636
0.2,9713,94,276049,28.41764463660696
0.2,9714,69,276118,28.421821924858467
0.2,9715,-65,276053,28.41220666941128
0.2,9716,-162,275891,28.392610888134197
0.2,9717,-383,275508,28.350277834945462
0.2,9718,87,275595,28.356312377816646
0.2,9719,60,275655,28.359567901234566
0.2,9720,86,275741,28.365497376813085
0.2,9721,85,275826,28.371322773091958
0.2,9722,82,275908,28.376838424354624
0.2,9723,94,276002,28.38358700123406
0.2,9724,33,276035,28.384061696658097
0.2,9725,90,276125,28.390396874357393
0.2,9726,23,276148,28.389842705870258
0.2,9727,84,276232,28.395559210526315
0.2,9728,85,276317,28.401377325521636
0.2,9729,80,276397,28.406680369989722
0.2,9730,25,276422,28.40633028465728
0.2,9731,85,276507,28.412145499383477
0.2,9732,89,276596,28.41837049214014
0.2,9733,-8,276588,28.414629134990754
0.2,9734,94,276682,28.42136620441705
0.2,9735,-7,276675,28.417728019720624
0.2,9736,76,276751,28.42261476840916
0.2,9737,-18,276733,28.417847607311565
0.2,9738,50,276783,28.420063661566896
0.2,9739,94,276877,28.426796714579055
0.2,9740,58,276935,28.429832666050714
0.2,9741,-23,276912,28.42455347977828
0.2,9742,94,277006,28.431283998768347
0.2,9743,88,277094,28.4373973727422
0.2,9744,-203,276891,28.413648024628014
0.2,9745,91,276982,28.42006977221424
0.2,9746,86,277068,28.42597722376116
0.2,9747,54,277122,28.42860073861305
0.2,9748,94,277216,28.435326700174375
0.2,9749,41,277257,28.436615384615383
0.2,9750,-119,277138,28.421495231258334
0.2,9751,75,277213,28.4262715340443
0.2,9752,14,277227,28.424792371577976
0.2,9753,-4,277223,28.421468115644863
0.2,9754,90,277313,28.42778062532035
0.2,9755,73,277386,28.432349323493234
0.2,9756,81,277467,28.437737009326636
0.2,9757,51,277518,28.44004919040787
0.2,9758,-25,277493,28.434573214468696
0.2,9759,18,277511,28.433504098360658
0.2,9760,43,277554,28.434996414301814
0.2,9761,89,277643,28.44120057365294
0.2,9762,48,277691,28.443203933217248
0.2,9763,49,277740,28.445309299467432
0.2,9764,17,277757,28.444137224782388
0.2,9765,75,277832,28.448904362072497
0.2,9766,27,277859,28.448756015153066
0.2,9767,94,277953,28.45546683046683
0.2,9768,-132,277821,28.43904186713072
0.2,9769,89,277910,28.445240532241556
0.2,9770,-26,277884,28.439668406509057
0.2,9771,93,277977,28.446275071633238
0.2,9772,-38,277939,28.439476107643507
0.2,9773,84,278023,28.445160630243503
0.2,9774,53,278076,28.4476726342711
0.2,9775,23,278099,28.447115384615383
0.2,9776,-17,278082,28.442467014421602
0.2,9777,91,278173,28.448864798527307
0.2,9778,-14,278159,28.44452397995705
0.2,9779,62,278221,28.44795501022495
0.2,9780,93,278314,28.45455474900317
0.2,9781,92,278406,28.46105090983439
0.2,9782,85,278491,28.46683021568026
0.2,9783,8,278499,28.464738348323795
0.2,9784,-196,278303,28.441798671435873
0.2,9785,-93,278210,28.429388922951155
0.2,9786,78,278288,28.43445386737509
0.2,9787,77,278365,28.439415610952185
0.2,9788,64,278429,28.443048319542342
0.2,9789,-280,278149,28.411542390194075
0.2,9790,40,278189,28.41272597283219
0.2,9791,-259,277930,28.383374183006534
0.2,9792,-73,277857,28.373021546002246
0.2,9793,-13,277844,28.368797222789464
0.2,9794,75,277919,28.373557937723326
0.2,9795,60,277979,28.376786443446303
0.2,9796,-156,277823,28.357966724507502
0.2,9797,82,277905,28.36344151867728
0.2,9798,85,277990,28.369221349117257
0.2,9799,58,278048,28.372244897959185
0.2,9800,-66,277982,28.362616059585758
0.2,9801,-80,277902,28.351560905937564
0.2,9802,94,277996,28.358257676221566
0.2,9803,60,278056,28.361485108119137
0.2,9804,91,278147,28.36787353391127
0.2,9805,78,278225,28.372934937793186
0.2,9806,93,278318,28.37952482920363
0.2,9807,71,278389,28.38387030995106
0.2,9808,56,278445,28.386685696809053
0.2,9809,-9,278436,28.382874617737002
0.2,9810,24,278460,28.38242788706554
0.2,9811,66,278526,28.38626172034244
0.2,9812,86,278612,28.392132884948538
0.2,9813,38,278650,28.393111880986346
0.2,9814,91,278741,28.399490575649516
0.2,9815,-185,278556,28.377750611246945
0.2,9816,3,278559,28.37516552918407
0.2,9817,92,278651,28.3816459564066
0.2,9818,94,278745,28.388328750381913
0.2,9819,-298,278447,28.3550916496945
0.2,9820,50,278497,28.357295591080337
0.2,9821,20,278517,28.3564447159438
0.2,9822,86,278603,28.362312939020665
0.2,9823,57,278660,28.365228013029316
0.2,9824,3,278663,28.36264631043257
0.2,9825,82,278745,28.36810502747812
0.2,9826,73,278818,28.372646789457615
0.2,9827,23,278841,28.37210012210012
0.2,9828,70,278911,28.376335334215078
0.2,9829,2,278913,28.373652085452697
0.2,9830,51,278964,28.375953616112298
0.2,9831,21,278985,28.375203417412532
0.2,9832,-101,278884,28.362046171056647
0.2,9833,7,278891,28.35987390685377
0.2,9834,71,278962,28.3642094560244
0.2,9835,52,279014,28.36661244408296
0.2,9836,33,279047,28.367083460404594
0.2,9837,46,279093,28.36887578776174
0.2,9838,80,279173,28.37412338652302
0.2,9839,84,279257,28.379776422764227
0.2,9840,68,279325,28.383802459099684
0.2,9841,-13,279312,28.379597642755538
0.2,9842,89,279401,28.385756375088896
0.2,9843,11,279412,28.38399024786672
0.2,9844,49,279461,28.386084306754697
0.2,9845,70,279531,28.39031078610603
0.2,9846,91,279622,28.396669036254696
0.2,9847,69,279691,28.400792038992687
0.2,9848,46,279737,28.402578942024572
0.2,9849,-47,279690,28.39492385786802
0.2,9850,56,279746,28.39772611917572
0.2,9851,-24,279722,28.392407632967924
0.2,9852,40,279762,28.393585709936062
0.2,9853,-6,279756,28.390095392733915
0.2,9854,-84,279672,28.37869101978691
0.2,9855,89,279761,28.38484172077922
0.2,9856,79,279840,28.389976666328497
0.2,9857,94,279934,28.396632176912153
0.2,9858,94,280028,28.40328633735673
0.2,9859,48,280076,28.405273833671398
0.2,9860,69,280145,28.40939052834398
0.2,9861,80,280225,28.414621780571892
0.2,9862,84,280309,28.420257528135455
0.2,9863,83,280392,28.425790754257907
0.2,9864,71,280463,28.430106436898125
0.2,9865,3,280466,28.427528887086964
0.2,9866,-70,280396,28.417553461031723
0.2,9867,86,280482,28.423388731252533
0.2,9868,-126,280356,28.4077414125038
0.2,9869,23,280379,28.407193515704154
0.2,9870,93,280472,28.413737210009117
0.2,9871,90,280562,28.419975688816855
0.2,9872,73,280635,28.42449103615922
0.2,9873,-210,280425,28.400344338667207
0.2,9874,89,280514,28.40648101265823
0.2,9875,-48,280466,28.3987444309437
0.2,9876,94,280560,28.405386250885897
0.2,9877,51,280611,28.407673618141324
0.2,9878,85,280696,28.413402166211156
0.2,9879,-28,280668,28.407692307692308
0.2,9880,92,280760,28.414128124683735
0.2,9881,-8,280752,28.410443230115362
0.2,9882,94,280846,28.417079834058484
0.2,9883,-80,280766,28.406110886280857
0.2,9884,-48,280718,28.39838138593829
0.2,9885,86,280804,28.404207970867894
0.2,9886,77,280881,28.40912309092748
0.2,9887,66,280947,28.412924757281555
0.2,9888,33,280980,28.413388613611083
0.2,9889,-120,280860,28.398382204246715
0.2,9890,64,280924,28.401981599433828
0.2,9891,68,280992,28.405984634047716
0.2,9892,-156,280836,28.387344587081774
0.2,9893,94,280930,28.393976147159893
0.2,9894,-96,280834,28.381404749873674
0.2,9895,78,280912,28.386418755052546
0.2,9896,71,280983,28.39072446195817
0.2,9897,87,281070,28.396645787027683
0.2,9898,65,281135,28.400343469037278
0.2,9899,-314,280821,28.365757575757577
0.2,9900,56,280877,28.368548631451368
0.2,9901,93,280970,28.375075742274287
0.2,9902,24,280994,28.37463394930829
0.2,9903,52,281046,28.377019386106625
0.2,9904,89,281135,28.38313982836951
0.2,9905,84,281219,28.388754290329093
0.2,9906,64,281283,28.39234884425154
0.2,9907,-9,281274,28.388574888978603
0.2,9908,76,281350,28.393379755777577
0.2,9909,94,281444,28.4
0.2,9910,93,281537,28.406518010291595
0.2,9911,83,281620,28.412025827280065
0.2,9912,68,281688,28.416019368506003
0.2,9913,32,281720,28.416380875529555
0.2,9914,-39,281681,28.409581442259203
0.2,9915,72,281753,28.413977410246066
0.2,9916,71,281824,28.418271654734294
0.2,9917,-33,281791,28.4120790481952
0.2,9918,-64,281727,28.40276237523944
0.2,9919,38,281765,28.403729838709676
0.2,9920,30,281795,28.403890736820884
0.2,9921,81,281876,28.409191695222738
0.2,9922,44,281920,28.410762874130807
0.2,9923,64,281984,28.41434905280129
0.2,9924,82,282066,28.419748110831236
0.2,9925,58,282124,28.422728188595606
0.2,9926,66,282190,28.42651354890702
0.2,9927,50,282240,28.428686543110395
0.2,9928,81,282321,28.43398126699567
0.2,9929,82,282403,28.43937562940584
0.2,9930,-59,282344,28.43057093948243
0.2,9931,75,282419,28.435259766411598
0.2,9932,26,282445,28.435014597805296
0.2,9933,92,282537,28.441413327964565
0.2,9934,92,282629,28.447810770005034
0.2,9935,48,282677,28.449778582930758
0.2,9936,86,282763,28.455570091576934
0.2,9937,16,282779,28.454316763936404
0.2,9938,74,282853,28.458899285642417
0.2,9939,58,282911,28.461871227364185
0.2,9940,87,282998,28.467759782718037
0.2,9941,67,283065,28.471635485817743
0.2,9942,-12,283053,28.467565121190788
0.2,9943,93,283146,28.47405470635559
0.2,9944,86,283232,28.47983911513323
0.2,9945,88,283320,28.485823446611704
0.2,9946,88,283408,28.491806574846688
0.2,9947,80,283488,28.496984318455972
0.2,9948,21,283509,28.49623077696251
0.2,9949,93,283602,28.502713567839194
0.2,9950,-214,283388,28.47834388503668
0.2,9951,47,283435,28.480204983922828
0.2,9952,-24,283411,28.474932181251884
0.2,9953,78,283489,28.479907574844283
0.2,9954,88,283577,28.485886489201405
0.2,9955,57,283634,28.488750502209722
0.2,9956,-66,283568,28.47926082153259
0.2,9957,53,283621,28.48172323759791
0.2,9958,88,283709,28.487699568229743
0.2,9959,94,283803,28.494277108433735
0.2,9960,25,283828,28.493926312619216
0.2,9961,92,283920,28.500301144348523
0.2,9962,61,283981,28.503563183779985
0.2,9963,56,284037,28.506322761942993
0.2,9964,69,284106,28.510386352232814
0.2,9965,83,284189,28.515853903271122
0.2,9966,-26,284163,28.510384268084678
0.2,9967,85,284248,28.51605136436597
0.2,9968,94,284342,28.522620122379376
0.2,9969,-95,284247,28.510230692076227
0.2,9970,94,284341,28.516798716277204
0.2,9971,76,284417,28.521560369033292
0.2,9972,25,284442,28.52120725960092
0.2,9973,-13,284429,28.51704431521957
0.2,9974,17,284446,28.515889724310778
0.2,9975,49,284495,28.517943063352046
0.2,9976,-117,284378,28.503357722762352
0.2,9977,-38,284340,28.496692723992783
0.2,9978,48,284388,28.498647159033972
0.2,9979,94,284482,28.505210420841685
0.2,9980,45,284527,28.506863039775574
0.2,9981,35,284562,28.507513524343818
0.2,9982,-149,284413,28.489732545327055
0.2,9983,85,284498,28.495392628205128
0.2,9984,90,284588,28.50155232849274
0.2,9985,76,284664,28.50630883236531
0.2,9986,88,284752,28.51226594572945
0.2,9987,-16,284736,28.507809371245493
0.2,9988,83,284819,28.513264591050156
0.2,9989,-87,284732,28.501701701701702
0.2,9990,26,284758,28.501451306175557
0.2,9991,94,284852,28.5080064051241
0.2,9992,-7,284845,28.504453117182027
0.2,9993,82,284927,28.509805883530117
0.2,9994,91,285018,28.516058029014506
0.2,9995,8,285026,28.514005602240896
0.2,9996,91,285117,28.520256076823046
0.2,9997,70,285187,28.524404880976196
0.2,9998,24,285211,28.523952395239522
0.2,9999,-1,285210,28.521
