0.2,0,82,82,82.0
0.2,1,88,170,85.0
0.2,2,89,259,86.33333333333333
0.2,3,77,336,84.0
0.2,4,94,430,86.0
0.2,5,-18,412,68.66666666666667
0.2,6,58,470,67.14285714285714
0.2,7,30,500,62.5
0.2,8,-36,464,51.55555555555556
0.2,9,88,552,55.2
0.2,10,15,567,51.54545454545455
0.2,11,49,616,51.333333333333336
0.2,12,55,671,51.61538461538461
0.2,13,45,716,51.142857142857146
0.2,14,91,807,53.8
0.2,15,76,883,55.1875
0.2,16,83,966,56.8235294117647
0.2,17,-27,939,52.166666666666664
0.2,18,93,1032,54.31578947368421
0.2,19,93,1125,56.25
0.2,20,-270,855,40.714285714285715
0.2,21,-64,791,35.95454545454545
0.2,22,91,882,38.34782608695652
0.2,23,48,930,38.75
0.2,24,79,1009,40.36
0.2,25,-35,974,37.46153846153846
0.2,26,-211,763,28.25925925925926
0.2,27,17,780,27.857142857142858
0.2,28,65,845,29.137931034482758
0.2,29,44,889,29.633333333333333
0.2,30,89,978,31.548387096774192
0.2,31,60,1038,32.4375
0.2,32,73,1111,33.666666666666664
0.2,33,64,1175,34.55882352941177
0.2,34,80,1255,35.857142857142854
0.2,35,-52,1203,33.416666666666664
0.2,36,-10,1193,32.24324324324324
0.2,37,30,1223,32.18421052631579
0.2,38,-36,1187,30.435897435897434
0.2,39,82,1269,31.725
0.2,40,-145,1124,27.414634146341463
0.2,41,89,1213,28.88095238095238
0.2,42,59,1272,29.58139534883721
0.2,43,21,1293,29.386363636363637
0.2,44,88,1381,30.68888888888889
0.2,45,-50,1331,28.934782608695652
0.2,46,81,1412,30.04255319148936
0.2,47,-75,1337,27.854166666666668
0.2,48,-58,1279,26.102040816326532
0.2,49,69,1348,26.96
0.2,50,78,1426,27.96078431372549
0.2,51,-51,1375,26.442307692307693
0.2,52,-207,1168,22.037735849056602
0.2,53,90,1258,23.296296296296298
0.2,54,75,1333,24.236363636363638
0.2,55,-98,1235,22.053571428571427
0.2,56,45,1280,22.45614035087719
0.2,57,-124,1156,19.93103448275862
0.2,58,10,1166,19.76271186440678
0.2,59,25,1191,19.85
0.2,60,-28,1163,19.065573770491802
0.2,61,81,1244,20.06451612903226
0.2,62,86,1330,21.11111111111111
0.2,63,67,1397,21.828125
0.2,64,-13,1384,21.29230769230769
0.2,65,81,1465,22.196969696969695
0.2,66,68,1533,22.880597014925375
0.2,67,66,1599,23.514705882352942
0.2,68,-78,1521,22.043478260869566
0.2,69,-84,1437,20.52857142857143
0.2,70,88,1525,21.47887323943662
0.2,71,-41,1484,20.61111111111111
0.2,72,76,1560,21.36986301369863
0.2,73,-125,1435,19.39189189189189
0.2,74,70,1505,20.066666666666666
0.2,75,66,1571,20.67105263157895
0.2,76,78,1649,21.415584415584416
0.2,77,86,1735,22.243589743589745
0.2,78,90,1825,23.10126582278481
0.2,79,-89,1736,21.7
0.2,80,-82,1654,20.419753086419753
0.2,81,87,1741,21.23170731707317
0.2,82,-75,1666,20.072289156626507
0.2,83,-69,1597,19.011904761904763
0.2,84,94,1691,19.894117647058824
0.2,85,91,1782,20.72093023255814
0.2,86,20,1802,20.71264367816092
0.2,87,42,1844,20.954545454545453
0.2,88,74,1918,21.55056179775281
0.2,89,33,1951,21.677777777777777
0.2,90,92,2043,22.45054945054945
0.2,91,62,2105,22.880434782608695
0.2,92,25,2130,22.903225806451612
0.2,93,84,2214,23.5531914893617
0.2,94,92,2306,24.273684210526316
0.2,95,-75,2231,23.239583333333332
0.2,96,-18,2213,22.814432989690722
0.2,97,-49,2164,22.081632653061224
0.2,98,-158,2006,20.262626262626263
0.2,99,89,2095,20.95
0.2,100,5,2100,20.792079207920793
0.2,101,55,2155,21.127450980392158
0.2,102,-184,1971,19.135922330097088
0.2,103,62,2033,19.548076923076923
0.2,104,-51,1982,18.876190476190477
0.2,105,75,2057,19.40566037735849
0.2,106,3,2060,19.252336448598133
0.2,107,-89,1971,18.25
0.2,108,50,2021,18.541284403669724
0.2,109,91,2112,19.2
0.2,110,-144,1968,17.72972972972973
0.2,111,87,2055,18.348214285714285
0.2,112,-14,2041,18.061946902654867
0.2,113,85,2126,18.649122807017545
0.2,114,92,2218,19.286956521739132
0.2,115,9,2227,19.198275862068964
0.2,116,-66,2161,18.47008547008547
0.2,117,-196,1965,16.652542372881356
0.2,118,37,2002,16.823529411764707
0.2,119,76,2078,17.316666666666666
0.2,120,93,2171,17.94214876033058
0.2,121,69,2240,18.360655737704917
0.2,122,75,2315,18.821138211382113
0.2,123,47,2362,19.048387096774192
0.2,124,25,2387,19.096
0.2,125,55,2442,19.38095238095238
0.2,126,18,2460,19.37007874015748
0.2,127,17,2477,19.3515625
0.2,128,57,2534,19.643410852713178
0.2,129,25,2559,19.684615384615384
0.2,130,46,2605,19.885496183206108
0.2,131,91,2696,20.424242424242426
0.2,132,7,2703,20.32330827067669
0.2,133,79,2782,20.761194029850746
0.2,134,47,2829,20.955555555555556
0.2,135,90,2919,21.46323529411765
0.2,136,81,3000,21.8978102189781
0.2,137,-6,2994,21.695652173913043
0.2,138,-136,2858,20.56115107913669
0.2,139,54,2912,20.8
0.2,140,76,2988,21.19148936170213
0.2,141,71,3059,21.54225352112676
0.2,142,86,3145,21.993006993006993
0.2,143,88,3233,22.45138888888889
0.2,144,25,3258,22.46896551724138
0.2,145,35,3293,22.554794520547944
0.2,146,25,3318,22.571428571428573
0.2,147,-271,3047,20.58783783783784
0.2,148,85,3132,21.02013422818792
0.2,149,-255,2877,19.18
0.2,150,78,2955,19.56953642384106
0.2,151,4,2959,19.467105263157894
0.2,152,85,3044,19.895424836601308
0.2,153,-88,2956,19.194805194805195
0.2,154,63,3019,19.47741935483871
0.2,155,90,3109,19.92948717948718
0.2,156,90,3199,20.37579617834395
0.2,157,-17,3182,20.139240506329113
0.2,158,19,3201,20.132075471698112
0.2,159,87,3288,20.55
0.2,160,92,3380,20.993788819875775
0.2,161,0,3380,20.864197530864196
0.2,162,94,3474,21.312883435582823
0.2,163,94,3568,21.75609756097561
0.2,164,88,3656,22.157575757575756
0.2,165,64,3720,22.40963855421687
0.2,166,87,3807,22.79640718562874
0.2,167,35,3842,22.86904761904762
0.2,168,26,3868,22.88757396449704
0.2,169,44,3912,23.011764705882353
0.2,170,89,4001,23.39766081871345
0.2,171,58,4059,23.598837209302324
0.2,172,90,4149,23.982658959537574
0.2,173,49,4198,24.126436781609197
0.2,174,71,4269,24.394285714285715
0.2,175,76,4345,24.6875
0.2,176,70,4415,24.943502824858758
0.2,177,86,4501,25.286516853932586
0.2,178,7,4508,25.18435754189944
0.2,179,70,4578,25.433333333333334
0.2,180,-41,4537,25.066298342541437
0.2,181,84,4621,25.39010989010989
0.2,182,82,4703,25.69945355191257
0.2,183,47,4750,25.815217391304348
0.2,184,-16,4734,25.589189189189188
0.2,185,-65,4669,25.102150537634408
0.2,186,43,4712,25.197860962566846
0.2,187,1,4713,25.069148936170212
0.2,188,-15,4698,24.857142857142858
0.2,189,13,4711,24.794736842105262
0.2,190,-56,4655,24.3717277486911
0.2,191,45,4700,24.479166666666668
0.2,192,39,4739,24.55440414507772
0.2,193,20,4759,24.530927835051546
0.2,194,83,4842,24.83076923076923
0.2,195,87,4929,25.147959183673468
0.2,196,-11,4918,24.96446700507614
0.2,197,86,5004,25.272727272727273
0.2,198,-19,4985,25.050251256281406
0.2,199,11,4996,24.98
0.2,200,-20,4976,24.756218905472636
0.2,201,-197,4779,23.65841584158416
0.2,202,5,4784,23.56650246305419
0.2,203,78,4862,23.833333333333332
0.2,204,68,4930,24.048780487804876
0.2,205,81,5011,24.325242718446603
0.2,206,79,5090,24.58937198067633
0.2,207,-26,5064,24.346153846153847
0.2,208,83,5147,24.626794258373206
0.2,209,10,5157,24.557142857142857
0.2,210,92,5249,24.876777251184834
0.2,211,86,5335,25.16509433962264
0.2,212,51,5386,25.28638497652582
0.2,213,46,5432,25.38317757009346
0.2,214,65,5497,25.567441860465117
0.2,215,92,5589,25.875
0.2,216,79,5668,26.119815668202765
0.2,217,68,5736,26.31192660550459
0.2,218,-61,5675,25.91324200913242
0.2,219,6,5681,25.822727272727274
0.2,220,91,5772,26.11764705882353
0.2,221,93,5865,26.41891891891892
0.2,222,89,5954,26.699551569506728
0.2,223,70,6024,26.892857142857142
0.2,224,3,6027,26.786666666666665
0.2,225,-53,5974,26.43362831858407
0.2,226,-264,5710,25.154185022026432
0.2,227,85,5795,25.416666666666668
0.2,228,90,5885,25.69868995633188
0.2,229,90,5975,25.97826086956522
0.2,230,91,6066,26.25974025974026
0.2,231,-2,6064,26.137931034482758
0.2,232,70,6134,26.326180257510728
0.2,233,94,6228,26.615384615384617
0.2,234,80,6308,26.842553191489362
0.2,235,-14,6294,26.66949152542373
0.2,236,1,6295,26.561181434599156
0.2,237,83,6378,26.798319327731093
0.2,238,94,6472,27.07949790794979
0.2,239,35,6507,27.1125
0.2,240,-130,6377,26.46058091286307
0.2,241,74,6451,26.65702479338843
0.2,242,-30,6421,26.4238683127572
0.2,243,-72,6349,26.020491803278688
0.2,244,91,6440,26.285714285714285
0.2,245,-45,6395,25.995934959349594
0.2,246,12,6407,25.939271255060728
0.2,247,94,6501,26.213709677419356
0.2,248,-3,6498,26.096385542168676
0.2,249,76,6574,26.296
0.2,250,90,6664,26.54980079681275
0.2,251,92,6756,26.80952380952381
0.2,252,19,6775,26.778656126482215
0.2,253,-38,6737,26.523622047244096
0.2,254,11,6748,26.462745098039214
0.2,255,62,6810,26.6015625
0.2,256,94,6904,26.863813229571985
0.2,257,-22,6882,26.674418604651162
0.2,258,86,6968,26.903474903474905
0.2,259,-19,6949,26.726923076923075
0.2,260,-83,6866,26.306513409961685
0.2,261,87,6953,26.5381679389313
0.2,262,51,7004,26.631178707224336
0.2,263,48,7052,26.71212121212121
0.2,264,84,7136,26.928301886792454
0.2,265,24,7160,26.917293233082706
0.2,266,81,7241,27.119850187265918
0.2,267,85,7326,27.33582089552239
0.2,268,9,7335,27.267657992565056
0.2,269,-34,7301,27.04074074074074
0.2,270,52,7353,27.132841328413285
0.2,271,80,7433,27.327205882352942
0.2,272,-117,7316,26.7985347985348
0.2,273,56,7372,26.905109489051096
0.2,274,80,7452,27.098181818181818
0.2,275,47,7499,27.170289855072465
0.2,276,65,7564,27.306859205776174
0.2,277,-147,7417,26.679856115107913
0.2,278,70,7487,26.835125448028673
0.2,279,4,7491,26.75357142857143
0.2,280,65,7556,26.889679715302492
0.2,281,86,7642,27.099290780141843
0.2,282,84,7726,27.300353356890458
0.2,283,-24,7702,27.119718309859156
0.2,284,-87,7615,26.719298245614034
0.2,285,64,7679,26.84965034965035
0.2,286,-6,7673,26.735191637630663
0.2,287,-6,7667,26.62152777777778
0.2,288,91,7758,26.844290657439448
0.2,289,60,7818,26.958620689655174
0.2,290,69,7887,27.103092783505154
0.2,291,-233,7654,26.21232876712329
0.2,292,-53,7601,25.9419795221843
0.2,293,38,7639,25.982993197278912
0.2,294,82,7721,26.172881355932205
0.2,295,-32,7689,25.97635135135135
0.2,296,89,7778,26.188552188552187
0.2,297,86,7864,26.389261744966444
0.2,298,58,7922,26.494983277591974
0.2,299,85,8007,26.69
0.2,300,93,8100,26.910299003322258
0.2,301,-16,8084,26.7682119205298
0.2,302,94,8178,26.99009900990099
0.2,303,82,8260,27.17105263157895
0.2,304,60,8320,27.278688524590162
0.2,305,-18,8302,27.130718954248366
0.2,306,-91,8211,26.745928338762216
0.2,307,87,8298,26.941558441558442
0.2,308,51,8349,27.019417475728154
0.2,309,-39,8310,26.806451612903224
0.2,310,77,8387,26.967845659163988
0.2,311,19,8406,26.942307692307693
0.2,312,4,8410,26.869009584664536
0.2,313,87,8497,27.06050955414013
0.2,314,18,8515,27.03174603174603
0.2,315,-9,8506,26.917721518987342
0.2,316,87,8593,27.107255520504733
0.2,317,61,8654,27.21383647798742
0.2,318,82,8736,27.385579937304076
0.2,319,92,8828,27.5875
0.2,320,-48,8780,27.35202492211838
0.2,321,-357,8423,26.158385093167702
0.2,322,93,8516,26.36532507739938
0.2,323,75,8591,26.515432098765434
0.2,324,90,8681,26.71076923076923
0.2,325,-48,8633,26.48159509202454
0.2,326,49,8682,26.55045871559633
0.2,327,73,8755,26.692073170731707
0.2,328,23,8778,26.680851063829788
0.2,329,61,8839,26.784848484848485
0.2,330,-12,8827,26.667673716012086
0.2,331,54,8881,26.75
0.2,332,65,8946,26.864864864864863
0.2,333,82,9028,27.02994011976048
0.2,334,40,9068,27.06865671641791
0.2,335,79,9147,27.223214285714285
0.2,336,18,9165,27.19584569732938
0.2,337,87,9252,27.37278106508876
0.2,338,78,9330,27.52212389380531
0.2,339,-34,9296,27.341176470588234
0.2,340,79,9375,27.49266862170088
0.2,341,90,9465,27.67543859649123
0.2,342,89,9554,27.854227405247812
0.2,343,66,9620,27.96511627906977
0.2,344,-51,9569,27.736231884057972
0.2,345,-208,9361,27.05491329479769
0.2,346,41,9402,27.095100864553313
0.2,347,8,9410,27.04022988505747
0.2,348,81,9491,27.19484240687679
0.2,349,-59,9432,26.94857142857143
0.2,350,88,9520,27.122507122507123
0.2,351,91,9611,27.303977272727273
0.2,352,78,9689,27.44759206798867
0.2,353,77,9766,27.587570621468927
0.2,354,2,9768,27.515492957746478
0.2,355,70,9838,27.634831460674157
0.2,356,75,9913,27.76750700280112
0.2,357,88,10001,27.935754189944134
0.2,358,87,10088,28.100278551532032
0.2,359,78,10166,28.238888888888887
0.2,360,76,10242,28.371191135734072
0.2,361,59,10301,28.455801104972377
0.2,362,90,10391,28.62534435261708
0.2,363,-123,10268,28.208791208791208
0.2,364,88,10356,28.372602739726027
0.2,365,72,10428,28.491803278688526
0.2,366,-77,10351,28.204359673024523
0.2,367,89,10440,28.369565217391305
0.2,368,87,10527,28.528455284552845
0.2,369,-101,10426,28.17837837837838
0.2,370,67,10493,28.28301886792453
0.2,371,91,10584,28.451612903225808
0.2,372,67,10651,28.554959785522787
0.2,373,91,10742,28.72192513368984
0.2,374,49,10791,28.776
0.2,375,48,10839,28.82712765957447
0.2,376,92,10931,28.9946949602122
0.2,377,89,11020,29.15343915343915
0.2,378,84,11104,29.298153034300793
0.2,379,86,11190,29.44736842105263
0.2,380,85,11275,29.593175853018373
0.2,381,69,11344,29.69633507853403
0.2,382,82,11426,29.83289817232376
0.2,383,45,11471,29.872395833333332
0.2,384,14,11485,29.83116883116883
0.2,385,-68,11417,29.577720207253886
0.2,386,79,11496,29.705426356589147
0.2,387,18,11514,29.675257731958762
0.2,388,-22,11492,29.542416452442158
0.2,389,72,11564,29.651282051282053
0.2,390,47,11611,29.695652173913043
0.2,391,84,11695,29.834183673469386
0.2,392,25,11720,29.821882951653944
0.2,393,-39,11681,29.64720812182741
0.2,394,-4,11677,29.562025316455696
0.2,395,53,11730,29.62121212121212
0.2,396,-5,11725,29.534005037783377
0.2,397,90,11815,29.685929648241206
0.2,398,92,11907,29.842105263157894
0.2,399,28,11935,29.8375
0.2,400,36,11971,29.85286783042394
0.2,401,48,12019,29.898009950248756
0.2,402,52,12071,29.952853598014887
0.2,403,50,12121,30.002475247524753
0.2,404,72,12193,30.106172839506172
0.2,405,89,12282,30.251231527093594
0.2,406,7,12289,30.194103194103196
0.2,407,70,12359,30.291666666666668
0.2,408,-8,12351,30.198044009779952
0.2,409,68,12419,30.290243902439023
0.2,410,-90,12329,29.99756690997567
0.2,411,6,12335,29.939320388349515
0.2,412,19,12354,29.912832929782084
0.2,413,-88,12266,29.6280193236715
0.2,414,94,12360,29.783132530120483
0.2,415,42,12402,29.8125
0.2,416,24,12426,29.798561151079138
0.2,417,81,12507,29.92105263157895
0.2,418,-21,12486,29.799522673031028
0.2,419,76,12562,29.909523809523808
0.2,420,-142,12420,29.501187648456057
0.2,421,43,12463,29.533175355450236
0.2,422,90,12553,29.67612293144208
0.2,423,56,12609,29.73820754716981
0.2,424,-38,12571,29.578823529411764
0.2,425,84,12655,29.706572769953052
0.2,426,77,12732,29.817330210772834
0.2,427,-5,12727,29.735981308411215
0.2,428,4,12731,29.675990675990676
0.2,429,54,12785,29.732558139534884
0.2,430,-22,12763,29.612529002320187
0.2,431,80,12843,29.729166666666668
0.2,432,86,12929,29.859122401847575
0.2,433,56,12985,29.919354838709676
0.2,434,58,13043,29.98390804597701
0.2,435,89,13132,30.119266055045873
0.2,436,94,13226,30.265446224256294
0.2,437,-5,13221,30.184931506849313
0.2,438,44,13265,30.21640091116173
0.2,439,48,13313,30.256818181818183
0.2,440,-42,13271,30.09297052154195
0.2,441,93,13364,30.235294117647058
0.2,442,82,13446,30.35214446952596
0.2,443,10,13456,30.306306306306308
0.2,444,-18,13438,30.197752808988763
0.2,445,82,13520,30.31390134529148
0.2,446,22,13542,30.29530201342282
0.2,447,6,13548,30.241071428571427
0.2,448,88,13636,30.369710467706014
0.2,449,-22,13614,30.253333333333334
0.2,450,86,13700,30.376940133037692
0.2,451,92,13792,30.513274336283185
0.2,452,63,13855,30.584988962472405
0.2,453,68,13923,30.66740088105727
0.2,454,88,14011,30.793406593406594
0.2,455,-27,13984,30.666666666666668
0.2,456,43,14027,30.693654266958426
0.2,457,-70,13957,30.473799126637555
0.2,458,53,14010,30.522875816993466
0.2,459,86,14096,30.643478260869564
0.2,460,79,14175,30.74837310195228
0.2,461,76,14251,30.846320346320347
0.2,462,-64,14187,30.6414686825054
0.2,463,-90,14097,30.38146551724138
0.2,464,2,14099,30.32043010752688
0.2,465,79,14178,30.42489270386266
0.2,466,16,14194,30.394004282655246
0.2,467,79,14273,30.497863247863247
0.2,468,81,14354,30.605543710021323
0.2,469,13,14367,30.568085106382977
0.2,470,48,14415,30.605095541401273
0.2,471,65,14480,30.677966101694917
0.2,472,38,14518,30.693446088794925
0.2,473,85,14603,30.80801687763713
0.2,474,55,14658,30.858947368421052
0.2,475,-16,14642,30.76050420168067
0.2,476,72,14714,30.846960167714883
0.2,477,20,14734,30.824267782426777
0.2,478,-97,14637,30.55741127348643
0.2,479,91,14728,30.683333333333334
0.2,480,0,14728,30.61954261954262
0.2,481,-85,14643,30.37966804979253
0.2,482,-17,14626,30.281573498964804
0.2,483,55,14681,30.332644628099175
0.2,484,-105,14576,30.05360824742268
0.2,485,90,14666,30.17695473251029
0.2,486,82,14748,30.28336755646817
0.2,487,7,14755,30.235655737704917
0.2,488,86,14841,30.349693251533743
0.2,489,12,14853,30.312244897959182
0.2,490,74,14927,30.40122199592668
0.2,491,-15,14912,30.308943089430894
0.2,492,24,14936,30.296146044624745
0.2,493,89,15025,30.41497975708502
0.2,494,-37,14988,30.278787878787877
0.2,495,80,15068,30.379032258064516
0.2,496,85,15153,30.48893360160966
0.2,497,-121,15032,30.184738955823292
0.2,498,71,15103,30.266533066132265
0.2,499,-60,15043,30.086
0.2,500,67,15110,30.159680638722556
0.2,501,72,15182,30.243027888446214
0.2,502,71,15253,30.324055666003975
0.2,503,84,15337,30.430555555555557
0.2,504,83,15420,30.534653465346533
0.2,505,34,15454,30.541501976284586
0.2,506,89,15543,30.65680473372781
0.2,507,25,15568,30.64566929133858
0.2,508,-53,15515,30.481335952848724
0.2,509,85,15600,30.58823529411765
0.2,510,63,15663,30.651663405088062
0.2,511,-118,15545,30.361328125
0.2,512,30,15575,30.360623781676413
0.2,513,92,15667,30.480544747081712
0.2,514,1,15668,30.423300970873786
0.2,515,-13,15655,30.339147286821706
0.2,516,-89,15566,30.108317214700193
0.2,517,-14,15552,30.023166023166024
0.2,518,94,15646,30.146435452793835
0.2,519,54,15700,30.192307692307693
0.2,520,94,15794,30.314779270633398
0.2,521,40,15834,30.333333333333332
0.2,522,-90,15744,30.10325047801147
0.2,523,-89,15655,29.875954198473284
0.2,524,-59,15596,29.706666666666667
0.2,525,22,15618,29.692015209125476
0.2,526,-134,15484,29.381404174573056
0.2,527,84,15568,29.484848484848484
0.2,528,37,15605,29.49905482041588
0.2,529,66,15671,29.567924528301887
0.2,530,43,15714,29.593220338983052
0.2,531,86,15800,29.69924812030075
0.2,532,-15,15785,29.615384615384617
0.2,533,16,15801,29.589887640449437
0.2,534,79,15880,29.682242990654206
0.2,535,77,15957,29.770522388059703
0.2,536,10,15967,29.733705772811916
0.2,537,86,16053,29.83828996282528
0.2,538,93,16146,29.95547309833024
0.2,539,5,16151,29.909259259259258
0.2,540,13,16164,29.87800369685767
0.2,541,84,16248,29.977859778597786
0.2,542,87,16335,30.082872928176794
0.2,543,73,16408,30.16176470588235
0.2,544,82,16490,30.256880733944953
0.2,545,91,16581,30.36813186813187
0.2,546,4,16585,30.319926873857405
0.2,547,58,16643,30.37043795620438
0.2,548,83,16726,30.46630236794171
0.2,549,87,16813,30.56909090909091
0.2,550,38,16851,30.58257713248639
0.2,551,94,16945,30.69746376811594
0.2,552,80,17025,30.786618444846294
0.2,553,-80,16945,30.58664259927798
0.2,554,81,17026,30.677477477477478
0.2,555,-98,16928,30.446043165467625
0.2,556,87,17015,30.5475763016158
0.2,557,-115,16900,30.28673835125448
0.2,558,88,16988,30.389982110912342
0.2,559,80,17068,30.478571428571428
0.2,560,67,17135,30.54367201426025
0.2,561,86,17221,30.6423487544484
0.2,562,81,17302,30.731793960923625
0.2,563,87,17389,30.831560283687942
0.2,564,66,17455,30.893805309734514
0.2,565,73,17528,30.968197879858657
0.2,566,46,17574,30.994708994708994
0.2,567,94,17668,31.1056338028169
0.2,568,91,17759,31.210896309314588
0.2,569,89,17848,31.312280701754386
0.2,570,36,17884,31.320490367775832
0.2,571,79,17963,31.403846153846153
0.2,572,-143,17820,31.099476439790575
0.2,573,44,17864,31.121951219512194
0.2,574,86,17950,31.217391304347824
0.2,575,-207,17743,30.803819444444443
0.2,576,45,17788,30.82842287694974
0.2,577,92,17880,30.93425605536332
0.2,578,90,17970,31.036269430051814
0.2,579,-5,17965,30.974137931034484
0.2,580,82,18047,31.061962134251292
0.2,581,-239,17808,30.5979381443299
0.2,582,-18,17790,30.51457975986278
0.2,583,46,17836,30.541095890410958
0.2,584,94,17930,30.64957264957265
0.2,585,65,17995,30.708191126279864
0.2,586,93,18088,30.814310051107327
0.2,587,27,18115,30.8078231292517
0.2,588,-205,17910,30.407470288624786
0.2,589,82,17992,30.494915254237288
0.2,590,-18,17974,30.41285956006768
0.2,591,-35,17939,30.302364864864863
0.2,592,-46,17893,30.17369308600337
0.2,593,9,17902,30.13804713804714
0.2,594,93,17995,30.243697478991596
0.2,595,91,18086,30.345637583892618
0.2,596,90,18176,30.445561139028477
0.2,597,72,18248,30.51505016722408
0.2,598,83,18331,30.602671118530886
0.2,599,1,18332,30.553333333333335
0.2,600,89,18421,30.650582362728784
0.2,601,75,18496,30.72425249169435
0.2,602,91,18587,30.824212271973465
0.2,603,32,18619,30.826158940397352
0.2,604,91,18710,30.925619834710744
0.2,605,-51,18659,30.79042904290429
0.2,606,-82,18577,30.604612850082372
0.2,607,11,18588,30.57236842105263
0.2,608,79,18667,30.651888341543515
0.2,609,-27,18640,30.557377049180328
0.2,610,78,18718,30.635024549918167
0.2,611,93,18811,30.736928104575163
0.2,612,76,18887,30.810766721044047
0.2,613,80,18967,30.89087947882736
0.2,614,-30,18937,30.791869918699188
0.2,615,23,18960,30.77922077922078
0.2,616,42,19002,30.79740680713128
0.2,617,88,19090,30.889967637540455
0.2,618,67,19157,30.948303715670438
0.2,619,72,19229,31.01451612903226
0.2,620,74,19303,31.083735909822867
0.2,621,93,19396,31.183279742765272
0.2,622,60,19456,31.229534510433385
0.2,623,59,19515,31.27403846153846
0.2,624,41,19556,31.2896
0.2,625,-15,19541,31.215654952076676
0.2,626,52,19593,31.248803827751196
0.2,627,62,19655,31.297770700636942
0.2,628,88,19743,31.3879173290938
0.2,629,28,19771,31.382539682539683
0.2,630,-21,19750,31.299524564183834
0.2,631,87,19837,31.3876582278481
0.2,632,-3,19834,31.333333333333332
0.2,633,-119,19715,31.09621451104101
0.2,634,46,19761,31.11968503937008
0.2,635,21,19782,31.10377358490566
0.2,636,-281,19501,30.6138147566719
0.2,637,-39,19462,30.504702194357368
0.2,638,-176,19286,30.18153364632238
0.2,639,7,19293,30.1453125
0.2,640,67,19360,30.202808112324494
0.2,641,66,19426,30.258566978193148
0.2,642,6,19432,30.220839813374806
0.2,643,41,19473,30.237577639751553
0.2,644,75,19548,30.306976744186045
0.2,645,-169,19379,29.9984520123839
0.2,646,33,19412,30.00309119010819
0.2,647,-35,19377,29.90277777777778
0.2,648,14,19391,29.878274268104775
0.2,649,44,19435,29.9
0.2,650,86,19521,29.986175115207374
0.2,651,17,19538,29.966257668711656
0.2,652,48,19586,29.993874425727412
0.2,653,91,19677,30.087155963302752
0.2,654,20,19697,30.07175572519084
0.2,655,89,19786,30.161585365853657
0.2,656,47,19833,30.187214611872147
0.2,657,42,19875,30.20516717325228
0.2,658,86,19961,30.289833080424888
0.2,659,-47,19914,30.172727272727272
0.2,660,87,20001,30.25869894099849
0.2,661,45,20046,30.280966767371602
0.2,662,0,20046,30.235294117647058
0.2,663,-37,20009,30.134036144578314
0.2,664,76,20085,30.203007518796994
0.2,665,94,20179,30.2987987987988
0.2,666,84,20263,30.379310344827587
0.2,667,21,20284,30.365269461077844
0.2,668,92,20376,30.457399103139014
0.2,669,38,20414,30.46865671641791
0.2,670,87,20501,30.55290611028316
0.2,671,-3,20498,30.50297619047619
0.2,672,-25,20473,30.420505200594352
0.2,673,66,20539,30.473293768545993
0.2,674,75,20614,30.53925925925926
0.2,675,-82,20532,30.37278106508876
0.2,676,-185,20347,30.054652880354507
0.2,677,-319,20028,29.539823008849556
0.2,678,91,20119,29.63033873343152
0.2,679,70,20189,29.689705882352943
0.2,680,-95,20094,29.506607929515418
0.2,681,35,20129,29.51466275659824
0.2,682,41,20170,29.531478770131773
0.2,683,87,20257,29.61549707602339
0.2,684,-44,20213,29.50802919708029
0.2,685,-149,20064,29.247813411078717
0.2,686,75,20139,29.314410480349345
0.2,687,52,20191,29.34738372093023
0.2,688,-2,20189,29.30188679245283
0.2,689,17,20206,29.284057971014494
0.2,690,-125,20081,29.060781476121562
0.2,691,87,20168,29.14450867052023
0.2,692,23,20191,29.135642135642136
0.2,693,83,20274,29.213256484149856
0.2,694,94,20368,29.306474820143883
0.2,695,-45,20323,29.19971264367816
0.2,696,13,20336,29.176470588235293
0.2,697,59,20395,29.219197707736388
0.2,698,60,20455,29.263233190271816
0.2,699,88,20543,29.347142857142856
0.2,700,-44,20499,29.242510699001425
0.2,701,-224,20275,28.881766381766383
0.2,702,-1,20274,28.839260312944525
0.2,703,38,20312,28.852272727272727
0.2,704,83,20395,28.929078014184398
0.2,705,30,20425,28.930594900849858
0.2,706,35,20460,28.93917963224894
0.2,707,60,20520,28.983050847457626
0.2,708,-15,20505,28.92101551480959
0.2,709,60,20565,28.964788732394368
0.2,710,44,20609,28.985935302391
0.2,711,-109,20500,28.792134831460675
0.2,712,-16,20484,28.72931276297335
0.2,713,81,20565,28.80252100840336
0.2,714,84,20649,28.87972027972028
0.2,715,42,20691,28.89804469273743
0.2,716,76,20767,28.96373779637378
0.2,717,86,20853,29.04317548746518
0.2,718,79,20932,29.112656467315716
0.2,719,84,21016,29.18888888888889
0.2,720,79,21095,29.257975034674065
0.2,721,-41,21054,29.1606648199446
0.2,722,93,21147,29.24896265560166
0.2,723,-31,21116,29.165745856353592
0.2,724,-20,21096,29.09793103448276
0.2,725,80,21176,29.168044077134986
0.2,726,91,21267,29.25309491059147
0.2,727,-65,21202,29.123626373626372
0.2,728,27,21229,29.12071330589849
0.2,729,38,21267,29.132876712328766
0.2,730,26,21293,29.12859097127223
0.2,731,-45,21248,29.027322404371585
0.2,732,91,21339,29.1118690313779
0.2,733,41,21380,29.12806539509537
0.2,734,-52,21328,29.017687074829933
0.2,735,85,21413,29.09375
0.2,736,-26,21387,29.01899592944369
0.2,737,-3,21384,28.975609756097562
0.2,738,88,21472,29.055480378890394
0.2,739,92,21564,29.14054054054054
0.2,740,88,21652,29.219973009446694
0.2,741,-10,21642,29.16711590296496
0.2,742,5,21647,29.13458950201884
0.2,743,43,21690,29.153225806451612
0.2,744,63,21753,29.198657718120806
0.2,745,68,21821,29.250670241286862
0.2,746,12,21833,29.227576974564926
0.2,747,86,21919,29.303475935828878
0.2,748,55,21974,29.337783711615486
0.2,749,75,22049,29.398666666666667
0.2,750,76,22125,29.460719041278296
0.2,751,69,22194,29.513297872340427
0.2,752,80,22274,29.58034528552457
0.2,753,-130,22144,29.368700265251988
0.2,754,41,22185,29.3841059602649
0.2,755,83,22268,29.455026455026456
0.2,756,-45,22223,29.35667107001321
0.2,757,69,22292,29.408970976253297
0.2,758,81,22373,29.476943346508563
0.2,759,75,22448,29.53684210526316
0.2,760,56,22504,29.57161629434954
0.2,761,60,22564,29.611548556430446
0.2,762,55,22619,29.644823066841415
0.2,763,38,22657,29.655759162303664
0.2,764,0,22657,29.61699346405229
0.2,765,25,22682,29.610966057441253
0.2,766,17,22699,29.59452411994785
0.2,767,-33,22666,29.513020833333332
0.2,768,29,22695,29.512353706111835
0.2,769,-67,22628,29.387012987012987
0.2,770,38,22666,29.39818417639429
0.2,771,-2,22664,29.357512953367877
0.2,772,1,22665,29.320827943078914
0.2,773,71,22736,29.37467700258398
0.2,774,4,22740,29.34193548387097
0.2,775,87,22827,29.41623711340206
0.2,776,-70,22757,29.28828828828829
0.2,777,-141,22616,29.069408740359897
0.2,778,-189,22427,28.789473684210527
0.2,779,80,22507,28.855128205128207
0.2,780,71,22578,28.90909090909091
0.2,781,94,22672,28.9923273657289
0.2,782,91,22763,29.071519795657725
0.2,783,87,22850,29.145408163265305
0.2,784,-22,22828,29.080254777070063
0.2,785,84,22912,29.150127226463106
0.2,786,77,22989,29.21092757306226
0.2,787,79,23068,29.274111675126903
0.2,788,74,23142,29.330798479087452
0.2,789,94,23236,29.4126582278481
0.2,790,91,23327,29.490518331226294
0.2,791,79,23406,29.553030303030305
0.2,792,7,23413,29.524590163934427
0.2,793,-26,23387,29.454659949622165
0.2,794,88,23475,29.528301886792452
0.2,795,19,23494,29.515075376884422
0.2,796,-51,23443,29.41405269761606
0.2,797,76,23519,29.472431077694235
0.2,798,58,23577,29.5081351689612
0.2,799,42,23619,29.52375
0.2,800,94,23713,29.604244694132333
0.2,801,94,23807,29.684538653366584
0.2,802,-125,23682,29.491905354919055
0.2,803,85,23767,29.56094527363184
0.2,804,94,23861,29.640993788819877
0.2,805,88,23949,29.713399503722083
0.2,806,-105,23844,29.54646840148699
0.2,807,57,23901,29.580445544554454
0.2,808,-12,23889,29.52904820766378
0.2,809,81,23970,29.59259259259259
0.2,810,70,24040,29.642416769420468
0.2,811,75,24115,29.698275862068964
0.2,812,70,24185,29.747847478474785
0.2,813,76,24261,29.804668304668304
0.2,814,-87,24174,29.661349693251534
0.2,815,92,24266,29.737745098039216
0.2,816,56,24322,29.769889840881273
0.2,817,47,24369,29.790953545232274
0.2,818,43,24412,29.807081807081808
0.2,819,88,24500,29.878048780487806
0.2,820,83,24583,29.94275274056029
0.2,821,44,24627,29.95985401459854
0.2,822,94,24721,30.037667071688944
0.2,823,91,24812,30.111650485436893
0.2,824,-53,24759,30.01090909090909
0.2,825,39,24798,30.02179176755448
0.2,826,94,24892,30.099153567110037
0.2,827,59,24951,30.134057971014492
0.2,828,18,24969,30.119420989143546
0.2,829,85,25054,30.185542168674697
0.2,830,29,25083,30.184115523465703
0.2,831,63,25146,30.223557692307693
0.2,832,68,25214,30.26890756302521
0.2,833,90,25304,30.34052757793765
0.2,834,84,25388,30.404790419161678
0.2,835,-51,25337,30.307416267942585
0.2,836,16,25353,30.29032258064516
0.2,837,16,25369,30.27326968973747
0.2,838,58,25427,30.30631704410012
0.2,839,-59,25368,30.2
0.2,840,84,25452,30.26397146254459
0.2,841,-93,25359,30.117577197149643
0.2,842,90,25449,30.18861209964413
0.2,843,13,25462,30.16824644549763
0.2,844,22,25484,30.158579881656806
0.2,845,56,25540,30.189125295508273
0.2,846,72,25612,30.23848878394333
0.2,847,85,25697,30.30306603773585
0.2,848,-85,25612,30.167255594817433
0.2,849,-258,25354,29.828235294117647
0.2,850,-7,25347,29.784958871915393
0.2,851,78,25425,29.841549295774648
0.2,852,93,25518,29.91559202813599
0.2,853,91,25609,29.98711943793911
0.2,854,10,25619,29.963742690058478
0.2,855,67,25686,30.007009345794394
0.2,856,77,25763,30.061843640606767
0.2,857,74,25837,30.113053613053612
0.2,858,-64,25773,30.003492433061698
0.2,859,-1,25772,29.967441860465115
0.2,860,49,25821,29.989547038327526
0.2,861,84,25905,30.052204176334108
0.2,862,92,25997,30.123986095017383
0.2,863,17,26014,30.108796296296298
0.2,864,77,26091,30.163005780346822
0.2,865,-85,26006,30.03002309468822
0.2,866,-7,25999,29.98731257208766
0.2,867,89,26088,30.055299539170505
0.2,868,78,26166,30.110471806674337
0.2,869,93,26259,30.182758620689654
0.2,870,90,26349,30.251435132032146
0.2,871,-9,26340,30.206422018348626
0.2,872,-45,26295,30.120274914089347
0.2,873,54,26349,30.147597254004577
0.2,874,55,26404,30.176
0.2,875,65,26469,30.215753424657535
0.2,876,-22,26447,30.156214367160775
0.2,877,-136,26311,29.966970387243737
0.2,878,89,26400,30.034129692832764
0.2,879,82,26482,30.09318181818182
0.2,880,18,26500,30.0794551645857
0.2,881,69,26569,30.12358276643991
0.2,882,44,26613,30.13929784824462
0.2,883,88,26701,30.20475113122172
0.2,884,24,26725,30.19774011299435
0.2,885,-138,26587,30.007900677200904
0.2,886,63,26650,30.04509582863585
0.2,887,94,26744,30.117117117117118
0.2,888,28,26772,30.114735658042743
0.2,889,82,26854,30.17303370786517
0.2,890,-7,26847,30.13131313131313
0.2,891,-4,26843,30.09304932735426
0.2,892,-55,26788,29.997760358342664
0.2,893,19,26807,29.985458612975393
0.2,894,20,26827,29.974301675977653
0.2,895,91,26918,30.042410714285715
0.2,896,80,26998,30.098104793756967
0.2,897,89,27087,30.16369710467706
0.2,898,42,27129,30.17686318131257
0.2,899,-3,27126,30.14
0.2,900,93,27219,30.20976692563818
0.2,901,-3,27216,30.172949002217294
0.2,902,-211,27005,29.905869324473976
0.2,903,20,27025,29.89491150442478
0.2,904,91,27116,29.96243093922652
0.2,905,-52,27064,29.8719646799117
0.2,906,92,27156,29.940463065049613
0.2,907,-34,27122,29.870044052863435
0.2,908,5,27127,29.842684268426844
0.2,909,-22,27105,29.785714285714285
0.2,910,92,27197,29.854006586169046
0.2,911,69,27266,29.896929824561404
0.2,912,93,27359,29.96604600219058
0.2,913,41,27400,29.9781181619256
0.2,914,-45,27355,29.896174863387976
0.2,915,52,27407,29.920305676855897
0.2,916,79,27486,29.97382769901854
0.2,917,18,27504,29.96078431372549
0.2,918,92,27596,30.02829162132753
0.2,919,-174,27422,29.806521739130435
0.2,920,-161,27261,29.599348534201955
0.2,921,49,27310,29.620390455531453
0.2,922,81,27391,29.676056338028168
0.2,923,71,27462,29.72077922077922
0.2,924,33,27495,29.724324324324325
0.2,925,-10,27485,29.681425485961125
0.2,926,46,27531,29.699029126213592
0.2,927,92,27623,29.76616379310345
0.2,928,82,27705,29.822389666307856
0.2,929,-37,27668,29.7505376344086
0.2,930,-87,27581,29.62513426423201
0.2,931,-152,27429,29.430257510729614
0.2,932,82,27511,29.486602357984996
0.2,933,-200,27311,29.240899357601712
0.2,934,93,27404,29.30909090909091
0.2,935,89,27493,29.372863247863247
0.2,936,84,27577,29.431163287086445
0.2,937,-23,27554,29.375266524520256
0.2,938,-21,27533,29.321618743343983
0.2,939,68,27601,29.362765957446808
0.2,940,-10,27591,29.320935175345376
0.2,941,79,27670,29.373673036093418
0.2,942,-53,27617,29.286320254506894
0.2,943,90,27707,29.35063559322034
0.2,944,71,27778,29.394708994708996
0.2,945,54,27832,29.42071881606765
0.2,946,88,27920,29.482576557550157
0.2,947,78,27998,29.533755274261605
0.2,948,74,28072,29.580611169652265
0.2,949,86,28158,29.64
0.2,950,40,28198,29.650893796004205
0.2,951,-96,28102,29.51890756302521
0.2,952,34,28136,29.523609653725078
0.2,953,43,28179,29.537735849056602
0.2,954,-57,28122,29.44712041884817
0.2,955,89,28211,29.509414225941423
0.2,956,15,28226,29.49425287356322
0.2,957,-43,28183,29.41858037578288
0.2,958,41,28224,29.43065693430657
0.2,959,-31,28193,29.367708333333333
0.2,960,72,28265,29.41207075962539
0.2,961,94,28359,29.47920997920998
0.2,962,-118,28241,29.326064382139148
0.2,963,85,28326,29.383817427385893
0.2,964,-85,28241,29.265284974093266
0.2,965,54,28295,29.290890269151138
0.2,966,78,28373,29.341261633919338
0.2,967,27,28400,29.33884297520661
0.2,968,88,28488,29.39938080495356
0.2,969,57,28545,29.427835051546392
0.2,970,80,28625,29.479917610710608
0.2,971,-113,28512,29.333333333333332
0.2,972,94,28606,29.39979445015416
0.2,973,80,28686,29.451745379876797
0.2,974,66,28752,29.48923076923077
0.2,975,90,28842,29.55122950819672
0.2,976,-66,28776,29.453428863868986
0.2,977,-43,28733,29.379345603271982
0.2,978,-113,28620,29.23391215526047
0.2,979,70,28690,29.275510204081634
0.2,980,73,28763,29.320081549439347
0.2,981,64,28827,29.355397148676172
0.2,982,67,28894,29.393692777212614
0.2,983,61,28955,29.42581300813008
0.2,984,23,28978,29.41928934010152
0.2,985,88,29066,29.47870182555781
0.2,986,61,29127,29.51063829787234
0.2,987,5,29132,29.48582995951417
0.2,988,46,29178,29.50252780586451
0.2,989,92,29270,29.565656565656564
0.2,990,89,29359,29.625630676084764
0.2,991,-275,29084,29.318548387096776
0.2,992,-280,28804,29.007049345417926
0.2,993,76,28880,29.054325955734406
0.2,994,66,28946,29.09145728643216
0.2,995,-39,28907,29.02309236947791
0.2,996,92,28999,29.086258776328986
0.2,997,-44,28955,29.01302605210421
0.2,998,83,29038,29.067067067067068
0.2,999,-130,28908,28.908
0.2,1000,91,28999,28.97002997002997
0.2,1001,-112,28887,28.82934131736527
0.2,1002,-34,28853,28.766699900299102
0.2,1003,79,28932,28.816733067729082
0.2,1004,50,28982,28.83781094527363
0.2,1005,-15,28967,28.794234592445328
0.2,1006,67,29034,28.832174776564052
0.2,1007,76,29110,28.878968253968253
0.2,1008,86,29196,28.93557978196234
0.2,1009,47,29243,28.953465346534653
0.2,1010,78,29321,29.001978239366963
0.2,1011,-60,29261,28.91403162055336
0.2,1012,-28,29233,28.857847976307998
0.2,1013,91,29324,28.91913214990138
0.2,1014,43,29367,28.933004926108374
0.2,1015,-4,29363,28.900590551181104
0.2,1016,92,29455,28.962635201573256
0.2,1017,92,29547,29.024557956777997
0.2,1018,84,29631,29.078508341511284
0.2,1019,-265,29366,28.79019607843137
0.2,1020,-133,29233,28.631733594515183
0.2,1021,17,29250,28.620352250489237
0.2,1022,-29,29221,28.564027370478982
0.2,1023,-40,29181,28.4970703125
0.2,1024,91,29272,28.558048780487805
0.2,1025,-62,29210,28.469785575048732
0.2,1026,-190,29020,28.2570593962999
0.2,1027,81,29101,28.308365758754864
0.2,1028,-29,29072,28.252672497570458
0.2,1029,91,29163,28.313592233009707
0.2,1030,11,29174,28.296799224054315
0.2,1031,43,29217,28.311046511627907
0.2,1032,-26,29191,28.258470474346563
0.2,1033,82,29273,28.310444874274662
0.2,1034,-24,29249,28.259903381642513
0.2,1035,48,29297,28.27895752895753
0.2,1036,88,29385,28.336547733847638
0.2,1037,91,29476,28.396917148362235
0.2,1038,86,29562,28.452358036573628
0.2,1039,91,29653,28.5125
0.2,1040,71,29724,28.553314121037463
0.2,1041,66,29790,28.589251439539346
0.2,1042,-32,29758,28.53116011505273
0.2,1043,15,29773,28.518199233716476
0.2,1044,-27,29746,28.465071770334927
0.2,1045,73,29819,28.507648183556405
0.2,1046,50,29869,28.528175740210123
0.2,1047,85,29954,28.58206106870229
0.2,1048,90,30044,28.64061010486177
0.2,1049,23,30067,28.635238095238094
0.2,1050,86,30153,28.689819219790675
0.2,1051,86,30239,28.744296577946766
0.2,1052,88,30327,28.8005698005698
0.2,1053,-9,30318,28.764705882352942
0.2,1054,76,30394,28.809478672985783
0.2,1055,93,30487,28.870265151515152
0.2,1056,90,30577,28.92809839167455
0.2,1057,-31,30546,28.871455576559548
0.2,1058,93,30639,28.93201133144476
0.2,1059,88,30727,28.987735849056605
0.2,1060,83,30810,29.038642789820923
0.2,1061,13,30823,29.023540489642183
0.2,1062,39,30862,29.032925682031983
0.2,1063,84,30946,29.084586466165412
0.2,1064,46,30992,29.100469483568077
0.2,1065,59,31051,29.128517823639775
0.2,1066,-93,30958,29.014058106841613
0.2,1067,-91,30867,28.901685393258425
0.2,1068,-10,30857,28.86529466791394
0.2,1069,31,30888,28.867289719626168
0.2,1070,48,30936,28.88515406162465
0.2,1071,91,31027,28.943097014925375
0.2,1072,-57,30970,28.86300093196645
0.2,1073,-2,30968,28.834264432029794
0.2,1074,90,31058,28.891162790697674
0.2,1075,87,31145,28.945167286245354
0.2,1076,1,31146,28.919220055710305
0.2,1077,91,31237,28.976808905380334
0.2,1078,-82,31155,28.873957367933272
0.2,1079,-25,31130,28.824074074074073
0.2,1080,20,31150,28.8159111933395
0.2,1081,70,31220,28.853974121996302
0.2,1082,89,31309,28.909510618651893
0.2,1083,-22,31287,28.862546125461254
0.2,1084,94,31381,28.92258064516129
0.2,1085,82,31463,28.971454880294658
0.2,1086,89,31552,29.026678932842685
0.2,1087,76,31628,29.06985294117647
0.2,1088,-30,31598,29.01561065197429
0.2,1089,23,31621,29.010091743119265
0.2,1090,86,31707,29.062328139321725
0.2,1091,39,31746,29.071428571428573
0.2,1092,2,31748,29.04666056724611
0.2,1093,-24,31724,28.9981718464351
0.2,1094,32,31756,29.000913242009133
0.2,1095,70,31826,29.03832116788321
0.2,1096,94,31920,29.0975387420237
0.2,1097,93,32013,29.15573770491803
0.2,1098,49,32062,29.173794358507735
0.2,1099,94,32156,29.232727272727274
0.2,1100,25,32181,29.228882833787466
0.2,1101,93,32274,29.286751361161524
0.2,1102,80,32354,29.332728921124207
0.2,1103,-145,32209,29.17481884057971
0.2,1104,83,32292,29.223529411764705
0.2,1105,83,32375,29.272151898734176
0.2,1106,41,32416,29.28274616079494
0.2,1107,9,32425,29.264440433212997
0.2,1108,14,32439,29.250676284941388
0.2,1109,-115,32324,29.12072072072072
0.2,1110,-167,32157,28.944194419441946
0.2,1111,42,32199,28.95593525179856
0.2,1112,-111,32088,28.830188679245282
0.2,1113,-96,31992,28.718132854578098
0.2,1114,91,32083,28.773991031390135
0.2,1115,90,32173,28.828853046594983
0.2,1116,93,32266,28.88630259623993
0.2,1117,70,32336,28.923076923076923
0.2,1118,93,32429,28.980339588918678
0.2,1119,78,32507,29.024107142857144
0.2,1120,-46,32461,28.957181088314005
0.2,1121,64,32525,28.988413547237077
0.2,1122,-40,32485,28.926981300089047
0.2,1123,94,32579,28.984875444839858
0.2,1124,84,32663,29.03377777777778
0.2,1125,91,32754,29.088809946714033
0.2,1126,92,32846,29.14463176574978
0.2,1127,-27,32819,29.09485815602837
0.2,1128,74,32893,29.13463241806909
0.2,1129,-4,32889,29.105309734513273
0.2,1130,80,32969,29.150309460654288
0.2,1131,43,33012,29.16254416961131
0.2,1132,62,33074,29.19152691968226
0.2,1133,22,33096,29.185185185185187
0.2,1134,-16,33080,29.145374449339208
0.2,1135,58,33138,29.170774647887324
0.2,1136,28,33166,29.169744942832015
0.2,1137,24,33190,29.165202108963094
0.2,1138,69,33259,29.20017559262511
0.2,1139,53,33312,29.221052631578946
0.2,1140,-135,33177,29.077125328659072
0.2,1141,-148,33029,28.922066549912433
0.2,1142,76,33105,28.963254593175854
0.2,1143,-102,33003,28.848776223776223
0.2,1144,93,33096,28.90480349344978
0.2,1145,38,33134,28.912739965095987
0.2,1146,-214,32920,28.700959023539667
0.2,1147,72,32992,28.738675958188153
0.2,1148,71,33063,28.77545691906005
0.2,1149,68,33131,28.809565217391306
0.2,1150,91,33222,28.86359687228497
0.2,1151,39,33261,28.872395833333332
0.2,1152,61,33322,28.90026019080659
0.2,1153,77,33399,28.941941074523395
0.2,1154,16,33415,28.93073593073593
0.2,1155,87,33502,28.980968858131487
0.2,1156,73,33575,29.019014693171997
0.2,1157,-21,33554,28.97582037996546
0.2,1158,21,33575,28.968938740293357
0.2,1159,-14,33561,28.931896551724137
0.2,1160,71,33632,28.968130921619295
0.2,1161,-14,33618,28.931153184165233
0.2,1162,-91,33527,28.828030954428204
0.2,1163,-386,33141,28.471649484536083
0.2,1164,94,33235,28.527896995708154
0.2,1165,81,33316,28.572898799313894
0.2,1166,33,33349,28.57669237360754
0.2,1167,-115,33234,28.453767123287673
0.2,1168,89,33323,28.505560307955516
0.2,1169,69,33392,28.540170940170942
0.2,1170,75,33467,28.579846285226303
0.2,1171,85,33552,28.627986348122867
0.2,1172,94,33646,28.683716965046887
0.2,1173,20,33666,28.6763202725724
0.2,1174,90,33756,28.728510638297873
0.2,1175,21,33777,28.721938775510203
0.2,1176,-7,33770,28.69158878504673
0.2,1177,73,33843,28.729202037351442
0.2,1178,77,33920,28.77014418999152
0.2,1179,84,34004,28.816949152542374
0.2,1180,93,34097,28.87129551227773
0.2,1181,24,34121,28.867174280879865
0.2,1182,-8,34113,28.836010143702453
0.2,1183,94,34207,28.8910472972973
0.2,1184,94,34301,28.945991561181433
0.2,1185,56,34357,28.968802698145026
0.2,1186,82,34439,29.01347935973041
0.2,1187,56,34495,29.036195286195287
0.2,1188,78,34573,29.077375946173255
0.2,1189,94,34667,29.131932773109245
0.2,1190,29,34696,29.13182199832074
0.2,1191,1,34697,29.108221476510067
0.2,1192,-15,34682,29.07124895222129
0.2,1193,-49,34633,29.005862646566165
0.2,1194,-25,34608,28.960669456066945
0.2,1195,-45,34563,28.898829431438127
0.2,1196,60,34623,28.924812030075188
0.2,1197,77,34700,28.964941569282136
0.2,1198,23,34723,28.959966638865723
0.2,1199,86,34809,29.0075
0.2,1200,90,34899,29.058284762697753
0.2,1201,58,34957,29.08236272878536
0.2,1202,93,35050,29.13549459684123
0.2,1203,90,35140,29.186046511627907
0.2,1204,92,35232,29.23817427385892
0.2,1205,22,35254,29.23217247097844
0.2,1206,74,35328,29.269262634631318
0.2,1207,94,35422,29.322847682119207
0.2,1208,-31,35391,29.272952853598014
0.2,1209,89,35480,29.322314049586776
0.2,1210,76,35556,29.360858794384807
0.2,1211,83,35639,29.405115511551156
0.2,1212,-18,35621,29.36603462489695
0.2,1213,82,35703,29.409390444810544
0.2,1214,35,35738,29.413991769547327
0.2,1215,46,35784,29.42763157894737
0.2,1216,83,35867,29.47165160230074
0.2,1217,89,35956,29.520525451559934
0.2,1218,52,36008,29.538966365873666
0.2,1219,6,36014,29.51967213114754
0.2,1220,19,36033,29.511056511056513
0.2,1221,79,36112,29.55155482815057
0.2,1222,-62,36050,29.4766966475879
0.2,1223,61,36111,29.502450980392158
0.2,1224,68,36179,29.533877551020407
0.2,1225,15,36194,29.522022838499183
0.2,1226,91,36285,29.5721271393643
0.2,1227,-206,36079,29.38029315960912
0.2,1228,-499,35580,28.950366151342553
0.2,1229,86,35666,28.996747967479674
0.2,1230,90,35756,29.04630381803412
0.2,1231,64,35820,29.074675324675326
0.2,1232,84,35904,29.119221411192214
0.2,1233,81,35985,29.1612641815235
0.2,1234,78,36063,29.200809716599192
0.2,1235,18,36081,29.191747572815533
0.2,1236,75,36156,29.228779304769603
0.2,1237,91,36247,29.278675282714055
0.2,1238,-170,36077,29.117836965294593
0.2,1239,-119,35958,28.998387096774195
0.2,1240,-8,35950,28.968573730862207
0.2,1241,-30,35920,28.92109500805153
0.2,1242,65,35985,28.950120675784394
0.2,1243,65,36050,28.979099678456592
0.2,1244,-130,35920,28.85140562248996
0.2,1245,82,36002,28.894060995184592
0.2,1246,-90,35912,28.79871692060946
0.2,1247,84,35996,28.84294871794872
0.2,1248,-176,35820,28.67894315452362
0.2,1249,-51,35769,28.6152
0.2,1250,-23,35746,28.57394084732214
0.2,1251,0,35746,28.55111821086262
0.2,1252,69,35815,28.58339984038308
0.2,1253,86,35901,28.629186602870814
0.2,1254,42,35943,28.6398406374502
0.2,1255,79,36022,28.679936305732483
0.2,1256,32,36054,28.682577565632457
0.2,1257,-5,36049,28.655802861685213
0.2,1258,-9,36040,28.62589356632248
0.2,1259,-14,36026,28.59206349206349
0.2,1260,85,36111,28.636796193497226
0.2,1261,79,36190,28.676703645007922
0.2,1262,-48,36142,28.6159936658749
0.2,1263,92,36234,28.66613924050633
0.2,1264,-150,36084,28.52490118577075
0.2,1265,-23,36061,28.484202211690363
0.2,1266,62,36123,28.51065509076559
0.2,1267,83,36206,28.553627760252365
0.2,1268,43,36249,28.56501182033097
0.2,1269,42,36291,28.5755905511811
0.2,1270,85,36376,28.619984264358774
0.2,1271,64,36440,28.647798742138363
0.2,1272,94,36534,28.699135899450116
0.2,1273,-39,36495,28.645996860282576
0.2,1274,90,36585,28.694117647058825
0.2,1275,-13,36572,28.661442006269592
0.2,1276,-4,36568,28.635865309318717
0.2,1277,35,36603,28.640845070422536
0.2,1278,25,36628,28.63799843627834
0.2,1279,-68,36560,28.5625
0.2,1280,93,36653,28.6128024980484
0.2,1281,75,36728,28.648985959438377
0.2,1282,56,36784,28.670303975058456
0.2,1283,48,36832,28.685358255451714
0.2,1284,94,36926,28.736186770428017
0.2,1285,-148,36778,28.598755832037327
0.2,1286,84,36862,28.64180264180264
0.2,1287,81,36943,28.68245341614907
0.2,1288,22,36965,28.677269200930954
0.2,1289,88,37053,28.72325581395349
0.2,1290,-10,37043,28.693261037955075
0.2,1291,67,37110,28.722910216718265
0.2,1292,-11,37099,28.692188708430006
0.2,1293,86,37185,28.73647604327666
0.2,1294,59,37244,28.75984555984556
0.2,1295,-239,37005,28.55324074074074
0.2,1296,21,37026,28.547417116422512
0.2,1297,-203,36823,28.369029275808938
0.2,1298,91,36914,28.41724403387221
0.2,1299,70,36984,28.44923076923077
0.2,1300,55,37039,28.469638739431208
0.2,1301,-157,36882,28.327188940092167
0.2,1302,93,36975,28.376822716807368
0.2,1303,68,37043,28.407208588957054
0.2,1304,65,37108,28.435249042145593
0.2,1305,94,37202,28.485451761102603
0.2,1306,34,37236,28.48967100229533
0.2,1307,78,37314,28.527522935779817
0.2,1308,-45,37269,28.47135217723453
0.2,1309,77,37346,28.508396946564886
0.2,1310,71,37417,28.540808543096873
0.2,1311,78,37495,28.578506097560975
0.2,1312,91,37586,28.626047220106624
0.2,1313,91,37677,28.67351598173516
0.2,1314,-172,37505,28.520912547528518
0.2,1315,-128,37377,28.401975683890576
0.2,1316,46,37423,28.415337889141988
0.2,1317,25,37448,28.412746585735963
0.2,1318,91,37539,28.46019711902957
0.2,1319,9,37548,28.445454545454545
0.2,1320,30,37578,28.44663133989402
0.2,1321,-61,37517,28.37897125567322
0.2,1322,34,37551,28.383219954648528
0.2,1323,50,37601,28.399546827794563
0.2,1324,36,37637,28.405283018867923
0.2,1325,63,37700,28.431372549019606
0.2,1326,90,37790,28.47776940467219
0.2,1327,-10,37780,28.448795180722893
0.2,1328,73,37853,28.482317531978932
0.2,1329,7,37860,28.466165413533833
0.2,1330,-149,37711,28.332832456799398
0.2,1331,64,37775,28.35960960960961
0.2,1332,47,37822,28.373593398349588
0.2,1333,85,37907,28.416041979010494
0.2,1334,92,37999,28.463670411985017
0.2,1335,28,38027,28.463323353293415
0.2,1336,-133,37894,28.342557965594615
0.2,1337,94,37988,28.391629297458895
0.2,1338,80,38068,28.430171769977594
0.2,1339,-31,38037,28.38582089552239
0.2,1340,-52,37985,28.32587621178225
0.2,1341,77,38062,28.362146050670642
0.2,1342,85,38147,28.404318689501117
0.2,1343,93,38240,28.452380952380953
0.2,1344,69,38309,28.48252788104089
0.2,1345,-33,38276,28.436849925705793
0.2,1346,89,38365,28.48181143281366
0.2,1347,90,38455,28.527448071216618
0.2,1348,-162,38293,28.386212008895477
0.2,1349,-17,38276,28.352592592592593
0.2,1350,84,38360,28.39378238341969
0.2,1351,76,38436,28.428994082840237
0.2,1352,32,38468,28.43163340724316
0.2,1353,-4,38464,28.40768094534712
0.2,1354,65,38529,28.43468634686347
0.2,1355,-25,38504,28.3952802359882
0.2,1356,-178,38326,28.243183492999265
0.2,1357,92,38418,28.290132547864506
0.2,1358,1,38419,28.270051508462103
0.2,1359,94,38513,28.31838235294118
0.2,1360,90,38603,28.363703159441588
0.2,1361,19,38622,28.356828193832598
0.2,1362,-13,38609,28.32648569332355
0.2,1363,44,38653,28.337976539589445
0.2,1364,87,38740,28.38095238095238
0.2,1365,77,38817,28.416544655929723
0.2,1366,-62,38755,28.350402340892465
0.2,1367,87,38842,28.39327485380117
0.2,1368,24,38866,28.390065741417093
0.2,1369,55,38921,28.40948905109489
0.2,1370,67,38988,28.437636761487965
0.2,1371,61,39049,28.46137026239067
0.2,1372,17,39066,28.453022578295702
0.2,1373,84,39150,28.49344978165939
0.2,1374,-8,39142,28.46690909090909
0.2,1375,-40,39102,28.4171511627907
0.2,1376,20,39122,28.411038489469863
0.2,1377,-120,39002,28.3033381712627
0.2,1378,94,39096,28.35097897026831
0.2,1379,81,39177,28.389130434782608
0.2,1380,66,39243,28.416364952932657
0.2,1381,90,39333,28.460926193921853
0.2,1382,42,39375,28.470715835140997
0.2,1383,60,39435,28.49349710982659
0.2,1384,52,39487,28.510469314079423
0.2,1385,-126,39361,28.3989898989899
0.2,1386,77,39438,28.43403028118241
0.2,1387,31,39469,28.435878962536023
0.2,1388,78,39547,28.471562275017998
0.2,1389,-15,39532,28.440287769784174
0.2,1390,94,39626,28.48741912293314
0.2,1391,90,39716,28.5316091954023
0.2,1392,-279,39437,28.310839913854988
0.2,1393,-236,39201,28.121233859397417
0.2,1394,58,39259,28.142652329749104
0.2,1395,36,39295,28.148280802292263
0.2,1396,61,39356,28.171796707229777
0.2,1397,82,39438,28.21030042918455
0.2,1398,-55,39383,28.150822015725517
0.2,1399,90,39473,28.195
0.2,1400,92,39565,28.240542469664526
0.2,1401,-228,39337,28.05777460770328
0.2,1402,94,39431,28.104775481111904
0.2,1403,31,39462,28.10683760683761
0.2,1404,17,39479,28.098932384341637
0.2,1405,16,39495,28.090327169274538
0.2,1406,44,39539,28.101634683724235
0.2,1407,85,39624,28.142045454545453
0.2,1408,-53,39571,28.08445706174592
0.2,1409,89,39660,28.127659574468087
0.2,1410,8,39668,28.113394755492557
0.2,1411,94,39762,28.160056657223794
0.2,1412,-3,39759,28.138004246284503
0.2,1413,72,39831,28.16902404526167
0.2,1414,86,39917,28.209893992932862
0.2,1415,-2,39915,28.1885593220339
0.2,1416,-42,39873,28.139026111503174
0.2,1417,89,39962,28.181946403385048
0.2,1418,-26,39936,28.143763213530654
0.2,1419,18,39954,28.13661971830986
0.2,1420,79,40033,28.17241379310345
0.2,1421,80,40113,28.20886075949367
0.2,1422,27,40140,28.20801124385102
0.2,1423,73,40213,28.239466292134832
0.2,1424,77,40290,28.273684210526316
0.2,1425,31,40321,28.275596072931275
0.2,1426,63,40384,28.299929922915208
0.2,1427,-3,40381,28.278011204481793
0.2,1428,-125,40256,28.17074877536739
0.2,1429,82,40338,28.208391608391608
0.2,1430,-22,40316,28.17330538085255
0.2,1431,50,40366,28.18854748603352
0.2,1432,64,40430,28.213538032100487
0.2,1433,56,40486,28.232914923291492
0.2,1434,-48,40438,28.17979094076655
0.2,1435,84,40522,28.21866295264624
0.2,1436,87,40609,28.25956854558107
0.2,1437,93,40702,28.304589707927676
0.2,1438,58,40760,28.325225851285616
0.2,1439,9,40769,28.311805555555555
0.2,1440,93,40862,28.356696738376126
0.2,1441,67,40929,28.383495145631066
0.2,1442,58,40987,28.404019404019405
0.2,1443,38,41025,28.4106648199446
0.2,1444,79,41104,28.445674740484428
0.2,1445,62,41166,28.46887966804979
0.2,1446,81,41247,28.505183137525915
0.2,1447,34,41281,28.508977900552487
0.2,1448,82,41363,28.545893719806763
0.2,1449,47,41410,28.55862068965517
0.2,1450,20,41430,28.55272226050999
0.2,1451,67,41497,28.579201101928376
0.2,1452,47,41544,28.591878871300757
0.2,1453,84,41628,28.629986244841817
0.2,1454,44,41672,28.640549828178695
0.2,1455,12,41684,28.62912087912088
0.2,1456,91,41775,28.671928620452984
0.2,1457,-26,41749,28.634430727023318
0.2,1458,86,41835,28.673749143248802
0.2,1459,82,41917,28.71027397260274
0.2,1460,85,42002,28.748802190280628
0.2,1461,-98,41904,28.662106703146375
0.2,1462,55,41959,28.68010936431989
0.2,1463,84,42043,28.717896174863387
0.2,1464,-283,41760,28.505119453924916
0.2,1465,92,41852,28.548431105047747
0.2,1466,7,41859,28.533742331288344
0.2,1467,45,41904,28.544959128065393
0.2,1468,-60,41844,28.484683458134786
0.2,1469,-239,41605,28.302721088435373
0.2,1470,76,41681,28.33514615907546
0.2,1471,84,41765,28.37296195652174
0.2,1472,58,41823,28.39307535641548
0.2,1473,20,41843,28.387381275440976
0.2,1474,-191,41652,28.23864406779661
0.2,1475,-269,41383,28.037262872628727
0.2,1476,11,41394,28.025727826675695
0.2,1477,7,41401,28.01150202976996
0.2,1478,65,41466,28.036511156186613
0.2,1479,91,41557,28.079054054054055
0.2,1480,-1,41556,28.059419311276166
0.2,1481,-35,41521,28.016869095816464
0.2,1482,89,41610,28.05799055967633
0.2,1483,17,41627,28.05053908355795
0.2,1484,69,41696,28.07811447811448
0.2,1485,58,41754,28.098250336473754
0.2,1486,-154,41600,27.97579018157364
0.2,1487,41,41641,27.984543010752688
0.2,1488,94,41735,28.02887844190732
0.2,1489,92,41827,28.071812080536912
0.2,1490,-5,41822,28.049631120053654
0.2,1491,54,41876,28.067024128686327
0.2,1492,4,41880,28.050904219691894
0.2,1493,-135,41745,27.94176706827309
0.2,1494,83,41828,27.978595317725752
0.2,1495,87,41915,28.018048128342247
0.2,1496,70,41985,28.04609218436874
0.2,1497,93,42078,28.089452603471294
0.2,1498,-9,42069,28.064709806537692
0.2,1499,3,42072,28.048
0.2,1500,-4,42068,28.026648900732845
0.2,1501,29,42097,28.02729693741678
0.2,1502,13,42110,28.01729873586161
0.2,1503,92,42202,28.059840425531913
0.2,1504,61,42263,28.08172757475083
0.2,1505,7,42270,28.067729083665338
0.2,1506,44,42314,28.07830126078301
0.2,1507,64,42378,28.102122015915118
0.2,1508,78,42456,28.135188866799204
0.2,1509,-35,42421,28.09337748344371
0.2,1510,69,42490,28.12045003309067
0.2,1511,-3,42487,28.099867724867725
0.2,1512,87,42574,28.138797091870455
0.2,1513,92,42666,28.180977542932627
0.2,1514,80,42746,28.215181518151816
0.2,1515,92,42838,28.257255936675463
0.2,1516,75,42913,28.28806855636124
0.2,1517,-33,42880,28.247694334650856
0.2,1518,91,42971,28.289005924950626
0.2,1519,9,42980,28.276315789473685
0.2,1520,-82,42898,28.20381328073636
0.2,1521,91,42989,28.245072273324574
0.2,1522,76,43065,28.276428102429417
0.2,1523,20,43085,28.270997375328083
0.2,1524,44,43129,28.281311475409836
0.2,1525,15,43144,28.272608125819136
0.2,1526,52,43196,28.28814669286182
0.2,1527,92,43288,28.329842931937172
0.2,1528,-46,43242,28.2812295618051
0.2,1529,89,43331,28.32091503267974
0.2,1530,92,43423,28.362508164598303
0.2,1531,73,43496,28.39164490861619
0.2,1532,-70,43426,28.327462491846052
0.2,1533,80,43506,28.36114732724902
0.2,1534,79,43585,28.39413680781759
0.2,1535,46,43631,28.405598958333332
0.2,1536,92,43723,28.4469746258946
0.2,1537,63,43786,28.469440832249674
0.2,1538,-28,43758,28.432748538011698
0.2,1539,69,43827,28.45909090909091
0.2,1540,75,43902,28.489292667099285
0.2,1541,81,43983,28.523346303501945
0.2,1542,24,44007,28.52041477640959
0.2,1543,-27,43980,28.484455958549223
0.2,1544,22,44002,28.480258899676375
0.2,1545,-25,43977,28.445666235446314
0.2,1546,-8,43969,28.422107304460244
0.2,1547,-110,43859,28.33268733850129
0.2,1548,-28,43831,28.296320206584895
0.2,1549,48,43879,28.309032258064516
0.2,1550,37,43916,28.314635718891036
0.2,1551,16,43932,28.306701030927837
0.2,1552,-94,43838,28.22794591113973
0.2,1553,-110,43728,28.138996138996138
0.2,1554,39,43767,28.1459807073955
0.2,1555,88,43855,28.184447300771208
0.2,1556,46,43901,28.195889531149646
0.2,1557,44,43945,28.206033376123234
0.2,1558,63,44008,28.228351507376523
0.2,1559,48,44056,28.24102564102564
0.2,1560,11,44067,28.22998078155029
0.2,1561,50,44117,28.243918053777207
0.2,1562,-10,44107,28.219449776071656
0.2,1563,22,44129,28.215473145780052
0.2,1564,82,44211,28.249840255591053
0.2,1565,85,44296,28.286079182630907
0.2,1566,13,44309,28.27632418634333
0.2,1567,-11,44298,28.25127551020408
0.2,1568,67,44365,28.275971956660293
0.2,1569,47,44412,28.287898089171975
0.2,1570,94,44506,28.329726288987906
0.2,1571,38,44544,28.33587786259542
0.2,1572,3,44547,28.319771137952955
0.2,1573,-65,44482,28.260482846251588
0.2,1574,24,44506,28.25777777777778
0.2,1575,-56,44450,28.20431472081218
0.2,1576,91,44541,28.24413443246671
0.2,1577,67,44608,28.268694550063373
0.2,1578,73,44681,28.297023432552248
0.2,1579,-88,44593,28.223417721518988
0.2,1580,-53,44540,28.172043010752688
0.2,1581,64,44604,28.194690265486727
0.2,1582,46,44650,28.205938092229943
0.2,1583,33,44683,28.208964646464647
0.2,1584,-47,44636,28.161514195583596
0.2,1585,47,44683,28.173392181588902
0.2,1586,8,44691,28.160680529300567
0.2,1587,92,44783,28.20088161209068
0.2,1588,39,44822,28.207677784770297
0.2,1589,66,44888,28.231446540880505
0.2,1590,-61,44827,28.175361407919546
0.2,1591,69,44896,28.201005025125628
0.2,1592,-30,44866,28.164469554300062
0.2,1593,92,44958,28.204516938519447
0.2,1594,-111,44847,28.117241379310343
0.2,1595,-63,44784,28.06015037593985
0.2,1596,-54,44730,28.008766437069504
0.2,1597,-121,44609,27.91551939924906
0.2,1598,-48,44561,27.868042526579114
0.2,1599,92,44653,27.908125
0.2,1600,-81,44572,27.840099937539037
0.2,1601,-82,44490,27.771535580524343
0.2,1602,-3,44487,27.752339363693075
0.2,1603,-61,44426,27.697007481296758
0.2,1604,-34,44392,27.658566978193146
0.2,1605,-42,44350,27.615193026151932
0.2,1606,72,44422,27.64281269446173
0.2,1607,-7,44415,27.621268656716417
0.2,1608,-3,44412,27.602237414543193
0.2,1609,72,44484,27.629813664596274
0.2,1610,92,44576,27.669770328988207
0.2,1611,92,44668,27.70967741935484
0.2,1612,68,44736,27.734655920644762
0.2,1613,82,44818,27.76827757125155
0.2,1614,81,44899,27.80123839009288
0.2,1615,52,44951,27.816212871287128
0.2,1616,63,45014,27.837971552257265
0.2,1617,-17,44997,27.810259579728058
0.2,1618,92,45089,27.84990735021618
0.2,1619,85,45174,27.885185185185186
0.2,1620,-114,45060,27.797655768044418
0.2,1621,94,45154,27.838471023427868
0.2,1622,93,45247,27.878619839802834
0.2,1623,34,45281,27.882389162561577
0.2,1624,55,45336,27.899076923076922
0.2,1625,-49,45287,27.851783517835177
0.2,1626,-41,45246,27.809465273509527
0.2,1627,-74,45172,27.74692874692875
0.2,1628,92,45264,27.78637200736648
0.2,1629,90,45354,27.824539877300612
0.2,1630,-43,45311,27.781115879828327
0.2,1631,59,45370,27.800245098039216
0.2,1632,94,45464,27.840783833435395
0.2,1633,-62,45402,27.78580171358629
0.2,1634,26,45428,27.784709480122324
0.2,1635,92,45520,27.8239608801956
0.2,1636,-11,45509,27.80024434941967
0.2,1637,-224,45285,27.646520146520146
0.2,1638,93,45378,27.68639414276998
0.2,1639,74,45452,27.714634146341464
0.2,1640,61,45513,27.734917733089578
0.2,1641,86,45599,27.770401948842874
0.2,1642,62,45661,27.79123554473524
0.2,1643,71,45732,27.817518248175183
0.2,1644,94,45826,27.85775075987842
0.2,1645,-133,45693,27.760024301336575
0.2,1646,67,45760,27.783849423193686
0.2,1647,79,45839,27.81492718446602
0.2,1648,86,45925,27.850212249848393
0.2,1649,-62,45863,27.795757575757577
0.2,1650,50,45913,27.809206541490006
0.2,1651,64,45977,27.831113801452783
0.2,1652,86,46063,27.866303690260132
0.2,1653,-25,46038,27.834340991535672
0.2,1654,-96,45942,27.7595166163142
0.2,1655,78,46020,27.78985507246377
0.2,1656,19,46039,27.784550392275197
0.2,1657,-27,46012,27.751507840772014
0.2,1658,-105,45907,27.671488848704037
0.2,1659,-71,45836,27.612048192771084
0.2,1660,91,45927,27.650210716435883
0.2,1661,86,46013,27.68531889290012
0.2,1662,18,46031,27.67949488875526
0.2,1663,-72,45959,27.619591346153847
0.2,1664,-37,45922,27.58078078078078
0.2,1665,87,46009,27.616446578631454
0.2,1666,-250,45759,27.4499100179964
0.2,1667,-77,45682,27.387290167865707
0.2,1668,49,45731,27.400239664469744
0.2,1669,89,45820,27.437125748502993
0.2,1670,92,45912,27.475763016157988
0.2,1671,52,45964,27.49043062200957
0.2,1672,85,46049,27.52480573819486
0.2,1673,82,46131,27.557347670250895
0.2,1674,59,46190,27.576119402985075
0.2,1675,13,46203,27.567422434367543
0.2,1676,-139,46064,27.46809779367919
0.2,1677,90,46154,27.505363528009536
0.2,1678,62,46216,27.525908278737344
0.2,1679,65,46281,27.548214285714284
0.2,1680,79,46360,27.57882212968471
0.2,1681,83,46443,27.61177170035672
0.2,1682,-6,46437,27.59180035650624
0.2,1683,70,46507,27.616983372921617
0.2,1684,-116,46391,27.531750741839762
0.2,1685,66,46457,27.554567022538553
0.2,1686,72,46529,27.58091286307054
0.2,1687,81,46610,27.612559241706162
0.2,1688,87,46697,27.647720544701006
0.2,1689,-42,46655,27.606508875739646
0.2,1690,44,46699,27.61620342992312
0.2,1691,88,46787,27.65189125295508
0.2,1692,87,46874,27.686946249261666
0.2,1693,60,46934,27.706021251475796
0.2,1694,-37,46897,27.667846607669617
0.2,1695,-86,46811,27.600825471698112
0.2,1696,85,46896,27.63464938126105
0.2,1697,56,46952,27.651354534746762
0.2,1698,85,47037,27.68510888758093
0.2,1699,64,47101,27.706470588235295
0.2,1700,-95,47006,27.634332745443857
0.2,1701,50,47056,27.64747356051704
0.2,1702,46,47102,27.658250146799766
0.2,1703,62,47164,27.678403755868544
0.2,1704,22,47186,27.675073313782992
0.2,1705,35,47221,27.67936694021102
0.2,1706,47,47268,27.690685413005273
0.2,1707,94,47362,27.729508196721312
0.2,1708,79,47441,27.759508484493857
0.2,1709,94,47535,27.79824561403509
0.2,1710,-20,47515,27.77030976037405
0.2,1711,-16,47499,27.744742990654206
0.2,1712,1,47500,27.72913018096906
0.2,1713,93,47593,27.767211201866978
0.2,1714,58,47651,27.784839650145774
0.2,1715,9,47660,27.773892773892776
0.2,1716,81,47741,27.804892253931275
0.2,1717,56,47797,27.821303841676368
0.2,1718,93,47890,27.859220477021523
0.2,1719,91,47981,27.89593023255814
0.2,1720,-94,47887,27.825101685066823
0.2,1721,-90,47797,27.756678281068524
0.2,1722,10,47807,27.746372605919905
0.2,1723,-31,47776,27.7122969837587
0.2,1724,93,47869,27.750144927536233
0.2,1725,36,47905,27.75492468134415
0.2,1726,91,47996,27.79154603358425
0.2,1727,70,48066,27.81597222222222
0.2,1728,91,48157,27.852515905147484
0.2,1729,85,48242,27.885549132947975
0.2,1730,80,48322,27.9156556903524
0.2,1731,73,48395,27.941685912240185
0.2,1732,-366,48029,27.714368147720716
0.2,1733,1,48030,27.698961937716263
0.2,1734,85,48115,27.73198847262248
0.2,1735,-33,48082,27.697004608294932
0.2,1736,87,48169,27.731145653425447
0.2,1737,67,48236,27.75373993095512
0.2,1738,-262,47974,27.587119033927543
0.2,1739,59,48033,27.605172413793102
0.2,1740,68,48101,27.62837449741528
0.2,1741,14,48115,27.620551090700346
0.2,1742,32,48147,27.623063683304647
0.2,1743,-355,47792,27.40366972477064
0.2,1744,-21,47771,27.37593123209169
0.2,1745,88,47859,27.4106529209622
0.2,1746,79,47938,27.440183171150544
0.2,1747,-91,47847,27.372425629290618
0.2,1748,77,47924,27.40080045740423
0.2,1749,30,47954,27.402285714285714
0.2,1750,32,47986,27.40491147915477
0.2,1751,9,47995,27.394406392694062
0.2,1752,-15,47980,27.370222475755845
0.2,1753,87,48067,27.404218928164195
0.2,1754,93,48160,27.441595441595442
0.2,1755,86,48246,27.4749430523918
0.2,1756,23,48269,27.472396129766647
0.2,1757,63,48332,27.492605233219567
0.2,1758,-53,48279,27.446844798180784
0.2,1759,53,48332,27.461363636363636
0.2,1760,20,48352,27.457126632595116
0.2,1761,34,48386,27.46083995459705
0.2,1762,56,48442,27.47702779353375
0.2,1763,86,48528,27.510204081632654
0.2,1764,93,48621,27.54730878186969
0.2,1765,94,48715,27.58493771234428
0.2,1766,73,48788,27.61063950198076
0.2,1767,94,48882,27.648190045248867
0.2,1768,83,48965,27.679479932165066
0.2,1769,18,48983,27.67401129943503
0.2,1770,-6,48977,27.654997176736305
0.2,1771,-136,48841,27.562641083521445
0.2,1772,-39,48802,27.525098702763678
0.2,1773,38,48840,27.531003382187148
0.2,1774,46,48886,27.541408450704225
0.2,1775,4,48890,27.528153153153152
0.2,1776,86,48976,27.56105796285875
0.2,1777,50,49026,27.573678290213724
0.2,1778,-28,48998,27.542439572793704
0.2,1779,90,49088,27.57752808988764
0.2,1780,23,49111,27.574957888826503
0.2,1781,90,49201,27.60998877665544
0.2,1782,-7,49194,27.590577678070666
0.2,1783,83,49277,27.621636771300448
0.2,1784,68,49345,27.644257703081234
0.2,1785,92,49437,27.680291153415453
0.2,1786,36,49473,27.684946838276442
0.2,1787,3,49476,27.671140939597315
0.2,1788,71,49547,27.695360536612633
0.2,1789,15,49562,27.68826815642458
0.2,1790,52,49614,27.701842546063652
0.2,1791,45,49659,27.711495535714285
0.2,1792,72,49731,27.736196319018404
0.2,1793,-107,49624,27.661092530657747
0.2,1794,79,49703,27.689693593314765
0.2,1795,-25,49678,27.660356347438753
0.2,1796,86,49764,27.69282136894825
0.2,1797,9,49773,27.68242491657397
0.2,1798,-4,49769,27.664813785436355
0.2,1799,45,49814,27.674444444444443
0.2,1800,86,49900,27.70682953914492
0.2,1801,70,49970,27.730299667036626
0.2,1802,-41,49929,27.692179700499167
0.2,1803,76,50005,27.718957871396896
0.2,1804,42,50047,27.726869806094182
0.2,1805,83,50130,27.757475083056477
0.2,1806,-179,49951,27.64305478693968
0.2,1807,77,50028,27.670353982300885
0.2,1808,86,50114,27.70259812050857
0.2,1809,90,50204,27.737016574585635
0.2,1810,68,50272,27.759249033683048
0.2,1811,29,50301,27.759933774834437
0.2,1812,-1,50300,27.74407060121346
0.2,1813,76,50376,27.770672546857774
0.2,1814,79,50455,27.798898071625345
0.2,1815,-22,50433,27.77147577092511
0.2,1816,86,50519,27.803522289488168
0.2,1817,82,50601,27.833333333333332
0.2,1818,45,50646,27.842770753161076
0.2,1819,5,50651,27.83021978021978
0.2,1820,92,50743,27.86545853926414
0.2,1821,0,50743,27.850164654226123
0.2,1822,84,50827,27.880965441579814
0.2,1823,75,50902,27.906798245614034
0.2,1824,-94,50808,27.84
0.2,1825,-14,50794,27.817086527929902
0.2,1826,78,50872,27.84455391351943
0.2,1827,85,50957,27.87582056892779
0.2,1828,88,51045,27.90869327501367
0.2,1829,1,51046,27.893989071038252
0.2,1830,-37,51009,27.858547241944294
0.2,1831,-4,51005,27.841157205240176
0.2,1832,93,51098,27.876704855428258
0.2,1833,13,51111,27.868593238822246
0.2,1834,80,51191,27.89700272479564
0.2,1835,67,51258,27.91830065359477
0.2,1836,74,51332,27.943385955362004
0.2,1837,58,51390,27.95973884657236
0.2,1838,80,51470,27.988036976617728
0.2,1839,86,51556,28.019565217391303
0.2,1840,91,51647,28.053775122216187
0.2,1841,52,51699,28.066775244299674
0.2,1842,94,51793,28.10255018990776
0.2,1843,-166,51627,27.997288503253795
0.2,1844,78,51705,28.024390243902438
0.2,1845,-2,51703,28.008125677139763
0.2,1846,83,51786,28.037899296155928
0.2,1847,90,51876,28.071428571428573
0.2,1848,-39,51837,28.035154137371553
0.2,1849,34,51871,28.03837837837838
0.2,1850,93,51964,28.073473797947056
0.2,1851,56,52020,28.088552915766737
0.2,1852,34,52054,28.091743119266056
0.2,1853,-65,51989,28.041531823085222
0.2,1854,-72,51917,27.987601078167117
0.2,1855,-9,51908,27.967672413793103
0.2,1856,17,51925,27.961766289714593
0.2,1857,71,51996,27.984930032292787
0.2,1858,-38,51958,27.94943518020441
0.2,1859,89,52047,27.982258064516127
0.2,1860,93,52140,28.01719505642128
0.2,1861,56,52196,28.03222341568206
0.2,1862,23,52219,28.029522275899087
0.2,1863,86,52305,28.060622317596568
0.2,1864,-117,52188,27.9828418230563
0.2,1865,94,52282,28.018220793140408
0.2,1866,-134,52148,27.93144081414033
0.2,1867,8,52156,27.920770877944324
0.2,1868,44,52200,27.929373996789728
0.2,1869,84,52284,27.959358288770055
0.2,1870,-24,52260,27.931587386424372
0.2,1871,10,52270,27.92200854700855
0.2,1872,75,52345,27.947143619861187
0.2,1873,57,52402,27.96264674493063
0.2,1874,80,52482,27.9904
0.2,1875,-75,52407,27.93550106609808
0.2,1876,61,52468,27.953116675546084
0.2,1877,48,52516,27.963791267305645
0.2,1878,92,52608,27.99787120808941
0.2,1879,79,52687,28.025
0.2,1880,-139,52548,27.936204146730464
0.2,1881,-27,52521,27.90701381509033
0.2,1882,-92,52429,27.84333510355815
0.2,1883,49,52478,27.85456475583864
0.2,1884,87,52565,27.885941644562333
0.2,1885,-14,52551,27.86373276776246
0.2,1886,55,52606,27.878113407525174
0.2,1887,-19,52587,27.853283898305083
0.2,1888,70,52657,27.875595553202754
0.2,1889,-151,52506,27.78095238095238
0.2,1890,62,52568,27.799048122686408
0.2,1891,90,52658,27.831923890063425
0.2,1892,90,52748,27.864764923402007
0.2,1893,93,52841,27.899155227032736
0.2,1894,-93,52748,27.835356200527706
0.2,1895,12,52760,27.827004219409282
0.2,1896,-15,52745,27.804428044280442
0.2,1897,-92,52653,27.74130663856691
0.2,1898,-3,52650,27.725118483412324
0.2,1899,59,52709,27.74157894736842
0.2,1900,47,52756,27.751709626512362
0.2,1901,-134,52622,27.666666666666668
0.2,1902,-115,52507,27.59169732002102
0.2,1903,68,52575,27.612920168067227
0.2,1904,84,52659,27.64251968503937
0.2,1905,20,52679,27.638509968520463
0.2,1906,94,52773,27.673308862087048
0.2,1907,93,52866,27.70754716981132
0.2,1908,82,52948,27.73598742797276
0.2,1909,81,53029,27.763874345549738
0.2,1910,-74,52955,27.71062271062271
0.2,1911,4,52959,27.698221757322177
0.2,1912,36,52995,27.702561421850497
0.2,1913,-18,52977,27.678683385579937
0.2,1914,88,53065,27.710182767624023
0.2,1915,92,53157,27.743736951983298
0.2,1916,94,53251,27.77829942618675
0.2,1917,90,53341,27.810740354535977
0.2,1918,-276,53065,27.652423137050548
0.2,1919,-7,53058,27.634375
0.2,1920,94,53152,27.668922436231128
0.2,1921,87,53239,27.699791883454736
0.2,1922,80,53319,27.726989079563182
0.2,1923,75,53394,27.75155925155925
0.2,1924,-89,53305,27.69090909090909
0.2,1925,80,53385,27.718068535825545
0.2,1926,10,53395,27.70887389724961
0.2,1927,11,53406,27.70020746887967
0.2,1928,42,53448,27.707620528771383
0.2,1929,11,53459,27.698963730569947
0.2,1930,-5,53454,27.682030036250648
0.2,1931,63,53517,27.700310559006212
0.2,1932,23,53540,27.697878944645627
0.2,1933,94,53634,27.73216132368149
0.2,1934,45,53679,27.74108527131783
0.2,1935,17,53696,27.735537190082646
0.2,1936,14,53710,27.728446050593703
0.2,1937,90,53800,27.760577915376675
0.2,1938,-102,53698,27.693656523981435
0.2,1939,81,53779,27.721134020618557
0.2,1940,66,53845,27.740855229263268
0.2,1941,84,53929,27.76982492276004
0.2,1942,42,53971,27.777148739063303
0.2,1943,-19,53952,27.753086419753085
0.2,1944,12,53964,27.744987146529564
0.2,1945,88,54052,27.775950668036998
0.2,1946,-141,53911,27.689265536723163
0.2,1947,-265,53646,27.539014373716633
0.2,1948,70,53716,27.560800410466907
0.2,1949,-145,53571,27.47230769230769
0.2,1950,91,53662,27.504869297796002
0.2,1951,70,53732,27.526639344262296
0.2,1952,84,53816,27.555555555555557
0.2,1953,81,53897,27.58290685772774
0.2,1954,-55,53842,27.54066496163683
0.2,1955,62,53904,27.558282208588956
0.2,1956,-6,53898,27.541134389371486
0.2,1957,-78,53820,27.48723186925434
0.2,1958,-35,53785,27.45533435426238
0.2,1959,-111,53674,27.38469387755102
0.2,1960,-26,53648,27.357470678225397
0.2,1961,-200,53448,27.24159021406728
0.2,1962,89,53537,27.2730514518594
0.2,1963,75,53612,27.29735234215886
0.2,1964,90,53702,27.329262086513996
0.2,1965,-173,53529,27.22736520854527
0.2,1966,61,53590,27.244534824606
0.2,1967,-22,53568,27.21951219512195
0.2,1968,94,53662,27.2534281361097
0.2,1969,85,53747,27.282741116751268
0.2,1970,91,53838,27.315068493150687
0.2,1971,-9,53829,27.296653144016226
0.2,1972,51,53880,27.30866700456158
0.2,1973,95,53975,27.342958459979737
0.2,1974,85,54060,27.372151898734177
0.2,1975,51,54111,27.38410931174089
0.2,1976,13,54124,27.37683358624178
0.2,1977,82,54206,27.404448938321536
0.2,1978,83,54289,27.43254168772107
0.2,1979,77,54366,27.457575757575757
0.2,1980,74,54440,27.481070166582533
0.2,1981,95,54535,27.515136226034308
0.2,1982,84,54619,27.54362077660111
0.2,1983,87,54706,27.57358870967742
0.2,1984,60,54766,27.58992443324937
0.2,1985,81,54847,27.61681772406848
0.2,1986,74,54921,27.640161046804227
0.2,1987,84,55005,27.66851106639839
0.2,1988,31,55036,27.6701860231272
0.2,1989,-89,54947,27.611557788944722
0.2,1990,76,55023,27.635861376192867
0.2,1991,35,55058,27.639558232931726
0.2,1992,47,55105,27.649272453587557
0.2,1993,85,55190,27.67803410230692
0.2,1994,-106,55084,27.611027568922307
0.2,1995,30,55114,27.612224448897795
0.2,1996,23,55137,27.60991487230846
0.2,1997,-85,55052,27.553553553553552
0.2,1998,92,55144,27.585792896448226
0.2,1999,71,55215,27.6075
0.2,2000,82,55297,27.634682658670666
0.2,2001,-143,55154,27.54945054945055
0.2,2002,93,55247,27.582126809785322
0.2,2003,26,55273,27.581337325349303
0.2,2004,-79,55194,27.528179551122193
0.2,2005,66,55260,27.547357926221338
0.2,2006,77,55337,27.571998006975587
0.2,2007,84,55421,27.600099601593627
0.2,2008,36,55457,27.604280736684917
0.2,2009,21,55478,27.600995024875623
0.2,2010,64,55542,27.619094977623075
0.2,2011,85,55627,27.64761431411531
0.2,2012,80,55707,27.673621460506705
0.2,2013,83,55790,27.701092353525322
0.2,2014,59,55849,27.716625310173697
0.2,2015,-16,55833,27.694940476190474
0.2,2016,27,55860,27.694595934556272
0.2,2017,65,55925,27.713082259663032
0.2,2018,65,55990,27.731550272412086
0.2,2019,51,56041,27.743069306930693
0.2,2020,50,56091,27.754082137555667
0.2,2021,-36,56055,27.722551928783382
0.2,2022,-152,55903,27.633712308452793
0.2,2023,94,55997,27.666501976284586
0.2,2024,61,56058,27.682962962962964
0.2,2025,58,56116,27.69792694965449
0.2,2026,-83,56033,27.643315244203254
0.2,2027,55,56088,27.65680473372781
0.2,2028,78,56166,27.681616559881714
0.2,2029,26,56192,27.680788177339902
0.2,2030,80,56272,27.70654849827671
0.2,2031,19,56291,27.70226377952756
0.2,2032,14,56305,27.695523856369896
0.2,2033,84,56389,27.72320550639135
0.2,2034,20,56409,27.71941031941032
0.2,2035,7,56416,27.709233791748527
0.2,2036,93,56509,27.741286205203732
0.2,2037,6,56515,27.7306182531894
0.2,2038,79,56594,27.75576262873958
0.2,2039,73,56667,27.777941176470588
0.2,2040,47,56714,27.78735913767761
0.2,2041,85,56799,27.81537708129285
0.2,2042,-17,56782,27.79344101811062
0.2,2043,92,56874,27.82485322896282
0.2,2044,64,56938,27.842542787286064
0.2,2045,47,56985,27.85190615835777
0.2,2046,-69,56916,27.804592085979483
0.2,2047,80,56996,27.830078125
0.2,2048,16,57012,27.824304538799414
0.2,2049,55,57067,27.837560975609755
0.2,2050,3,57070,27.825450999512434
0.2,2051,78,57148,27.84990253411306
0.2,2052,92,57240,27.88114953726254
0.2,2053,25,57265,27.879746835443036
0.2,2054,42,57307,27.88661800486618
0.2,2055,50,57357,27.89737354085603
0.2,2056,92,57449,27.928536703937773
0.2,2057,79,57528,27.9533527696793
0.2,2058,89,57617,27.98300145701797
0.2,2059,-17,57600,27.961165048543688
0.2,2060,83,57683,27.987869966035905
0.2,2061,67,57750,28.006789524733268
0.2,2062,83,57833,28.03344643722734
0.2,2063,2,57835,28.020833333333332
0.2,2064,-169,57666,27.92542372881356
0.2,2065,75,57741,27.948209099709583
0.2,2066,47,57788,27.957426221577165
0.2,2067,93,57881,27.988878143133462
0.2,2068,-127,57754,27.913968100531658
0.2,2069,50,57804,27.92463768115942
0.2,2070,30,57834,27.92563978754225
0.2,2071,-17,57817,27.90395752895753
0.2,2072,-217,57600,27.785817655571634
0.2,2073,92,57692,27.81677917068467
0.2,2074,-21,57671,27.793253012048194
0.2,2075,88,57759,27.822254335260116
0.2,2076,80,57839,27.847376023110254
0.2,2077,-6,57833,27.83108758421559
0.2,2078,17,57850,27.825877825877825
0.2,2079,17,57867,27.820673076923075
0.2,2080,90,57957,27.850552618933204
0.2,2081,79,58036,27.875120076849182
0.2,2082,57,58093,27.889102256361017
0.2,2083,-54,58039,27.849808061420344
0.2,2084,61,58100,27.86570743405276
0.2,2085,52,58152,27.87727708533078
0.2,2086,-44,58108,27.842836607570675
0.2,2087,63,58171,27.859674329501917
0.2,2088,-65,58106,27.815222594542842
0.2,2089,56,58162,27.828708133971293
0.2,2090,86,58248,27.856527977044475
0.2,2091,41,58289,27.86281070745698
0.2,2092,50,58339,27.873387482083135
0.2,2093,-158,58181,27.784622731614135
0.2,2094,-1,58180,27.7708830548926
0.2,2095,20,58200,27.767175572519083
0.2,2096,-119,58081,27.69718645684311
0.2,2097,94,58175,27.728789323164918
0.2,2098,92,58267,27.759409242496428
0.2,2099,86,58353,27.787142857142857
0.2,2100,90,58443,27.81675392670157
0.2,2101,83,58526,27.8430066603235
0.2,2102,58,58584,27.85734664764622
0.2,2103,67,58651,27.875950570342205
0.2,2104,80,58731,27.900712589073635
0.2,2105,76,58807,27.92355175688509
0.2,2106,17,58824,27.918367346938776
0.2,2107,87,58911,27.94639468690702
0.2,2108,80,58991,27.971076339497394
0.2,2109,80,59071,27.9957345971564
0.2,2110,31,59102,27.99715774514448
0.2,2111,3,59105,27.98532196969697
0.2,2112,16,59121,27.979649787032656
0.2,2113,27,59148,27.97918637653737
0.2,2114,72,59220,28.0
0.2,2115,-75,59145,27.95132325141777
0.2,2116,2,59147,27.939064714218233
0.2,2117,83,59230,27.96506137865911
0.2,2118,87,59317,27.992921189240207
0.2,2119,47,59364,28.00188679245283
0.2,2120,9,59373,27.992927864214995
0.2,2121,90,59463,28.022148916116873
0.2,2122,90,59553,28.051342439943475
0.2,2123,-49,59504,28.015065913370996
0.2,2124,-15,59489,27.994823529411764
0.2,2125,-10,59479,27.97695202257761
0.2,2126,82,59561,28.002350728725904
0.2,2127,91,59652,28.031954887218046
0.2,2128,13,59665,28.024894316580554
0.2,2129,85,59750,28.051643192488264
0.2,2130,59,59809,28.066166119192868
0.2,2131,-276,59533,27.923545966228893
0.2,2132,23,59556,27.921237693389592
0.2,2133,90,59646,27.95032802249297
0.2,2134,67,59713,27.968618266978922
0.2,2135,49,59762,27.978464419475657
0.2,2136,40,59802,27.984089845577913
0.2,2137,94,59896,28.014967259120674
0.2,2138,87,59983,28.042543244506778
0.2,2139,91,60074,28.07196261682243
0.2,2140,93,60167,28.102288650163477
0.2,2141,57,60224,28.11577964519141
0.2,2142,93,60317,28.14605692953803
0.2,2143,90,60407,28.17490671641791
0.2,2144,91,60498,28.204195804195805
0.2,2145,73,60571,28.225069897483692
0.2,2146,41,60612,28.23102002794597
0.2,2147,52,60664,28.242085661080075
0.2,2148,94,60758,28.272684969753374
0.2,2149,66,60824,28.290232558139536
0.2,2150,77,60901,28.312877731287774
0.2,2151,80,60981,28.33689591078067
0.2,2152,54,61035,28.34881560613098
0.2,2153,76,61111,28.370937790157846
0.2,2154,-10,61101,28.353132250580046
0.2,2155,94,61195,28.383580705009276
0.2,2156,-20,61175,28.361149745016228
0.2,2157,94,61269,28.39156626506024
0.2,2158,77,61346,28.41408059286707
0.2,2159,-33,61313,28.38564814814815
0.2,2160,86,61399,28.41230911614993
0.2,2161,85,61484,28.438482886216466
0.2,2162,-100,61384,28.3791030975497
0.2,2163,57,61441,28.392329020332717
0.2,2164,-86,61355,28.33949191685912
0.2,2165,86,61441,28.36611265004617
0.2,2166,85,61526,28.39224734656207
0.2,2167,-22,61504,28.3690036900369
0.2,2168,-59,61445,28.328722913785153
0.2,2169,17,61462,28.323502304147464
0.2,2170,50,61512,28.33348687240903
0.2,2171,11,61523,28.325506445672193
0.2,2172,69,61592,28.344224574321213
0.2,2173,83,61675,28.369365225390986
0.2,2174,5,61680,28.358620689655172
0.2,2175,82,61762,28.38327205882353
0.2,2176,42,61804,28.389526871841984
0.2,2177,52,61856,28.40036730945822
0.2,2178,-67,61789,28.356585589720055
0.2,2179,84,61873,28.38211009174312
0.2,2180,-34,61839,28.353507565337
0.2,2181,82,61921,28.378093492208983
0.2,2182,-151,61770,28.295923041685754
0.2,2183,-86,61684,28.243589743589745
0.2,2184,8,61692,28.234324942791762
0.2,2185,-3,61689,28.22003659652333
0.2,2186,42,61731,28.226337448559672
0.2,2187,-52,61679,28.189670932358318
0.2,2188,-25,61654,28.165372316126085
0.2,2189,84,61738,28.190867579908677
0.2,2190,9,61747,28.182108626198083
0.2,2191,82,61829,28.206660583941606
0.2,2192,-14,61815,28.187414500683996
0.2,2193,16,61831,28.181859617137647
0.2,2194,24,61855,28.17995444191344
0.2,2195,-18,61837,28.158925318761383
0.2,2196,-46,61791,28.125170687300866
0.2,2197,92,61883,28.154231119199274
0.2,2198,85,61968,28.180081855388813
0.2,2199,93,62061,28.209545454545456
0.2,2200,79,62140,28.232621535665608
0.2,2201,-129,62011,28.161217075386013
0.2,2202,26,62037,28.160236041761234
0.2,2203,94,62131,28.19010889292196
0.2,2204,83,62214,28.214965986394557
0.2,2205,12,62226,28.207615593834994
0.2,2206,53,62279,28.218849116447668
0.2,2207,25,62304,28.217391304347824
0.2,2208,75,62379,28.238569488456314
0.2,2209,-6,62373,28.223076923076924
0.2,2210,86,62459,28.249208502939847
0.2,2211,67,62526,28.266726943942135
0.2,2212,87,62613,28.29326705829191
0.2,2213,-208,62405,28.186540198735322
0.2,2214,89,62494,28.213995485327313
0.2,2215,15,62509,28.20803249097473
0.2,2216,-246,62263,28.084348218313036
0.2,2217,-40,62223,28.053651938683497
0.2,2218,-60,62163,28.013970256872465
0.2,2219,92,62255,28.042792792792792
0.2,2220,53,62308,28.05402971634399
0.2,2221,53,62361,28.065256525652565
0.2,2222,-86,62275,28.013945119208277
0.2,2223,-19,62256,27.992805755395683
0.2,2224,73,62329,28.01303370786517
0.2,2225,67,62396,28.030548068283917
0.2,2226,94,62490,28.060170633138753
0.2,2227,80,62570,28.083482944344702
0.2,2228,85,62655,28.109017496635264
0.2,2229,69,62724,28.127354260089685
0.2,2230,-57,62667,28.089197669206634
0.2,2231,93,62760,28.118279569892472
0.2,2232,69,62829,28.136587550380654
0.2,2233,91,62920,28.164726947179947
0.2,2234,66,62986,28.18165548098434
0.2,2235,34,63020,28.184257602862253
0.2,2236,-8,63012,28.168082253017435
0.2,2237,90,63102,28.195710455764075
0.2,2238,74,63176,28.21616793211255
0.2,2239,93,63269,28.245089285714286
0.2,2240,-65,63204,28.203480589022757
0.2,2241,91,63295,28.231489741302408
0.2,2242,-230,63065,28.11636201515827
0.2,2243,66,63131,28.133244206773618
0.2,2244,-222,62909,28.021826280623607
0.2,2245,-31,62878,27.99554764024933
0.2,2246,94,62972,28.02492211838006
0.2,2247,49,63021,28.034252669039144
0.2,2248,85,63106,28.05958203646065
0.2,2249,73,63179,28.079555555555554
0.2,2250,69,63248,28.097734340293204
0.2,2251,92,63340,28.126110124333927
0.2,2252,-73,63267,28.08122503328895
0.2,2253,-7,63260,28.065661047027508
0.2,2254,74,63334,28.086031042128603
0.2,2255,92,63426,28.11436170212766
0.2,2256,63,63489,28.129818342933095
0.2,2257,32,63521,28.13153232949513
0.2,2258,90,63611,28.15891987605135
0.2,2259,53,63664,28.16991150442478
0.2,2260,46,63710,28.177797434763377
0.2,2261,6,63716,28.167992926613618
0.2,2262,14,63730,28.161732213875386
0.2,2263,92,63822,28.189929328621908
0.2,2264,87,63909,28.2158940397351
0.2,2265,87,63996,28.241835834068844
0.2,2266,2,63998,28.23026025584473
0.2,2267,67,64065,28.247354497354497
0.2,2268,-163,63902,28.16306743058616
0.2,2269,91,63993,28.190748898678414
0.2,2270,15,64008,28.184940554821665
0.2,2271,89,64097,28.211707746478872
0.2,2272,-46,64051,28.179058512978443
0.2,2273,87,64138,28.204925241864554
0.2,2274,-77,64061,28.158681318681317
0.2,2275,36,64097,28.16212653778559
0.2,2276,43,64140,28.16864295125165
0.2,2277,-8,64132,28.15276558384548
0.2,2278,-67,64065,28.111013602457216
0.2,2279,78,64143,28.132894736842104
0.2,2280,75,64218,28.153441473038143
0.2,2281,11,64229,28.14592462751972
0.2,2282,72,64301,28.165133596145424
0.2,2283,6,64307,28.15542907180385
0.2,2284,-29,64278,28.130415754923412
0.2,2285,91,64369,28.157917760279965
0.2,2286,79,64448,28.180148666375164
0.2,2287,65,64513,28.19624125874126
0.2,2288,72,64585,28.215377894276976
0.2,2289,69,64654,28.233187772925763
0.2,2290,94,64748,28.26189436927106
0.2,2291,52,64800,28.272251308900522
0.2,2292,89,64889,28.298735281290885
0.2,2293,41,64930,28.304272013949433
0.2,2294,62,64992,28.318954248366012
0.2,2295,-30,64962,28.29355400696864
0.2,2296,62,65024,28.30822812363953
0.2,2297,-30,64994,28.282854656222803
0.2,2298,54,65048,28.294040887342323
0.2,2299,60,65108,28.30782608695652
0.2,2300,34,65142,28.310299869621904
0.2,2301,62,65204,28.3249348392702
0.2,2302,83,65287,28.348675640468954
0.2,2303,84,65371,28.37282986111111
0.2,2304,59,65430,28.386117136659436
0.2,2305,41,65471,28.391587163920207
0.2,2306,92,65563,28.41915908105765
0.2,2307,90,65653,28.44584055459272
0.2,2308,-131,65522,28.376786487656993
0.2,2309,94,65616,28.405194805194807
0.2,2310,-15,65601,28.38641280830809
0.2,2311,43,65644,28.39273356401384
0.2,2312,5,65649,28.38261997405966
0.2,2313,88,65737,28.40838375108038
0.2,2314,36,65773,28.411663066954645
0.2,2315,-24,65749,28.389032815198618
0.2,2316,-65,65684,28.34872680189901
0.2,2317,66,65750,28.364969801553062
0.2,2318,93,65843,28.39284174213023
0.2,2319,6,65849,28.383189655172412
0.2,2320,-92,65757,28.33132270573029
0.2,2321,85,65842,28.3557278208441
0.2,2322,94,65936,28.383986224709428
0.2,2323,76,66012,28.40447504302926
0.2,2324,38,66050,28.408602150537636
0.2,2325,91,66141,28.435511607910577
0.2,2326,15,66156,28.429737859905458
0.2,2327,52,66208,28.439862542955325
0.2,2328,45,66253,28.446972949763847
0.2,2329,86,66339,28.471673819742488
0.2,2330,94,66433,28.4997854997855
0.2,2331,11,66444,28.49228130360206
0.2,2332,8,66452,28.48349764252036
0.2,2333,9,66461,28.4751499571551
0.2,2334,91,66552,28.501927194860812
0.2,2335,52,66604,28.511986301369863
0.2,2336,-24,66580,28.489516474112108
0.2,2337,69,66649,28.50684345594525
0.2,2338,76,66725,28.527148353997436
0.2,2339,40,66765,28.53205128205128
0.2,2340,55,66820,28.54335753951303
0.2,2341,16,66836,28.53800170794193
0.2,2342,28,66864,28.53777208706786
0.2,2343,88,66952,28.563139931740615
0.2,2344,57,67009,28.575266524520256
0.2,2345,87,67096,28.6001705029838
0.2,2346,-99,66997,28.545803152961227
0.2,2347,85,67082,28.56984667802385
0.2,2348,94,67176,28.597701149425287
0.2,2349,68,67244,28.614468085106385
0.2,2350,22,67266,28.61165461505742
0.2,2351,-125,67141,28.546343537414966
0.2,2352,89,67230,28.572035699107523
0.2,2353,64,67294,28.587085811384878
0.2,2354,17,67311,28.58216560509554
0.2,2355,88,67399,28.607385398981325
0.2,2356,20,67419,28.603733559609672
0.2,2357,76,67495,28.623833757421544
0.2,2358,77,67572,28.644340822382365
0.2,2359,92,67664,28.671186440677968
0.2,2360,25,67689,28.669631512071156
0.2,2361,85,67774,28.693480101608806
0.2,2362,83,67857,28.71646212441811
0.2,2363,36,67893,28.71954314720812
0.2,2364,23,67916,28.71712473572939
0.2,2365,75,67991,28.736686390532544
0.2,2366,44,68035,28.74313476975074
0.2,2367,87,68122,28.767736486486488
0.2,2368,-31,68091,28.742507387083158
0.2,2369,58,68149,28.754852320675106
0.2,2370,64,68213,28.76971741881063
0.2,2371,86,68299,28.793844856661046
0.2,2372,35,68334,28.79646017699115
0.2,2373,68,68402,28.812973883740522
0.2,2374,71,68473,28.830736842105264
0.2,2375,46,68519,28.837962962962962
0.2,2376,16,68535,28.832562053007994
0.2,2377,82,68617,28.854920100925145
0.2,2378,-33,68584,28.828919714165615
0.2,2379,-116,68468,28.768067226890757
0.2,2380,0,68468,28.755984880302393
0.2,2381,16,68484,28.750629722921914
0.2,2382,83,68567,28.773394880402854
0.2,2383,35,68602,28.776006711409394
0.2,2384,74,68676,28.79496855345912
0.2,2385,82,68758,28.81726739312657
0.2,2386,93,68851,28.844155844155843
0.2,2387,63,68914,28.858458961474035
0.2,2388,17,68931,28.853495186270408
0.2,2389,94,69025,28.880753138075313
0.2,2390,-38,68987,28.852781263069847
0.2,2391,92,69079,28.879180602006688
0.2,2392,-79,69000,28.834099456748852
0.2,2393,84,69084,28.857142857142858
0.2,2394,92,69176,28.883507306889353
0.2,2395,78,69254,28.90400667779633
0.2,2396,69,69323,28.920734251147266
0.2,2397,-170,69153,28.837781484570474
0.2,2398,93,69246,28.864526886202583
0.2,2399,81,69327,28.88625
0.2,2400,-18,69309,28.866722199083714
0.2,2401,77,69386,28.88676103247294
0.2,2402,55,69441,28.897627965043696
0.2,2403,78,69519,28.918053244592347
0.2,2404,44,69563,28.924324324324324
0.2,2405,91,69654,28.950124688279303
0.2,2406,32,69686,28.951391773992523
0.2,2407,66,69752,28.966777408637874
0.2,2408,94,69846,28.993773349937733
0.2,2409,88,69934,29.01825726141079
0.2,2410,70,70004,29.035255080879303
0.2,2411,-207,69797,28.937396351575455
0.2,2412,23,69820,28.934935764608372
0.2,2413,78,69898,28.955260977630488
0.2,2414,-54,69844,28.920910973084887
0.2,2415,-95,69749,28.86961920529801
0.2,2416,53,69802,28.879602813405047
0.2,2417,92,69894,28.905707196029777
0.2,2418,78,69972,28.92600248036379
0.2,2419,54,70026,28.936363636363637
0.2,2420,82,70108,28.958281701776126
0.2,2421,48,70156,28.96614368290669
0.2,2422,73,70229,28.984316962443252
0.2,2423,20,70249,28.980610561056107
0.2,2424,70,70319,28.997525773195875
0.2,2425,-313,70006,28.856553998351195
0.2,2426,-155,69851,28.780799340749898
0.2,2427,94,69945,28.807660626029655
0.2,2428,-234,69711,28.699464800329352
0.2,2429,31,69742,28.700411522633743
0.2,2430,77,69819,28.72027972027972
0.2,2431,92,69911,28.746299342105264
0.2,2432,8,69919,28.73777229757501
0.2,2433,51,69970,28.746918652423993
0.2,2434,24,69994,28.744969199178644
0.2,2435,15,70009,28.739326765188835
0.2,2436,13,70022,28.73286828067296
0.2,2437,73,70095,28.751025430680887
0.2,2438,87,70182,28.774907749077492
0.2,2439,-38,70144,28.74754098360656
0.2,2440,-134,70010,28.68086849651782
0.2,2441,91,70101,28.706388206388205
0.2,2442,12,70113,28.699549733933686
0.2,2443,76,70189,28.718903436988544
0.2,2444,-23,70166,28.697750511247445
0.2,2445,-1,70165,28.685609157808667
0.2,2446,-169,69996,28.604822231303636
0.2,2447,-101,69895,28.55187908496732
0.2,2448,58,69953,28.56390363413638
0.2,2449,-27,69926,28.54122448979592
0.2,2450,32,69958,28.54263565891473
0.2,2451,42,70000,28.548123980424144
0.2,2452,19,70019,28.544231553200163
0.2,2453,80,70099,28.56519967400163
0.2,2454,78,70177,28.58533604887984
0.2,2455,-43,70134,28.556188925081432
0.2,2456,78,70212,28.576312576312578
0.2,2457,-147,70065,28.504882017900734
0.2,2458,18,70083,28.500610004066694
0.2,2459,43,70126,28.50650406504065
0.2,2460,91,70217,28.53189760260057
0.2,2461,84,70301,28.55442729488221
0.2,2462,60,70361,28.567194478278523
0.2,2463,91,70452,28.592532467532468
0.2,2464,90,70542,28.617444219066936
0.2,2465,58,70600,28.629359286293592
0.2,2466,48,70648,28.63721118767734
0.2,2467,-333,70315,28.49068071312804
0.2,2468,-220,70095,28.39003645200486
0.2,2469,-41,70054,28.36194331983806
0.2,2470,-465,69589,28.16228247673007
0.2,2471,68,69657,28.178398058252426
0.2,2472,69,69726,28.194904973716135
0.2,2473,-51,69675,28.162894098625706
0.2,2474,61,69736,28.176161616161615
0.2,2475,14,69750,28.17043618739903
0.2,2476,-11,69739,28.154622527250705
0.2,2477,70,69809,28.171509281678773
0.2,2478,-95,69714,28.121823315853167
0.2,2479,28,69742,28.121774193548386
0.2,2480,-12,69730,28.105602579604998
0.2,2481,75,69805,28.124496373892022
0.2,2482,52,69857,28.13411196133709
0.2,2483,38,69895,28.138083735909824
0.2,2484,78,69973,28.15814889336016
0.2,2485,-24,69949,28.13716814159292
0.2,2486,41,69990,28.142340168878167
0.2,2487,-70,69920,28.10289389067524
0.2,2488,79,69999,28.123342707914826
0.2,2489,80,70079,28.14417670682731
0.2,2490,20,70099,28.14090726615817
0.2,2491,71,70170,28.158105939004816
0.2,2492,94,70264,28.184516646610508
0.2,2493,89,70353,28.208901363271853
0.2,2494,-78,70275,28.16633266533066
0.2,2495,48,70323,28.174278846153847
0.2,2496,89,70412,28.198638366039248
0.2,2497,64,70476,28.21297037630104
0.2,2498,62,70538,28.226490596238495
0.2,2499,17,70555,28.222
0.2,2500,-199,70356,28.131147540983605
0.2,2501,91,70447,28.156274980015986
0.2,2502,-38,70409,28.129844186975628
0.2,2503,93,70502,28.155750798722046
0.2,2504,92,70594,28.1812375249501
0.2,2505,75,70669,28.199920191540304
0.2,2506,79,70748,28.220183486238533
0.2,2507,63,70811,28.234051036682615
0.2,2508,31,70842,28.23515344758868
0.2,2509,83,70925,28.256972111553786
0.2,2510,48,70973,28.26483472720032
0.2,2511,-29,70944,28.24203821656051
0.2,2512,-288,70656,28.116195781933943
0.2,2513,-70,70586,28.07716785998409
0.2,2514,87,70673,28.100596421471174
0.2,2515,37,70710,28.104133545310017
0.2,2516,-35,70675,28.07906237584426
0.2,2517,84,70759,28.10127084988086
0.2,2518,69,70828,28.11750694720127
0.2,2519,58,70886,28.12936507936508
0.2,2520,91,70977,28.154303847679493
0.2,2521,82,71059,28.175654242664553
0.2,2522,-2,71057,28.163694015061434
0.2,2523,56,71113,28.17472266244057
0.2,2524,-305,70808,28.042772277227723
0.2,2525,81,70889,28.06373713380839
0.2,2526,93,70982,28.089434111594777
0.2,2527,89,71071,28.113528481012658
0.2,2528,-99,70972,28.063266113088176
0.2,2529,43,71015,28.06916996047431
0.2,2530,86,71101,28.092058474911102
0.2,2531,-109,70992,28.03791469194313
0.2,2532,22,71014,28.03553099091986
0.2,2533,90,71104,28.059984214680348
0.2,2534,75,71179,28.078500986193294
0.2,2535,70,71249,28.095031545741325
0.2,2536,-56,71193,28.06188411509657
0.2,2537,61,71254,28.07486209613869
0.2,2538,-46,71208,28.045687278456086
0.2,2539,94,71302,28.071653543307086
0.2,2540,56,71358,28.082644628099175
0.2,2541,-45,71313,28.053894571203777
0.2,2542,80,71393,28.07432166732206
0.2,2543,62,71455,28.0876572327044
0.2,2544,59,71514,28.099803536345775
0.2,2545,86,71600,28.12254516889238
0.2,2546,-24,71576,28.102080879466037
0.2,2547,61,71637,28.114992150706435
0.2,2548,69,71706,28.131031777167518
0.2,2549,80,71786,28.15137254901961
0.2,2550,82,71868,28.17248137985104
0.2,2551,92,71960,28.197492163009404
0.2,2552,-58,71902,28.163728946337642
0.2,2553,16,71918,28.15896632732968
0.2,2554,-23,71895,28.13894324853229
0.2,2555,47,71942,28.146322378716746
0.2,2556,32,71974,28.147829487680877
0.2,2557,64,72038,28.1618451915559
0.2,2558,48,72086,28.169597499023055
0.2,2559,90,72176,28.19375
0.2,2560,87,72263,28.216712221788363
0.2,2561,42,72305,28.22209211553474
0.2,2562,-89,72216,28.176355833008195
0.2,2563,-39,72177,28.15015600624025
0.2,2564,-13,72164,28.13411306042885
0.2,2565,23,72187,28.13211223694466
0.2,2566,-58,72129,28.09855862874951
0.2,2567,43,72172,28.10436137071651
0.2,2568,73,72245,28.12183729077462
0.2,2569,-9,72236,28.10739299610895
0.2,2570,53,72289,28.1170750680669
0.2,2571,41,72330,28.122083981337482
0.2,2572,68,72398,28.137582588418187
0.2,2573,44,72442,28.143745143745143
0.2,2574,58,72500,28.155339805825243
0.2,2575,-50,72450,28.125
0.2,2576,-92,72358,28.07838571982926
0.2,2577,54,72412,28.08844065166796
0.2,2578,93,72505,28.113609926328035
0.2,2579,86,72591,28.136046511627907
0.2,2580,-19,72572,28.11778380472685
0.2,2581,90,72662,28.141750580945004
0.2,2582,-22,72640,28.122338366240804
0.2,2583,43,72683,28.1280959752322
0.2,2584,46,72729,28.135009671179883
0.2,2585,87,72816,28.157772621809745
0.2,2586,30,72846,28.158484731349052
0.2,2587,83,72929,28.17967542503864
0.2,2588,-34,72895,28.155658555426804
0.2,2589,30,72925,28.156370656370655
0.2,2590,84,73009,28.177923581628715
0.2,2591,52,73061,28.187114197530864
0.2,2592,27,73088,28.186656382568454
0.2,2593,-19,73069,28.16846569005397
0.2,2594,-33,73036,28.144894026974953
0.2,2595,-157,72879,28.07357473035439
0.2,2596,76,72955,28.092029264536002
0.2,2597,34,72989,28.094303310238644
0.2,2598,89,73078,28.1177375913813
0.2,2599,-12,73066,28.102307692307694
0.2,2600,89,73155,28.125720876585927
0.2,2601,-4,73151,28.11337432744043
0.2,2602,88,73239,28.136381098732233
0.2,2603,72,73311,28.153225806451612
0.2,2604,74,73385,28.170825335892513
0.2,2605,72,73457,28.187643898695317
0.2,2606,74,73531,28.205216724204067
0.2,2607,82,73613,28.225843558282207
0.2,2608,40,73653,28.230356458413183
0.2,2609,6,73659,28.22183908045977
0.2,2610,91,73750,28.245882803523553
0.2,2611,8,73758,28.23813169984686
0.2,2612,55,73813,28.248373517030235
0.2,2613,61,73874,28.26090283091048
0.2,2614,74,73948,28.278393881453155
0.2,2615,87,74035,28.30084097859327
0.2,2616,7,74042,28.292701566679405
0.2,2617,-325,73717,28.157754010695186
0.2,2618,55,73772,28.168003054600995
0.2,2619,69,73841,28.18358778625954
0.2,2620,67,73908,28.1983975581839
0.2,2621,-92,73816,28.15255530129672
0.2,2622,88,73904,28.175371711780404
0.2,2623,53,73957,28.18483231707317
0.2,2624,14,73971,28.17942857142857
0.2,2625,32,74003,28.18088347296268
0.2,2626,38,74041,28.18462124095927
0.2,2627,86,74127,28.20662100456621
0.2,2628,94,74221,28.231647014073793
0.2,2629,90,74311,28.25513307984791
0.2,2630,21,74332,28.252375522614976
0.2,2631,-48,74284,28.22340425531915
0.2,2632,68,74352,28.238511203949866
0.2,2633,-136,74216,28.176157934700075
0.2,2634,-9,74207,28.162049335863376
0.2,2635,-62,74145,28.12784522003035
0.2,2636,-59,74086,28.094804702313233
0.2,2637,92,74178,28.119029567854437
0.2,2638,58,74236,28.130352406214474
0.2,2639,25,74261,28.129166666666666
0.2,2640,0,74261,28.118515713744795
0.2,2641,-594,73667,27.88304314912945
0.2,2642,69,73736,27.898600075671585
0.2,2643,79,73815,27.917927382753405
0.2,2644,-111,73704,27.86540642722117
0.2,2645,-39,73665,27.84013605442177
0.2,2646,89,73754,27.863241405364565
0.2,2647,60,73814,27.87537764350453
0.2,2648,51,73865,27.884107210268027
0.2,2649,76,73941,27.902264150943395
0.2,2650,-15,73926,27.886080724255
0.2,2651,-201,73725,27.79977375565611
0.2,2652,80,73805,27.81944967960799
0.2,2653,87,73892,27.84174830444612
0.2,2654,93,73985,27.86629001883239
0.2,2655,79,74064,27.8855421686747
0.2,2656,94,74158,27.910425291682348
0.2,2657,75,74233,27.928141459744168
0.2,2658,72,74305,27.94471605866867
0.2,2659,93,74398,27.969172932330828
0.2,2660,94,74492,27.993987222848553
0.2,2661,-9,74483,27.980090157776107
0.2,2662,-73,74410,27.94217048441607
0.2,2663,65,74475,27.95608108108108
0.2,2664,89,74564,27.978986866791743
0.2,2665,70,74634,27.994748687171793
0.2,2666,-88,74546,27.951256092988377
0.2,2667,88,74634,27.97376311844078
0.2,2668,71,74705,27.989883851629823
0.2,2669,93,74798,28.014232209737827
0.2,2670,93,74891,28.03856233620367
0.2,2671,66,74957,28.052769461077844
0.2,2672,83,75040,28.07332585110363
0.2,2673,50,75090,28.081525804038893
0.2,2674,73,75163,28.098317757009347
0.2,2675,79,75242,28.11733931240658
0.2,2676,88,75330,28.139708629062383
0.2,2677,88,75418,28.16206123973114
0.2,2678,-112,75306,28.109742441209406
0.2,2679,33,75339,28.111567164179103
0.2,2680,28,75367,28.111525550167848
0.2,2681,71,75438,28.12751677852349
0.2,2682,6,75444,28.11926947446888
0.2,2683,81,75525,28.13897168405365
0.2,2684,87,75612,28.160893854748604
0.2,2685,-38,75574,28.13626209977662
0.2,2686,90,75664,28.159285448455528
0.2,2687,67,75731,28.17373511904762
0.2,2688,88,75819,28.19598363703979
0.2,2689,6,75825,28.187732342007436
0.2,2690,63,75888,28.20066889632107
0.2,2691,-155,75733,28.13261515601783
0.2,2692,-146,75587,28.067953954697362
0.2,2693,69,75656,28.083147735708984
0.2,2694,-58,75598,28.051205936920223
0.2,2695,92,75690,28.07492581602374
0.2,2696,7,75697,28.06711160548758
0.2,2697,93,75790,28.091178650852484
0.2,2698,88,75878,28.113375324194145
0.2,2699,90,75968,28.136296296296297
0.2,2700,52,76020,28.145131432802664
0.2,2701,83,76103,28.16543301258327
0.2,2702,55,76158,28.175360710321865
0.2,2703,37,76195,28.17862426035503
0.2,2704,-96,76099,28.13271719038817
0.2,2705,12,76111,28.126755358462674
0.2,2706,68,76179,28.141485038788325
0.2,2707,93,76272,28.165435745937963
0.2,2708,-9,76263,28.15171650055371
0.2,2709,-40,76223,28.126568265682657
0.2,2710,-15,76208,28.110660272962008
0.2,2711,77,76285,28.128687315634217
0.2,2712,54,76339,28.138223368964248
0.2,2713,88,76427,28.160280029476787
0.2,2714,94,76521,28.18453038674033
0.2,2715,79,76600,28.20324005891016
0.2,2716,50,76650,28.21126242178874
0.2,2717,59,76709,28.222590139808684
0.2,2718,-29,76680,28.201544685546157
0.2,2719,68,76748,28.216176470588234
0.2,2720,3,76751,28.206909224549797
0.2,2721,-87,76664,28.164584864070537
0.2,2722,17,76681,28.16048475945648
0.2,2723,4,76685,28.151615271659324
0.2,2724,74,76759,28.168440366972476
0.2,2725,-57,76702,28.137197358767423
0.2,2726,12,76714,28.131279794646133
0.2,2727,87,76801,28.152859237536656
0.2,2728,40,76841,28.15720043972151
0.2,2729,19,76860,28.153846153846153
0.2,2730,87,76947,28.175393628707432
0.2,2731,76,77023,28.19289897510981
0.2,2732,85,77108,28.213684595682402
0.2,2733,-41,77067,28.188368690563276
0.2,2734,82,77149,28.208043875685558
0.2,2735,90,77239,28.23062865497076
0.2,2736,49,77288,28.238217025940813
0.2,2737,92,77380,28.261504747991236
0.2,2738,33,77413,28.26323475721066
0.2,2739,8,77421,28.255839416058393
0.2,2740,-23,77398,28.23713973002554
0.2,2741,15,77413,28.23231218088986
0.2,2742,-221,77192,28.141450966095515
0.2,2743,-120,77072,28.08746355685131
0.2,2744,-70,77002,28.051730418943535
0.2,2745,52,77054,28.060451565914057
0.2,2746,54,77108,28.069894430287587
0.2,2747,13,77121,28.064410480349345
0.2,2748,-31,77090,28.042924699890868
0.2,2749,85,77175,28.063636363636363
0.2,2750,49,77224,28.071246819338423
0.2,2751,-42,77182,28.04578488372093
0.2,2752,77,77259,28.063567017798764
0.2,2753,93,77352,28.08714596949891
0.2,2754,94,77446,28.111070780399274
0.2,2755,60,77506,28.12264150943396
0.2,2756,56,77562,28.132752992383026
0.2,2757,-86,77476,28.091370558375633
0.2,2758,81,77557,28.110547299746283
0.2,2759,55,77612,28.120289855072464
0.2,2760,-15,77597,28.10467222021007
0.2,2761,85,77682,28.125271542360608
0.2,2762,-76,77606,28.0875859572928
0.2,2763,94,77700,28.111432706222864
0.2,2764,90,77790,28.133815551537072
0.2,2765,93,77883,28.157266811279825
0.2,2766,2,77885,28.1478135164438
0.2,2767,-134,77751,28.08923410404624
0.2,2768,91,77842,28.111953773925606
0.2,2769,93,77935,28.13537906137184
0.2,2770,74,78009,28.151930710934682
0.2,2771,90,78099,28.174242424242426
0.2,2772,84,78183,28.194374323837
0.2,2773,-71,78112,28.158615717375632
0.2,2774,83,78195,28.17837837837838
0.2,2775,-16,78179,28.162463976945244
0.2,2776,84,78263,28.182571119913575
0.2,2777,-101,78162,28.136069114470843
0.2,2778,63,78225,28.148614609571787
0.2,2779,91,78316,28.171223021582733
0.2,2780,46,78362,28.177633944624237
0.2,2781,69,78431,28.192307692307693
0.2,2782,60,78491,28.203736974487963
0.2,2783,48,78539,28.210847701149426
0.2,2784,25,78564,28.209694793536805
0.2,2785,37,78601,28.212849964106244
0.2,2786,17,78618,28.208826695371368
0.2,2787,74,78692,28.225251076040173
0.2,2788,89,78781,28.2470419505199
0.2,2789,-128,78653,28.191039426523297
0.2,2790,-251,78402,28.091006807595843
0.2,2791,0,78402,28.080945558739256
0.2,2792,94,78496,28.10454708199069
0.2,2793,87,78583,28.125626342161777
0.2,2794,85,78668,28.145974955277282
0.2,2795,88,78756,28.167381974248926
0.2,2796,91,78847,28.18984626385413
0.2,2797,28,78875,28.18977841315225
0.2,2798,86,78961,28.210432297249017
0.2,2799,12,78973,28.204642857142858
0.2,2800,85,79058,28.224919671545877
0.2,2801,47,79105,28.23162027123483
0.2,2802,70,79175,28.246521584017124
0.2,2803,58,79233,28.25713266761769
0.2,2804,-89,79144,28.215329768270944
0.2,2805,94,79238,28.238774055595155
0.2,2806,55,79293,28.24830780192376
0.2,2807,-1,79292,28.237891737891736
0.2,2808,65,79357,28.250978996084015
0.2,2809,37,79394,28.254092526690393
0.2,2810,-36,79358,28.231234436143723
0.2,2811,-11,79347,28.21728307254623
0.2,2812,-234,79113,28.1240668325631
0.2,2813,80,79193,28.142501776830134
0.2,2814,73,79266,28.158436944937833
0.2,2815,15,79281,28.153764204545453
0.2,2816,13,79294,28.148384806531773
0.2,2817,16,79310,28.144073811213627
0.2,2818,67,79377,28.1578573962398
0.2,2819,70,79447,28.172695035460993
0.2,2820,10,79457,28.166253101736974
0.2,2821,92,79549,28.188873139617293
0.2,2822,37,79586,28.191994332270635
0.2,2823,88,79674,28.21317280453258
0.2,2824,20,79694,28.210265486725664
0.2,2825,73,79767,28.226114649681527
0.2,2826,76,79843,28.24301379554298
0.2,2827,-6,79837,28.23090523338048
0.2,2828,46,79883,28.23718628490633
0.2,2829,62,79945,28.249116607773853
0.2,2830,86,80031,28.269516072059343
0.2,2831,87,80118,28.290254237288135
0.2,2832,90,80208,28.312036710201202
0.2,2833,87,80295,28.33274523641496
0.2,2834,-144,80151,28.271957671957672
0.2,2835,84,80235,28.291607898448518
0.2,2836,91,80326,28.313711667254143
0.2,2837,67,80393,28.32734319943622
0.2,2838,39,80432,28.331102500880593
0.2,2839,89,80521,28.352464788732394
0.2,2840,91,80612,28.374516015487504
0.2,2841,50,80662,28.38212526389866
0.2,2842,-75,80587,28.34576151952163
0.2,2843,90,80677,28.36744022503516
0.2,2844,86,80763,28.38769771528998
0.2,2845,93,80856,28.41040056219255
0.2,2846,89,80945,28.431682472778363
0.2,2847,-26,80919,28.4125702247191
0.2,2848,-64,80855,28.38013338013338
0.2,2849,81,80936,28.39859649122807
0.2,2850,-84,80852,28.35917222027359
0.2,2851,-27,80825,28.33976157082749
0.2,2852,51,80876,28.34770417104802
0.2,2853,-65,80811,28.31499649614576
0.2,2854,27,80838,28.314535901926444
0.2,2855,56,80894,28.324229691876752
0.2,2856,65,80959,28.337066853342666
0.2,2857,-10,80949,28.32365290412876
0.2,2858,-72,80877,28.288562434417628
0.2,2859,77,80954,28.305594405594405
0.2,2860,1,80955,28.29605033205173
0.2,2861,85,81040,28.315863032844163
0.2,2862,16,81056,28.31156129933636
0.2,2863,9,81065,28.30481843575419
0.2,2864,-54,81011,28.2760907504363
0.2,2865,85,81096,28.295882763433358
0.2,2866,73,81169,28.311475409836067
0.2,2867,-30,81139,28.291143654114364
0.2,2868,26,81165,28.290345067967934
0.2,2869,81,81246,28.30871080139373
0.2,2870,-58,81188,28.278648554510625
0.2,2871,53,81241,28.28725626740947
0.2,2872,-78,81163,28.250261051166028
0.2,2873,60,81223,28.261308281141268
0.2,2874,64,81287,28.273739130434784
0.2,2875,64,81351,28.28616133518776
0.2,2876,67,81418,28.299617657281892
0.2,2877,85,81503,28.319318971507993
0.2,2878,34,81537,28.321292115317817
0.2,2879,91,81628,28.343055555555555
0.2,2880,92,81720,28.365150989239847
0.2,2881,54,81774,28.374045801526716
0.2,2882,89,81863,28.395074575095386
0.2,2883,88,81951,28.415742024965326
0.2,2884,-315,81636,28.29670710571924
0.2,2885,94,81730,28.31947331947332
0.2,2886,92,81822,28.34153100103914
0.2,2887,-81,81741,28.303670360110804
0.2,2888,-26,81715,28.284873658705436
0.2,2889,88,81803,28.30553633217993
0.2,2890,49,81852,28.312694569353166
0.2,2891,83,81935,28.331604426002766
0.2,2892,75,82010,28.347735914275837
0.2,2893,-10,82000,28.334485141672424
0.2,2894,80,82080,28.352331606217618
0.2,2895,95,82175,28.3753453038674
0.2,2896,83,82258,28.39420089748015
0.2,2897,71,82329,28.408902691511386
0.2,2898,33,82362,28.410486374611935
0.2,2899,-109,82253,28.36310344827586
0.2,2900,90,82343,28.384350224060668
0.2,2901,78,82421,28.40144727773949
0.2,2902,33,82454,28.403031346882536
0.2,2903,77,82531,28.419765840220386
0.2,2904,24,82555,28.418244406196212
0.2,2905,81,82636,28.436338609772882
0.2,2906,80,82716,28.45407636738906
0.2,2907,-41,82675,28.43019257221458
0.2,2908,-168,82507,28.36266758336198
0.2,2909,-176,82331,28.292439862542956
0.2,2910,76,82407,28.30882858124356
0.2,2911,55,82462,28.317994505494507
0.2,2912,-12,82450,28.3041537933402
0.2,2913,-86,82364,28.26492793411119
0.2,2914,-591,81773,28.052487135506002
0.2,2915,83,81856,28.071330589849108
0.2,2916,38,81894,28.074734316078164
0.2,2917,90,81984,28.09595613433859
0.2,2918,93,82077,28.11819116135663
0.2,2919,51,82128,28.126027397260273
0.2,2920,16,82144,28.121876069839097
0.2,2921,16,82160,28.11772758384668
0.2,2922,81,82241,28.135819363667466
0.2,2923,-232,82009,28.046853625171
0.2,2924,55,82064,28.056068376068374
0.2,2925,81,82145,28.074162679425836
0.2,2926,92,82237,28.096002733173897
0.2,2927,-36,82201,28.074112021857925
0.2,2928,75,82276,28.09013315124616
0.2,2929,80,82356,28.107849829351537
0.2,2930,43,82399,28.11293074036165
0.2,2931,44,82443,28.118349249658937
0.2,2932,89,82532,28.139106716672348
0.2,2933,85,82617,28.15848670756646
0.2,2934,64,82681,28.170698466780237
0.2,2935,90,82771,28.19175749318801
0.2,2936,56,82827,28.201225740551582
0.2,2937,94,82921,28.223621511232132
0.2,2938,6,82927,28.216059884314394
0.2,2939,87,83014,28.236054421768706
0.2,2940,-7,83007,28.224073444406663
0.2,2941,89,83096,28.24473147518695
0.2,2942,69,83165,28.25857968059803
0.2,2943,61,83226,28.269701086956523
0.2,2944,54,83280,28.27843803056027
0.2,2945,84,83364,28.29735234215886
0.2,2946,65,83429,28.309806582965727
0.2,2947,44,83473,28.315128900949798
0.2,2948,56,83529,28.324516785350966
0.2,2949,9,83538,28.317966101694914
0.2,2950,-13,83525,28.303964757709252
0.2,2951,47,83572,28.31029810298103
0.2,2952,55,83627,28.31933626820183
0.2,2953,-88,83539,28.279959377115777
0.2,2954,49,83588,28.286971235194585
0.2,2955,-1,83587,28.277063599458728
0.2,2956,79,83666,28.294217111937776
0.2,2957,86,83752,28.313725490196077
0.2,2958,84,83836,28.332544778641434
0.2,2959,79,83915,28.34966216216216
0.2,2960,26,83941,28.34886862546437
0.2,2961,-130,83811,28.295408507765025
0.2,2962,81,83892,28.313196085048936
0.2,2963,12,83904,28.307692307692307
0.2,2964,50,83954,28.315008431703205
0.2,2965,-44,83910,28.290627107215105
0.2,2966,79,83989,28.307718233906304
0.2,2967,59,84048,28.318059299191376
0.2,2968,-148,83900,28.258672953856518
0.2,2969,-29,83871,28.23939393939394
0.2,2970,-19,83852,28.22349377314036
0.2,2971,-16,83836,28.208613728129205
0.2,2972,37,83873,28.211570803901783
0.2,2973,45,83918,28.217215870880967
0.2,2974,69,83987,28.2309243697479
0.2,2975,-91,83896,28.190860215053764
0.2,2976,25,83921,28.189788377561303
0.2,2977,62,83983,28.201141705842847
0.2,2978,81,84064,28.21886539107083
0.2,2979,34,84098,28.22080536912752
0.2,2980,75,84173,28.23649781952365
0.2,2981,74,84247,28.251844399731723
0.2,2982,65,84312,28.26416359369762
0.2,2983,87,84399,28.283847184986595
0.2,2984,-49,84350,28.257956448911223
0.2,2985,92,84442,28.279303415941058
0.2,2986,7,84449,28.27217944425845
0.2,2987,-56,84393,28.24397590361446
0.2,2988,62,84455,28.25526932084309
0.2,2989,-31,84424,28.235451505016723
0.2,2990,71,84495,28.249749247743228
0.2,2991,60,84555,28.260360962566846
0.2,2992,76,84631,28.276311393250918
0.2,2993,91,84722,28.297261189044757
0.2,2994,36,84758,28.29983305509182
0.2,2995,17,84775,28.296061415220294
0.2,2996,94,84869,28.317984651317985
0.2,2997,87,84956,28.337558372248164
0.2,2998,72,85028,28.352117372457485
0.2,2999,89,85117,28.372333333333334
0.2,3000,61,85178,28.383205598133955
0.2,3001,57,85235,28.3927381745503
0.2,3002,-259,84976,28.297036297036296
0.2,3003,91,85067,28.31790945406125
0.2,3004,93,85160,28.339434276206322
0.2,3005,36,85196,28.34198270126414
0.2,3006,-30,85166,28.322580645161292
0.2,3007,94,85260,28.34441489361702
0.2,3008,-34,85226,28.323695579926888
0.2,3009,-71,85155,28.290697674418606
0.2,3010,-76,85079,28.256061109266025
0.2,3011,33,85112,28.257636122177956
0.2,3012,23,85135,28.255891138400266
0.2,3013,7,85142,28.24883875248839
0.2,3014,62,85204,28.260033167495855
0.2,3015,32,85236,28.26127320954907
0.2,3016,-51,85185,28.23500165727544
0.2,3017,46,85231,28.240888005301525
0.2,3018,-34,85197,28.220271613116925
0.2,3019,85,85282,28.23907284768212
0.2,3020,80,85362,28.256206554121153
0.2,3021,-6,85356,28.244870946393117
0.2,3022,81,85437,28.26232219649355
0.2,3023,76,85513,28.278108465608465
0.2,3024,92,85605,28.299173553719008
0.2,3025,32,85637,28.30039656311963
0.2,3026,76,85713,28.31615460852329
0.2,3027,93,85806,28.337516512549538
0.2,3028,94,85900,28.359194453615054
0.2,3029,-174,85726,28.292409240924094
0.2,3030,89,85815,28.31243813922798
0.2,3031,37,85852,28.315303430079155
0.2,3032,74,85926,28.330365974282888
0.2,3033,74,86000,28.345418589321028
0.2,3034,78,86078,28.36177924217463
0.2,3035,-161,85917,28.299407114624508
0.2,3036,27,85944,28.298979255844582
0.2,3037,45,85989,28.30447662936142
0.2,3038,-36,85953,28.283316880552814
0.2,3039,40,85993,28.287171052631578
0.2,3040,73,86066,28.301874383426505
0.2,3041,-135,85931,28.24819197896121
0.2,3042,-86,85845,28.2106473874466
0.2,3043,81,85926,28.227989487516425
0.2,3044,7,85933,28.221018062397373
0.2,3045,92,86025,28.241956664478003
0.2,3046,69,86094,28.255333114538892
0.2,3047,-11,86083,28.24245406824147
0.2,3048,-79,86004,28.207281075762545
0.2,3049,56,86060,28.21639344262295
0.2,3050,20,86080,28.213700426089808
0.2,3051,83,86163,28.23165137614679
0.2,3052,45,86208,28.2371437929905
0.2,3053,93,86301,28.258349705304518
0.2,3054,69,86370,28.271685761047465
0.2,3055,87,86457,28.290903141361255
0.2,3056,-166,86291,28.2273470722931
0.2,3057,59,86350,28.237410071942445
0.2,3058,92,86442,28.258254331480877
0.2,3059,79,86521,28.27483660130719
0.2,3060,93,86614,28.295981705325058
0.2,3061,31,86645,28.296864794252123
0.2,3062,43,86688,28.301665034280116
0.2,3063,94,86782,28.323107049608357
0.2,3064,86,86868,28.341924959216964
0.2,3065,94,86962,28.36333985649054
0.2,3066,87,87049,28.382458428431693
0.2,3067,78,87127,28.398631029986962
0.2,3068,18,87145,28.39524275008146
0.2,3069,-93,87052,28.3557003257329
0.2,3070,-45,87007,28.331813741452297
0.2,3071,87,87094,28.350911458333332
0.2,3072,-118,86976,28.303286690530427
0.2,3073,84,87060,28.321405335068317
0.2,3074,-264,86796,28.226341463414634
0.2,3075,74,86870,28.241222366710012
0.2,3076,80,86950,28.258043548911278
0.2,3077,75,87025,28.273229369720596
0.2,3078,66,87091,28.28548229944787
0.2,3079,76,87167,28.300974025974025
0.2,3080,36,87203,28.303472898409606
0.2,3081,37,87240,28.306294613887086
0.2,3082,-60,87180,28.27765163801492
0.2,3083,-13,87167,28.26426718547341
0.2,3084,7,87174,28.25737439222042
0.2,3085,92,87266,28.278029812054438
0.2,3086,23,87289,28.276320051830258
0.2,3087,86,87375,28.295012953367877
0.2,3088,73,87448,28.309485270314017
0.2,3089,72,87520,28.323624595469255
0.2,3090,80,87600,28.340342931090262
0.2,3091,67,87667,28.352846054333764
0.2,3092,88,87755,28.37213061752344
0.2,3093,-19,87736,28.356819650937297
0.2,3094,86,87822,28.375444264943457
0.2,3095,77,87899,28.391149870801033
0.2,3096,-7,87892,28.379722311914755
0.2,3097,92,87984,28.40025823111685
0.2,3098,-34,87950,28.380122620200066
0.2,3099,77,88027,28.395806451612902
0.2,3100,64,88091,28.407287971622058
0.2,3101,26,88117,28.406511927788525
0.2,3102,-227,87890,28.324202384788915
0.2,3103,78,87968,28.34020618556701
0.2,3104,65,88033,28.352012882447664
0.2,3105,-5,88028,28.341274951706374
0.2,3106,47,88075,28.347280334728033
0.2,3107,92,88167,28.367760617760617
0.2,3108,67,88234,28.38018655516243
0.2,3109,-42,88192,28.357556270096463
0.2,3110,61,88253,28.368048858887818
0.2,3111,94,88347,28.38913881748072
0.2,3112,92,88439,28.40957275939608
0.2,3113,53,88492,28.417469492614
0.2,3114,-72,88420,28.385232744783305
0.2,3115,91,88511,28.40532734274711
0.2,3116,-82,88429,28.369906961822267
0.2,3117,73,88502,28.384220654265555
0.2,3118,-16,88486,28.369990381532542
0.2,3119,51,88537,28.37724358974359
0.2,3120,-100,88437,28.336110221082986
0.2,3121,90,88527,28.355861627162074
0.2,3122,65,88592,28.36759526096702
0.2,3123,-6,88586,28.356594110115235
0.2,3124,83,88669,28.37408
0.2,3125,71,88740,28.38771593090211
0.2,3126,56,88796,28.396546210425328
0.2,3127,85,88881,28.414641943734015
0.2,3128,81,88962,28.43144774688399
0.2,3129,89,89051,28.450798722044727
0.2,3130,-46,89005,28.427020121366976
0.2,3131,-306,88699,28.320242656449555
0.2,3132,-21,88678,28.304500478774337
0.2,3133,49,88727,28.311104020421187
0.2,3134,90,88817,28.33078149920255
0.2,3135,78,88895,28.346619897959183
0.2,3136,-67,88828,28.316225693337582
0.2,3137,67,88895,28.32855321861058
0.2,3138,-207,88688,28.25358394393119
0.2,3139,87,88775,28.272292993630572
0.2,3140,-7,88768,28.26106335561923
0.2,3141,20,88788,28.258434118395925
0.2,3142,92,88880,28.278714603881642
0.2,3143,89,88969,28.298027989821882
0.2,3144,-208,88761,28.222893481717012
0.2,3145,42,88803,28.227272727272727
0.2,3146,87,88890,28.245948522402287
0.2,3147,-18,88872,28.23125794155019
0.2,3148,85,88957,28.249285487456337
0.2,3149,87,89044,28.267936507936508
0.2,3150,36,89080,28.27039035226912
0.2,3151,-14,89066,28.256979695431472
0.2,3152,89,89155,28.276244846178244
0.2,3153,70,89225,28.289473684210527
0.2,3154,7,89232,28.282725832012677
0.2,3155,94,89326,28.303548795944234
0.2,3156,88,89414,28.322458029775103
0.2,3157,-212,89202,28.246358454718177
0.2,3158,48,89250,28.25261158594492
0.2,3159,66,89316,28.264556962025317
0.2,3160,-25,89291,28.24770642201835
0.2,3161,62,89353,28.258380771663504
0.2,3162,49,89402,28.264938349668036
0.2,3163,68,89470,28.277496839443742
0.2,3164,1,89471,28.268878357030015
0.2,3165,49,89520,28.275426405559067
0.2,3166,81,89601,28.29207451847174
0.2,3167,94,89695,28.312815656565657
0.2,3168,82,89777,28.329757021142317
0.2,3169,88,89865,28.34858044164038
0.2,3170,36,89901,28.350993377483444
0.2,3171,69,89970,28.363808322824717
0.2,3172,92,90062,28.38386385124488
0.2,3173,-25,90037,28.367044738500315
0.2,3174,91,90128,28.386771653543306
0.2,3175,89,90217,28.4058564231738
0.2,3176,76,90293,28.420837267862762
0.2,3177,92,90385,28.440843297671492
0.2,3178,51,90436,28.447939603648948
0.2,3179,84,90520,28.465408805031448
0.2,3180,35,90555,28.46746306193021
0.2,3181,91,90646,28.487115021998743
0.2,3182,-14,90632,28.473766886584983
0.2,3183,59,90691,28.483354271356784
0.2,3184,-276,90415,28.387755102040817
0.2,3185,45,90460,28.39296924042687
0.2,3186,-25,90435,28.376215877000313
0.2,3187,94,90529,28.39680050188206
0.2,3188,58,90587,28.406083411727813
0.2,3189,87,90674,28.424451410658307
0.2,3190,86,90760,28.44249451582576
0.2,3191,3,90763,28.43452380952381
0.2,3192,-35,90728,28.414657062323833
0.2,3193,30,90758,28.415153412648717
0.2,3194,84,90842,28.432550860719875
0.2,3195,88,90930,28.45118898623279
0.2,3196,16,90946,28.44729433844229
0.2,3197,79,91025,28.463101938711695
0.2,3198,-102,90923,28.422319474835888
0.2,3199,-38,90885,28.4015625
0.2,3200,-46,90839,28.37831927522649
0.2,3201,51,90890,28.38538413491568
0.2,3202,-11,90879,28.373087730252887
0.2,3203,64,90943,28.384207240948815
0.2,3204,52,90995,28.391575663026522
0.2,3205,85,91080,28.40923268870867
0.2,3206,-57,91023,28.382600561272216
0.2,3207,35,91058,28.384663341645886
0.2,3208,91,91149,28.40417575568713
0.2,3209,77,91226,28.41931464174455
0.2,3210,64,91290,28.430395515415757
0.2,3211,-28,91262,28.41282689912827
0.2,3212,72,91334,28.426392779333955
0.2,3213,82,91416,28.443061605476043
0.2,3214,-4,91412,28.432970451010885
0.2,3215,78,91490,28.448383084577113
0.2,3216,86,91576,28.466272925085484
0.2,3217,91,91667,28.485705407085145
0.2,3218,80,91747,28.50170860515688
0.2,3219,-72,91675,28.470496894409937
0.2,3220,23,91698,28.46879850977957
0.2,3221,7,91705,28.46213531967722
0.2,3222,67,91772,28.474092460440584
0.2,3223,-90,91682,28.437344913151364
0.2,3224,88,91770,28.455813953488374
0.2,3225,54,91824,28.463732176069435
0.2,3226,70,91894,28.47660365664704
0.2,3227,72,91966,28.49008674101611
0.2,3228,78,92044,28.505419634561783
0.2,3229,79,92123,28.521052631578947
0.2,3230,86,92209,28.53884246363355
0.2,3231,-16,92193,28.52506188118812
0.2,3232,2,92195,28.516857407980204
0.2,3233,90,92285,28.53586889301175
0.2,3234,22,92307,28.533848531684697
0.2,3235,42,92349,28.538009888751546
0.2,3236,-12,92337,28.52548656163114
0.2,3237,89,92426,28.544163063619518
0.2,3238,89,92515,28.562828033343624
0.2,3239,92,92607,28.58240740740741
0.2,3240,85,92692,28.5998148719531
0.2,3241,83,92775,28.616594694632944
0.2,3242,73,92848,28.63028060437866
0.2,3243,16,92864,28.626387176325522
0.2,3244,7,92871,28.619722650231125
0.2,3245,54,92925,28.6275415896488
0.2,3246,69,92994,28.639975361872498
0.2,3247,87,93081,28.657943349753694
0.2,3248,-49,93032,28.634041243459524
0.2,3249,49,93081,28.640307692307694
0.2,3250,73,93154,28.653952629960013
0.2,3251,90,93244,28.67281672816728
0.2,3252,47,93291,28.678450660928373
0.2,3253,89,93380,28.69698832206515
0.2,3254,-6,93374,28.686328725038404
0.2,3255,87,93461,28.70423832923833
0.2,3256,4,93465,28.69665336198956
0.2,3257,92,93557,28.71608348680172
0.2,3258,81,93638,28.732126419146976
0.2,3259,63,93701,28.742638036809815
0.2,3260,-13,93688,28.72983747316774
0.2,3261,78,93766,28.744941753525445
0.2,3262,-15,93751,28.731535396874044
0.2,3263,86,93837,28.749080882352942
0.2,3264,82,93919,28.76539050535988
0.2,3265,9,93928,28.759338640538886
0.2,3266,82,94010,28.775635139271504
0.2,3267,-7,94003,28.76468788249694
0.2,3268,80,94083,28.78036096665647
0.2,3269,26,94109,28.779510703363915
0.2,3270,79,94188,28.794863955976766
0.2,3271,79,94267,28.81020782396088
0.2,3272,-62,94205,28.782462572563396
0.2,3273,52,94257,28.7895540623091
0.2,3274,29,94286,28.789618320610685
0.2,3275,-10,94276,28.77777777777778
0.2,3276,40,94316,28.781202319194385
0.2,3277,42,94358,28.78523489932886
0.2,3278,15,94373,28.781030802073804
0.2,3279,93,94466,28.80060975609756
0.2,3280,15,94481,28.796403535507466
0.2,3281,-36,94445,28.77666057282145
0.2,3282,58,94503,28.785561985988426
0.2,3283,34,94537,28.78714981729598
0.2,3284,53,94590,28.794520547945204
0.2,3285,67,94657,28.806147291539865
0.2,3286,-94,94563,28.76878612716763
0.2,3287,-48,94515,28.74543795620438
0.2,3288,94,94609,28.76527820006081
0.2,3289,86,94695,28.782674772036476
0.2,3290,78,94773,28.797629899726527
0.2,3291,84,94857,28.814398541919804
0.2,3292,92,94949,28.83358639538415
0.2,3293,-42,94907,28.812082574377655
0.2,3294,73,94980,28.825493171471926
0.2,3295,94,95074,28.84526699029126
0.2,3296,2,95076,28.83712465878071
0.2,3297,88,95164,28.85506367495452
0.2,3298,92,95256,28.874204304334647
0.2,3299,74,95330,28.887878787878787
0.2,3300,13,95343,28.883065737655254
0.2,3301,-66,95277,28.85433070866142
0.2,3302,9,95286,28.84831970935513
0.2,3303,-97,95189,28.810230024213077
0.2,3304,90,95279,28.82874432677761
0.2,3305,84,95363,28.845432546884453
0.2,3306,84,95447,28.862110674327184
0.2,3307,-56,95391,28.83645707376058
0.2,3308,-31,95360,28.818374131157448
0.2,3309,66,95426,28.829607250755288
0.2,3310,14,95440,28.82512836001208
0.2,3311,45,95485,28.830012077294686
0.2,3312,89,95574,28.848173860549352
0.2,3313,92,95666,28.86722993361497
0.2,3314,82,95748,28.883257918552037
0.2,3315,18,95766,28.879975874547647
0.2,3316,85,95851,28.896894784443774
0.2,3317,46,95897,28.902049427365885
0.2,3318,89,95986,28.920156673696898
0.2,3319,90,96076,28.93855421686747
0.2,3320,94,96170,28.958145137006927
0.2,3321,-13,96157,28.94551475015051
0.2,3322,85,96242,28.962383388504364
0.2,3323,79,96321,28.977436823104693
0.2,3324,93,96414,28.99669172932331
0.2,3325,71,96485,29.009320505111244
0.2,3326,5,96490,29.00210399759543
0.2,3327,-55,96435,28.97686298076923
0.2,3328,71,96506,28.989486332231902
0.2,3329,86,96592,29.006606606606606
0.2,3330,43,96635,29.010807565295707
0.2,3331,26,96661,29.009903961584634
0.2,3332,69,96730,29.021902190219024
0.2,3333,81,96811,29.0374925014997
0.2,3334,86,96897,29.05457271364318
0.2,3335,66,96963,29.065647482014388
0.2,3336,-32,96931,29.04734791729098
0.2,3337,76,97007,29.06141402037148
0.2,3338,74,97081,29.07487271638215
0.2,3339,-58,97023,29.04880239520958
0.2,3340,75,97098,29.06255612092188
0.2,3341,-185,96913,28.998503889886294
0.2,3342,93,97006,29.01764881842656
0.2,3343,-51,96955,28.99372009569378
0.2,3344,40,96995,28.997010463378178
0.2,3345,93,97088,29.016138673042438
0.2,3346,83,97171,29.03226770242008
0.2,3347,94,97265,29.051672640382318
0.2,3348,-244,97021,28.97014034040012
0.2,3349,79,97100,28.98507462686567
0.2,3350,-103,96997,28.94568785437183
0.2,3351,-136,96861,28.896479713603817
0.2,3352,84,96945,28.912913808529677
0.2,3353,-117,96828,28.869409660107333
0.2,3354,-29,96799,28.852160953800297
0.2,3355,70,96869,28.864421930870083
0.2,3356,12,96881,28.859398272266905
0.2,3357,88,96969,28.87701012507445
0.2,3358,83,97052,28.893122953259898
0.2,3359,-24,97028,28.877380952380953
0.2,3360,36,97064,28.87950014876525
0.2,3361,79,97143,28.894408090422367
0.2,3362,82,97225,28.91019922688076
0.2,3363,25,97250,28.909036860879905
0.2,3364,56,97306,28.91708766716196
0.2,3365,94,97400,28.93642305407011
0.2,3366,66,97466,28.94743094743095
0.2,3367,19,97485,28.944477434679335
0.2,3368,16,97501,28.94063520332443
0.2,3369,18,97519,28.937388724035607
0.2,3370,91,97610,28.955799466033817
0.2,3371,62,97672,28.965599051008304
0.2,3372,74,97746,28.97895048917877
0.2,3373,39,97785,28.981920569057497
0.2,3374,-78,97707,28.950222222222223
0.2,3375,47,97754,28.955568720379148
0.2,3376,93,97847,28.97453360971276
0.2,3377,-42,97805,28.95352279455299
0.2,3378,93,97898,28.972477064220183
0.2,3379,85,97983,28.98905325443787
0.2,3380,-69,97914,28.960070984915706
0.2,3381,-47,97867,28.937610881135424
0.2,3382,84,97951,28.95388708247118
0.2,3383,51,98002,28.960401891252957
0.2,3384,85,98087,28.97695716395864
0.2,3385,-59,98028,28.950974601299468
0.2,3386,14,98042,28.94656037791556
0.2,3387,86,98128,28.96340023612751
0.2,3388,90,98218,28.981410445559163
0.2,3389,87,98305,28.99852507374631
0.2,3390,-350,97955,28.8867590681215
0.2,3391,-3,97952,28.87735849056604
0.2,3392,93,98045,28.896256999705276
0.2,3393,91,98136,28.914555097230405
0.2,3394,93,98229,28.933431516936672
0.2,3395,15,98244,28.929328621908127
0.2,3396,53,98297,28.936414483367678
0.2,3397,60,98357,28.94555620953502
0.2,3398,75,98432,28.959105619299795
0.2,3399,91,98523,28.97735294117647
0.2,3400,0,98523,28.968832696265803
0.2,3401,83,98606,28.984714873603764
0.2,3402,-94,98512,28.94857478695269
0.2,3403,77,98589,28.962690951821386
0.2,3404,93,98682,28.981497797356827
0.2,3405,94,98776,29.000587199060483
0.2,3406,-30,98746,28.983269738773114
0.2,3407,24,98770,28.981807511737088
0.2,3408,74,98844,28.99501320035201
0.2,3409,89,98933,29.012609970674486
0.2,3410,85,99018,29.029023746701846
0.2,3411,80,99098,29.043962485345837
0.2,3412,52,99150,29.050688543803105
0.2,3413,90,99240,29.06854130052724
0.2,3414,61,99301,29.077891654465592
0.2,3415,69,99370,29.089578454332553
0.2,3416,83,99453,29.105355575065847
0.2,3417,61,99514,29.114686951433587
0.2,3418,50,99564,29.12079555425563
0.2,3419,-68,99496,29.092397660818712
0.2,3420,-20,99476,29.078047354574686
0.2,3421,31,99507,29.078609000584454
0.2,3422,-27,99480,29.06222611744084
0.2,3423,81,99561,29.077394859813083
0.2,3424,84,99645,29.093430656934306
0.2,3425,65,99710,29.10391126678342
0.2,3426,5,99715,29.09687773562883
0.2,3427,94,99809,29.11581096849475
0.2,3428,75,99884,29.129192184310295
0.2,3429,-24,99860,29.113702623906704
0.2,3430,-6,99854,29.1034683765666
0.2,3431,32,99886,29.104312354312356
0.2,3432,51,99937,29.11069035828721
0.2,3433,-51,99886,29.087361677344205
0.2,3434,67,99953,29.09839883551674
0.2,3435,84,100037,29.114377182770664
0.2,3436,-86,99951,29.080884492289787
0.2,3437,40,99991,29.084060500290867
0.2,3438,93,100084,29.102646118057574
0.2,3439,44,100128,29.106976744186046
0.2,3440,78,100206,29.121185701830864
0.2,3441,50,100256,29.12725159790819
0.2,3442,-28,100228,29.110659308742378
0.2,3443,-160,100068,29.05574912891986
0.2,3444,-50,100018,29.03280116110305
0.2,3445,78,100096,29.047011027278003
0.2,3446,39,100135,29.0498984624311
0.2,3447,26,100161,29.04901392111369
0.2,3448,79,100240,29.063496665700203
0.2,3449,66,100306,29.074202898550723
0.2,3450,91,100397,29.09214720370907
0.2,3451,67,100464,29.103128621089223
0.2,3452,89,100553,29.120474949319433
0.2,3453,80,100633,29.135205558772437
0.2,3454,49,100682,29.14095513748191
0.2,3455,7,100689,29.13454861111111
0.2,3456,-11,100678,29.12293896442002
0.2,3457,-124,100554,29.07865818392134
0.2,3458,9,100563,29.07285342584562
0.2,3459,67,100630,29.083815028901736
0.2,3460,59,100689,29.092458826928635
0.2,3461,32,100721,29.093298671288274
0.2,3462,-153,100568,29.040716142073347
0.2,3463,89,100657,29.058025404157043
0.2,3464,-35,100622,29.03953823953824
0.2,3465,82,100704,29.05481823427582
0.2,3466,5,100709,29.04788001153735
0.2,3467,16,100725,29.044117647058822
0.2,3468,71,100796,29.05621216488902
0.2,3469,-1,100795,29.04755043227666
0.2,3470,78,100873,29.06165370210314
0.2,3471,94,100967,29.080357142857142
0.2,3472,93,101060,29.098761877339477
0.2,3473,29,101089,29.09873344847438
0.2,3474,85,101174,29.11482014388489
0.2,3475,18,101192,29.111622554660528
0.2,3476,94,101286,29.130284728213976
0.2,3477,-7,101279,29.11989649223692
0.2,3478,-120,101159,29.07703363035355
0.2,3479,78,101237,29.09109195402299
0.2,3480,-9,101228,29.08014938236139
0.2,3481,86,101314,29.096496266513498
0.2,3482,90,101404,29.113982199253517
0.2,3483,2,101406,29.106199770378876
0.2,3484,36,101442,29.108177905308466
0.2,3485,-50,101392,29.08548479632817
0.2,3486,8,101400,29.079437912245485
0.2,3487,82,101482,29.09461009174312
0.2,3488,91,101573,29.112353109773576
0.2,3489,42,101615,29.116045845272208
0.2,3490,-78,101537,29.085362360355198
0.2,3491,59,101596,29.09392898052692
0.2,3492,76,101672,29.10735757228743
0.2,3493,-23,101649,29.09244419004007
0.2,3494,42,101691,29.096137339055794
0.2,3495,94,101785,29.11470251716247
0.2,3496,38,101823,29.117243351444095
0.2,3497,89,101912,29.134362492853057
0.2,3498,45,101957,29.138896827665047
0.2,3499,89,102046,29.156
0.2,3500,84,102130,29.171665238503284
0.2,3501,-182,101948,29.111364934323245
0.2,3502,-410,101538,28.986011989723096
0.2,3503,94,101632,29.004566210045663
0.2,3504,66,101698,29.015121255349502
0.2,3505,41,101739,29.018539646320594
0.2,3506,-237,101502,28.942686056458513
0.2,3507,-36,101466,28.924173318129988
0.2,3508,53,101519,28.93103448275862
0.2,3509,93,101612,28.94928774928775
0.2,3510,-20,101592,28.935346055254914
0.2,3511,32,101624,28.93621867881549
0.2,3512,-141,101483,28.887845146598348
0.2,3513,60,101543,28.896698918611268
0.2,3514,52,101595,28.903271692745378
0.2,3515,-88,101507,28.870022753128556
0.2,3516,94,101601,28.88854137048621
0.2,3517,-18,101583,28.87521318931211
0.2,3518,-65,101518,28.8485365160557
0.2,3519,86,101604,28.864772727272726
0.2,3520,-87,101517,28.831865947174098
0.2,3521,56,101573,28.839579784213516
0.2,3522,-196,101377,28.7757592960545
0.2,3523,53,101430,28.782633371169126
0.2,3524,79,101509,28.796879432624113
0.2,3525,89,101598,28.813953488372093
0.2,3526,22,101620,28.81202154805784
0.2,3527,10,101630,28.80668934240363
0.2,3528,18,101648,28.803627089827145
0.2,3529,11,101659,28.7985835694051
0.2,3530,90,101749,28.815916171056358
0.2,3531,12,101761,28.81115515288788
0.2,3532,-394,101367,28.69148032833286
0.2,3533,80,101447,28.70599886813809
0.2,3534,-53,101394,28.682885431400283
0.2,3535,58,101452,28.691176470588236
0.2,3536,86,101538,28.70737913486005
0.2,3537,93,101631,28.725551158846805
0.2,3538,92,101723,28.743430347555808
0.2,3539,94,101817,28.76186440677966
0.2,3540,93,101910,28.780005648122
0.2,3541,91,102001,28.797571993224167
0.2,3542,-116,101885,28.756703358735535
0.2,3543,21,101906,28.75451467268623
0.2,3544,61,101967,28.76361071932299
0.2,3545,2,101969,28.756063169768755
0.2,3546,45,102014,28.76064279672963
0.2,3547,65,102079,28.770856820744083
0.2,3548,-11,102068,28.759650605804453
0.2,3549,-196,101872,28.696338028169013
0.2,3550,70,101942,28.707969586032103
0.2,3551,51,101993,28.714245495495497
0.2,3552,28,102021,28.714044469462426
0.2,3553,-29,101992,28.697805289814294
0.2,3554,91,102083,28.715330520393813
0.2,3555,-57,102026,28.691226096737907
0.2,3556,20,102046,28.688782682035423
0.2,3557,14,102060,28.684654300168635
0.2,3558,-147,101913,28.63529081202585
0.2,3559,75,101988,28.64831460674157
0.2,3560,-93,101895,28.614153327716934
0.2,3561,-67,101828,28.58731049971926
0.2,3562,62,101890,28.59668818411451
0.2,3563,7,101897,28.590628507295175
0.2,3564,35,101932,28.59242636746143
0.2,3565,70,102002,28.604038137969713
0.2,3566,92,102094,28.621811045696663
0.2,3567,92,102186,28.63957399103139
0.2,3568,92,102278,28.657326982347996
0.2,3569,69,102347,28.66862745098039
0.2,3570,89,102436,28.68552226267152
0.2,3571,-37,102399,28.66713325867861
0.2,3572,94,102493,28.685418415897004
0.2,3573,71,102564,28.697257974258534
0.2,3574,80,102644,28.71160839160839
0.2,3575,86,102730,28.727628635346758
0.2,3576,19,102749,28.724909141738888
0.2,3577,71,102820,28.73672442705422
0.2,3578,67,102887,28.74741547918413
0.2,3579,82,102969,28.762290502793295
0.2,3580,93,103062,28.780228986316672
0.2,3581,89,103151,28.797040759352317
0.2,3582,79,103230,28.811052190901478
0.2,3583,20,103250,28.80859375
0.2,3584,85,103335,28.824267782426777
0.2,3585,79,103414,28.838259899609593
0.2,3586,90,103504,28.855310844717035
0.2,3587,0,103504,28.84726867335563
0.2,3588,90,103594,28.864307606575647
0.2,3589,15,103609,28.860445682451253
0.2,3590,53,103662,28.8671679197995
0.2,3591,21,103683,28.864977728285076
0.2,3592,84,103767,28.880322849986083
0.2,3593,-145,103622,28.831942125765163
0.2,3594,81,103703,28.84645340751043
0.2,3595,26,103729,28.845661846496107
0.2,3596,91,103820,28.86294134000556
0.2,3597,84,103904,28.878265703168427
0.2,3598,-10,103894,28.86746318421784
0.2,3599,-134,103760,28.822222222222223
0.2,3600,-42,103718,28.802554845876145
0.2,3601,64,103782,28.81232648528595
0.2,3602,60,103842,28.82098251457119
0.2,3603,-56,103786,28.797447280799112
0.2,3604,53,103839,28.80416088765603
0.2,3605,94,103933,28.822240709927897
0.2,3606,60,103993,28.830884391461048
0.2,3607,-121,103872,28.789356984478935
0.2,3608,50,103922,28.795234136880023
0.2,3609,75,103997,28.80803324099723
0.2,3610,10,104007,28.802824702298533
0.2,3611,32,104039,28.803709856035436
0.2,3612,49,104088,28.80929975089953
0.2,3613,-62,104026,28.784172661870503
0.2,3614,86,104112,28.8
0.2,3615,13,104125,28.79563053097345
0.2,3616,84,104209,28.81089300525297
0.2,3617,4,104213,28.804035378662245
0.2,3618,70,104283,28.81541862392926
0.2,3619,-18,104265,28.802486187845304
0.2,3620,-118,104147,28.76194421430544
0.2,3621,85,104232,28.777471010491443
0.2,3622,69,104301,28.7885730057963
0.2,3623,-155,104146,28.7378587196468
0.2,3624,90,104236,28.754758620689657
0.2,3625,91,104327,28.7719249862107
0.2,3626,66,104393,28.782189137027846
0.2,3627,73,104466,28.794377067254686
0.2,3628,71,104537,28.806007164508127
0.2,3629,-50,104487,28.784297520661156
0.2,3630,93,104580,28.8019829248141
0.2,3631,89,104669,28.81855726872247
0.2,3632,-73,104596,28.790531241398295
0.2,3633,65,104661,28.800495321959275
0.2,3634,63,104724,28.80990371389271
0.2,3635,-16,104708,28.797579757975797
0.2,3636,92,104800,28.81495738245807
0.2,3637,92,104892,28.832325453545906
0.2,3638,76,104968,28.845287166804066
0.2,3639,92,105060,28.86263736263736
0.2,3640,3,105063,28.855534193902773
0.2,3641,69,105132,28.866556836902802
0.2,3642,-43,105089,28.846829536096624
0.2,3643,87,105176,28.86278814489572
0.2,3644,16,105192,28.85925925925926
0.2,3645,-128,105064,28.816236972024136
0.2,3646,77,105141,28.829448862078422
0.2,3647,86,105227,28.84512061403509
0.2,3648,-167,105060,28.791449712249932
0.2,3649,-53,105007,28.76904109589041
0.2,3650,81,105088,28.78334702821145
0.2,3651,94,105182,28.801204819277107
0.2,3652,67,105249,28.81166164796058
0.2,3653,54,105303,28.81855500821018
0.2,3654,80,105383,28.832558139534882
0.2,3655,89,105472,28.849015317286653
0.2,3656,84,105556,28.86409625375991
0.2,3657,-39,105517,28.845544013121923
0.2,3658,-36,105481,28.827821809237495
0.2,3659,76,105557,28.84071038251366
0.2,3660,87,105644,28.8565965583174
0.2,3661,-318,105326,28.76187875477881
0.2,3662,-54,105272,28.739284739284738
0.2,3663,-7,105265,28.72953056768559
0.2,3664,-115,105150,28.69031377899045
0.2,3665,23,105173,28.688761593016913
0.2,3666,94,105267,28.706572129806382
0.2,3667,-264,105003,28.626772082878954
0.2,3668,-153,104850,28.5772690106296
0.2,3669,89,104939,28.593732970027247
0.2,3670,82,105021,28.608281122309997
0.2,3671,-175,104846,28.552832244008716
0.2,3672,-45,104801,28.53280696977947
0.2,3673,73,104874,28.54491017964072
0.2,3674,66,104940,28.555102040816326
0.2,3675,47,104987,28.560119695321003
0.2,3676,-95,104892,28.52651618166984
0.2,3677,67,104959,28.536976617727024
0.2,3678,0,104959,28.529219896711062
0.2,3679,20,104979,28.526902173913044
0.2,3680,45,105024,28.531377343113284
0.2,3681,81,105105,28.545627376425855
0.2,3682,22,105127,28.543850122183002
0.2,3683,82,105209,28.558360477741584
0.2,3684,77,105286,28.571506105834462
0.2,3685,-112,105174,28.533369506239826
0.2,3686,-115,105059,28.4944399240575
0.2,3687,50,105109,28.50027114967462
0.2,3688,88,105197,28.516400108430467
0.2,3689,74,105271,28.528726287262874
0.2,3690,66,105337,28.538878352749933
0.2,3691,63,105400,28.548212351029253
0.2,3692,10,105410,28.543189818575684
0.2,3693,85,105495,28.558473199783432
0.2,3694,81,105576,28.572665764546684
0.2,3695,89,105665,28.589015151515152
0.2,3696,45,105710,28.59345415201515
0.2,3697,50,105760,28.599242833964304
0.2,3698,-62,105698,28.574749932414164
0.2,3699,5,105703,28.568378378378377
0.2,3700,-41,105662,28.54958119427182
0.2,3701,-139,105523,28.504321988114533
0.2,3702,24,105547,28.503105590062113
0.2,3703,-251,105296,28.427645788336932
0.2,3704,89,105385,28.44399460188934
0.2,3705,79,105464,28.45763626551538
0.2,3706,43,105507,28.46155921230105
0.2,3707,35,105542,28.463322545846818
0.2,3708,36,105578,28.465354543003507
0.2,3709,89,105667,28.48167115902965
0.2,3710,80,105747,28.495553759094584
0.2,3711,55,105802,28.502693965517242
0.2,3712,66,105868,28.512792889846484
0.2,3713,92,105960,28.52988691437803
0.2,3714,93,106053,28.547240915208615
0.2,3715,28,106081,28.54709364908504
0.2,3716,82,106163,28.56147430723702
0.2,3717,80,106243,28.575309306078537
0.2,3718,91,106334,28.59209464909922
0.2,3719,-16,106318,28.580107526881722
0.2,3720,80,106398,28.593926363880676
0.2,3721,-11,106387,28.58328855454057
0.2,3722,92,106479,28.600322320709104
0.2,3723,93,106572,28.617615467239528
0.2,3724,86,106658,28.63302013422819
0.2,3725,44,106702,28.637144390767578
0.2,3726,94,106796,28.65468204990609
0.2,3727,43,106839,28.658530042918454
0.2,3728,-112,106727,28.62080986859748
0.2,3729,-36,106691,28.603485254691687
0.2,3730,45,106736,28.607879924953096
0.2,3731,72,106808,28.619506966773848
0.2,3732,91,106899,28.636217519421375
0.2,3733,-68,106831,28.610337439742903
0.2,3734,68,106899,28.620883534136546
0.2,3735,-27,106872,28.605995717344754
0.2,3736,47,106919,28.61091784854161
0.2,3737,80,106999,28.62466559657571
0.2,3738,93,107092,28.64188285637871
0.2,3739,94,107186,28.659358288770054
0.2,3740,87,107273,28.674953221063888
0.2,3741,-134,107139,28.63148049171566
0.2,3742,-123,107016,28.590969810312583
0.2,3743,86,107102,28.606303418803417
0.2,3744,38,107140,28.608811748998665
0.2,3745,93,107233,28.62600106780566
0.2,3746,28,107261,28.62583400053376
0.2,3747,35,107296,28.627534685165422
0.2,3748,-10,107286,28.61723126166978
0.2,3749,53,107339,28.623733333333334
0.2,3750,82,107421,28.637963209810717
0.2,3751,-95,107326,28.60501066098081
0.2,3752,-48,107278,28.584598987476685
0.2,3753,93,107371,28.601758124667022
0.2,3754,90,107461,28.618109187749667
0.2,3755,6,107467,28.612087326943556
0.2,3756,83,107550,28.626563747671014
0.2,3757,95,107645,28.644225651942524
0.2,3758,-55,107590,28.6219739292365
0.2,3759,92,107682,28.63882978723404
0.2,3760,93,107775,28.655942568465832
0.2,3761,-209,107566,28.592769803296118
0.2,3762,50,107616,28.59845867658783
0.2,3763,68,107684,28.608926673751327
0.2,3764,85,107769,28.62390438247012
0.2,3765,61,107830,28.632501327668614
0.2,3766,-121,107709,28.592779400053093
0.2,3767,72,107781,28.604299363057326
0.2,3768,-21,107760,28.59113823295304
0.2,3769,-126,107634,28.550132625994696
0.2,3770,49,107683,28.555555555555557
0.2,3771,61,107744,28.564156945917286
0.2,3772,53,107797,28.57063344818447
0.2,3773,5,107802,28.564387917329093
0.2,3774,55,107857,28.57139072847682
0.2,3775,72,107929,28.582891949152543
0.2,3776,-39,107890,28.56499867619804
0.2,3777,81,107971,28.578877713075702
0.2,3778,57,108028,28.58639851812649
0.2,3779,24,108052,28.585185185185185
0.2,3780,20,108072,28.582914572864322
0.2,3781,77,108149,28.59571655208884
0.2,3782,51,108200,28.601638910917263
0.2,3783,-99,108101,28.56791754756871
0.2,3784,63,108164,28.57701453104359
0.2,3785,-39,108125,28.55916534601162
0.2,3786,90,108215,28.575389490361765
0.2,3787,94,108309,28.592661034846884
0.2,3788,32,108341,28.59356030614938
0.2,3789,-8,108333,28.583905013192613
0.2,3790,23,108356,28.5824320759694
0.2,3791,90,108446,28.598628691983123
0.2,3792,93,108539,28.615607698391774
0.2,3793,-156,108383,28.566947812335265
0.2,3794,55,108438,28.57391304347826
0.2,3795,12,108450,28.5695468914647
0.2,3796,30,108480,28.569923623913617
0.2,3797,86,108566,28.585044760400212
0.2,3798,-56,108510,28.56277967886286
0.2,3799,77,108587,28.575526315789475
0.2,3800,71,108658,28.586687713759538
0.2,3801,71,108729,28.59784324039979
0.2,3802,59,108788,28.60583749671312
0.2,3803,6,108794,28.599894847528915
0.2,3804,15,108809,28.596320630749016
0.2,3805,90,108899,28.61245401996847
0.2,3806,64,108963,28.62174940898345
0.2,3807,52,109015,28.627888655462186
0.2,3808,28,109043,28.627723812024154
0.2,3809,87,109130,28.64304461942257
0.2,3810,78,109208,28.65599580162687
0.2,3811,44,109252,28.660020986358866
0.2,3812,85,109337,28.67479674796748
0.2,3813,-60,109277,28.651546932354485
0.2,3814,91,109368,28.667889908256882
0.2,3815,23,109391,28.66640461215933
0.2,3816,62,109453,28.675137542572703
0.2,3817,60,109513,28.683342063907805
0.2,3818,-174,109339,28.630269704111022
0.2,3819,91,109430,28.646596858638745
0.2,3820,7,109437,28.640931693274013
0.2,3821,62,109499,28.64965986394558
0.2,3822,84,109583,28.664138111430812
0.2,3823,45,109628,28.668410041841003
0.2,3824,-167,109461,28.617254901960784
0.2,3825,-151,109310,28.570308416100367
0.2,3826,70,109380,28.581134047556834
0.2,3827,87,109467,28.596394984326018
0.2,3828,80,109547,28.60981979629146
0.2,3829,36,109583,28.611749347258485
0.2,3830,80,109663,28.625163142782565
0.2,3831,-91,109572,28.59394572025052
0.2,3832,-115,109457,28.556483172449777
0.2,3833,-44,109413,28.537558685446008
0.2,3834,56,109469,28.54471968709257
0.2,3835,94,109563,28.561783107403546
0.2,3836,20,109583,28.559551733124838
0.2,3837,69,109652,28.57008858780615
0.2,3838,25,109677,28.569158635061214
0.2,3839,72,109749,28.58046875
0.2,3840,-12,109737,28.569903670919032
0.2,3841,26,109763,28.56923477355544
0.2,3842,57,109820,28.57663283892792
0.2,3843,67,109887,28.5866285119667
0.2,3844,85,109972,28.601300390117036
0.2,3845,-149,109823,28.555122204888196
0.2,3846,59,109882,28.56303613205095
0.2,3847,83,109965,28.57718295218295
0.2,3848,82,110047,28.591062613665887
0.2,3849,94,110141,28.608051948051948
0.2,3850,87,110228,28.623214749415737
0.2,3851,13,110241,28.619158878504674
0.2,3852,83,110324,28.63327277446146
0.2,3853,54,110378,28.639854696419306
0.2,3854,73,110451,28.65136186770428
0.2,3855,89,110540,28.66701244813278
0.2,3856,78,110618,28.679802955665025
0.2,3857,-9,110609,28.670036288232243
0.2,3858,87,110696,28.68515159367712
0.2,3859,-232,110464,28.61761658031088
0.2,3860,-19,110445,28.605283605283606
0.2,3861,9,110454,28.600207146556187
0.2,3862,-66,110388,28.575718353611183
0.2,3863,82,110470,28.589544513457557
0.2,3864,9,110479,28.584476067270376
0.2,3865,88,110567,28.59984480082773
0.2,3866,12,110579,28.595552107576932
0.2,3867,45,110624,28.59979317476732
0.2,3868,-61,110563,28.576634789351253
0.2,3869,52,110615,28.58268733850129
0.2,3870,12,110627,28.578403513304057
0.2,3871,2,110629,28.571539256198346
0.2,3872,36,110665,28.573457268267493
0.2,3873,20,110685,28.571244192049562
0.2,3874,-32,110653,28.555612903225807
0.2,3875,91,110744,28.57172342621259
0.2,3876,72,110816,28.582924941965437
0.2,3877,-22,110794,28.56988138215575
0.2,3878,-35,110759,28.553493168342357
0.2,3879,53,110812,28.55979381443299
0.2,3880,-15,110797,28.548569956196857
0.2,3881,80,110877,28.561823802163833
0.2,3882,16,110893,28.55858872006181
0.2,3883,5,110898,28.55252317198764
0.2,3884,62,110960,28.56113256113256
0.2,3885,-50,110910,28.540916109109624
0.2,3886,86,110996,28.555698482119887
0.2,3887,-19,110977,28.543467078189302
0.2,3888,26,111003,28.54281306248393
0.2,3889,93,111096,28.559383033419024
0.2,3890,82,111178,28.57311745052686
0.2,3891,89,111267,28.588643371017472
0.2,3892,83,111350,28.602620087336245
0.2,3893,44,111394,28.60657421674371
0.2,3894,89,111483,28.622079589216945
0.2,3895,21,111504,28.62012320328542
0.2,3896,92,111596,28.636386964331535
0.2,3897,54,111650,28.642893791688046
0.2,3898,31,111681,28.643498332905875
0.2,3899,75,111756,28.655384615384616
0.2,3900,10,111766,28.650602409638555
0.2,3901,5,111771,28.64454126089185
0.2,3902,83,111854,28.658467845247245
0.2,3903,54,111908,28.664959016393443
0.2,3904,56,111964,28.671959026888604
0.2,3905,-38,111926,28.654889912954427
0.2,3906,94,112020,28.671615049910418
0.2,3907,89,112109,28.687052200614126
0.2,3908,89,112198,28.702481453057047
0.2,3909,-223,111975,28.638107416879794
0.2,3910,-36,111939,28.62158015852723
0.2,3911,2,111941,28.614775051124745
0.2,3912,84,112025,28.62892921032456
0.2,3913,59,112084,28.636688809402145
0.2,3914,72,112156,28.647765006385697
0.2,3915,61,112217,28.65602655771195
0.2,3916,39,112256,28.65866734745979
0.2,3917,-82,112174,28.630423685553854
0.2,3918,-22,112152,28.617504465424854
0.2,3919,-14,112138,28.606632653061226
0.2,3920,50,112188,28.612088752869166
0.2,3921,90,112278,28.627740948495667
0.2,3922,93,112371,28.644149885291867
0.2,3923,-80,112291,28.616462793068298
0.2,3924,83,112374,28.63031847133758
0.2,3925,25,112399,28.629393785022923
0.2,3926,2,112401,28.622612681436213
0.2,3927,73,112474,28.633910386965375
0.2,3928,18,112492,28.631203868668873
0.2,3929,-8,112484,28.621882951653944
0.2,3930,85,112569,28.636224879165606
0.2,3931,90,112659,28.65183112919634
0.2,3932,67,112726,28.661581489956777
0.2,3933,67,112793,28.671326893746823
0.2,3934,78,112871,28.683862770012706
0.2,3935,72,112943,28.694867886178862
0.2,3936,-244,112699,28.625603251206503
0.2,3937,7,112706,28.620111731843576
0.2,3938,-5,112701,28.61157654226961
0.2,3939,90,112791,28.62715736040609
0.2,3940,54,112845,28.633595534128393
0.2,3941,-12,112833,28.623287671232877
0.2,3942,84,112917,28.637331980725335
0.2,3943,60,112977,28.64528397565923
0.2,3944,71,113048,28.656020278833967
0.2,3945,-14,113034,28.645210339584388
0.2,3946,89,113123,28.66050164682037
0.2,3947,-35,113088,28.64437689969605
0.2,3948,68,113156,28.654342871613068
0.2,3949,63,113219,28.663037974683544
0.2,3950,72,113291,28.674006580612502
0.2,3951,32,113323,28.67484817813765
0.2,3952,72,113395,28.68580824690109
0.2,3953,-79,113316,28.658573596358117
0.2,3954,89,113405,28.673830594184576
0.2,3955,85,113490,28.688068756319513
0.2,3956,85,113575,28.702299722011624
0.2,3957,84,113659,28.716270843860535
0.2,3958,74,113733,28.727709017428644
0.2,3959,76,113809,28.739646464646466
0.2,3960,-87,113722,28.71042665993436
0.2,3961,82,113804,28.723876829883896
0.2,3962,78,113882,28.736310875599294
0.2,3963,83,113965,28.75
0.2,3964,-70,113895,28.725094577553595
0.2,3965,88,113983,28.740040342914774
0.2,3966,90,114073,28.755482732543484
0.2,3967,36,114109,28.757308467741936
0.2,3968,90,114199,28.772738725119677
0.2,3969,24,114223,28.77153652392947
0.2,3970,72,114295,28.782422563586
0.2,3971,81,114376,28.795568982880162
0.2,3972,-213,114163,28.73470928769192
0.2,3973,86,114249,28.74911927528938
0.2,3974,92,114341,28.76503144654088
0.2,3975,90,114431,28.78043259557344
0.2,3976,34,114465,28.781745033945185
0.2,3977,5,114470,28.77576671694319
0.2,3978,89,114559,28.7909022367429
0.2,3979,67,114626,28.800502512562815
0.2,3980,89,114715,28.81562421502135
0.2,3981,83,114798,28.829231541938725
0.2,3982,82,114880,28.842580969118753
0.2,3983,65,114945,28.851656626506024
0.2,3984,-50,114895,28.831869510664994
0.2,3985,-149,114746,28.787255393878574
0.2,3986,-381,114365,28.684474542262354
0.2,3987,-18,114347,28.672768304914744
0.2,3988,94,114441,28.68914514916019
0.2,3989,-11,114430,28.67919799498747
0.2,3990,45,114475,28.683287396642445
0.2,3991,-9,114466,28.67384769539078
0.2,3992,94,114560,28.690207863761582
0.2,3993,84,114644,28.70405608412619
0.2,3994,88,114732,28.7188986232791
0.2,3995,34,114766,28.72022022022022
0.2,3996,89,114855,28.73530147610708
0.2,3997,77,114932,28.74737368684342
0.2,3998,4,114936,28.74118529632408
0.2,3999,84,115020,28.755
0.2,4000,-12,115008,28.74481379655086
0.2,4001,70,115078,28.75512243878061
0.2,4002,86,115164,28.7694229328004
0.2,4003,20,115184,28.767232767232766
0.2,4004,89,115273,28.78227215980025
0.2,4005,76,115349,28.79405891163255
0.2,4006,89,115438,28.809084102820066
0.2,4007,-68,115370,28.784930139720558
0.2,4008,77,115447,28.796956847094037
0.2,4009,90,115537,28.812219451371572
0.2,4010,71,115608,28.82273747195213
0.2,4011,15,115623,28.81929212362911
0.2,4012,-36,115587,28.80313979566409
0.2,4013,-39,115548,28.78624813153961
0.2,4014,27,115575,28.785803237858033
0.2,4015,90,115665,28.80104581673307
0.2,4016,85,115750,28.815036096589495
0.2,4017,83,115833,28.828521652563463
0.2,4018,-130,115703,28.789002239363025
0.2,4019,-3,115700,28.781094527363184
0.2,4020,79,115779,28.793583685650336
0.2,4021,92,115871,28.809298856290404
0.2,4022,94,115965,28.825503355704697
0.2,4023,71,116036,28.835984095427435
0.2,4024,9,116045,28.831055900621116
0.2,4025,89,116134,28.846000993541978
0.2,4026,-85,116049,28.81773032033772
0.2,4027,59,116108,28.825223435948363
0.2,4028,48,116156,28.829982625961776
0.2,4029,18,116174,28.827295285359803
0.2,4030,75,116249,28.83874968990325
0.2,4031,30,116279,28.8390376984127
0.2,4032,-106,116173,28.805603768906522
0.2,4033,58,116231,28.812840852751613
0.2,4034,62,116293,28.82106567534077
0.2,4035,90,116383,28.836223984142716
0.2,4036,-13,116370,28.825860787713648
0.2,4037,89,116459,28.840762753838533
0.2,4038,13,116472,28.836840802178756
0.2,4039,-42,116430,28.81930693069307
0.2,4040,80,116510,28.831972284088096
0.2,4041,84,116594,28.845620979713015
0.2,4042,-131,116463,28.806084590650507
0.2,4043,84,116547,28.81973293768546
0.2,4044,-64,116483,28.796786155747835
0.2,4045,89,116572,28.811665842807713
0.2,4046,92,116664,28.82727946627131
0.2,4047,-52,116612,28.807312252964426
0.2,4048,11,116623,28.80291429982712
0.2,4049,91,116714,28.81827160493827
0.2,4050,20,116734,28.81609479140953
0.2,4051,82,116816,28.829220138203357
0.2,4052,7,116823,28.82383419689119
0.2,4053,-103,116720,28.791317217562902
0.2,4054,81,116801,28.804192355117138
0.2,4055,44,116845,28.807938856015777
0.2,4056,12,116857,28.80379590830663
0.2,4057,-107,116750,28.770330211927057
0.2,4058,-43,116707,28.752648435575264
0.2,4059,39,116746,28.755172413793105
0.2,4060,21,116767,28.753262743166708
0.2,4061,91,116858,28.768586903003445
0.2,4062,9,116867,28.763721388136844
0.2,4063,-328,116539,28.675935039370078
0.2,4064,91,116630,28.69126691266913
0.2,4065,88,116718,28.70585341859321
0.2,4066,40,116758,28.70863044012786
0.2,4067,0,116758,28.7015732546706
0.2,4068,90,116848,28.716637994593267
0.2,4069,93,116941,28.732432432432432
0.2,4070,87,117028,28.74674527143208
0.2,4071,-15,117013,28.736001964636543
0.2,4072,25,117038,28.735084704149276
0.2,4073,69,117107,28.744968090328914
0.2,4074,78,117185,28.757055214723927
0.2,4075,86,117271,28.77109911678116
0.2,4076,91,117362,28.78636252146186
0.2,4077,93,117455,28.80210887690044
0.2,4078,-79,117376,28.775680313802404
0.2,4079,-191,117185,28.721813725490197
0.2,4080,85,117270,28.735604018622887
0.2,4081,-319,116951,28.650416462518372
0.2,4082,38,116989,28.65270634337497
0.2,4083,77,117066,28.66454456415279
0.2,4084,47,117113,28.669033047735617
0.2,4085,94,117207,28.685022026431717
0.2,4086,-143,117064,28.64301443601664
0.2,4087,-49,117015,28.624021526418787
0.2,4088,74,117089,28.635118610907313
0.2,4089,94,117183,28.651100244498778
0.2,4090,-31,117152,28.63651918846248
0.2,4091,89,117241,28.651270772238515
0.2,4092,-45,117196,28.633276325433666
0.2,4093,85,117281,28.64704445530044
0.2,4094,77,117358,28.65885225885226
0.2,4095,89,117447,28.673583984375
0.2,4096,85,117532,28.687332194288505
0.2,4097,53,117585,28.693265007320644
0.2,4098,79,117664,28.70553793608197
0.2,4099,-12,117652,28.69560975609756
0.2,4100,41,117693,28.698610095098758
0.2,4101,-278,117415,28.623842028278887
0.2,4102,-118,117297,28.58810626370948
0.2,4103,37,117334,28.590155945419102
0.2,4104,11,117345,28.585870889159562
0.2,4105,18,117363,28.5832927423283
0.2,4106,92,117455,28.59873386900414
0.2,4107,30,117485,28.599074975657253
0.2,4108,77,117562,28.61085422243855
0.2,4109,74,117636,28.62189781021898
0.2,4110,54,117690,28.628071028946728
0.2,4111,-45,117645,28.610165369649806
0.2,4112,76,117721,28.62168733284707
0.2,4113,-10,117711,28.612299465240643
0.2,4114,80,117791,28.624787363304982
0.2,4115,88,117879,28.639212827988338
0.2,4116,87,117966,28.653388389604082
0.2,4117,74,118040,28.664400194269064
0.2,4118,85,118125,28.678077203204662
0.2,4119,30,118155,28.678398058252426
0.2,4120,-51,118104,28.6590633341422
0.2,4121,33,118137,28.660116448326054
0.2,4122,32,118169,28.660926509822943
0.2,4123,49,118218,28.665858389912707
0.2,4124,72,118290,28.676363636363636
0.2,4125,-32,118258,28.66165777993214
0.2,4126,94,118352,28.677489701962685
0.2,4127,64,118416,28.686046511627907
0.2,4128,-17,118399,28.67498183579559
0.2,4129,90,118489,28.689830508474575
0.2,4130,83,118572,28.702977487291214
0.2,4131,74,118646,28.713939980638916
0.2,4132,92,118738,28.729252359061213
0.2,4133,76,118814,28.740686985970004
0.2,4134,-219,118595,28.680773881499395
0.2,4135,78,118673,28.692698259187623
0.2,4136,-3,118670,28.685037466763355
0.2,4137,-98,118572,28.654422426292896
0.2,4138,94,118666,28.670210195699443
0.2,4139,88,118754,28.684541062801934
0.2,4140,91,118845,28.699589471142236
0.2,4141,52,118897,28.705214872042493
0.2,4142,77,118974,28.716871832005793
0.2,4143,-25,118949,28.703909266409266
0.2,4144,28,118977,28.703739445114596
0.2,4145,58,119035,28.710805595754945
0.2,4146,-152,118883,28.667229322401734
0.2,4147,47,118930,28.671648987463836
0.2,4148,0,118930,28.664738491202698
0.2,4149,25,118955,28.663855421686748
0.2,4150,92,119047,28.679113466634547
0.2,4151,74,119121,28.690028901734102
0.2,4152,94,119215,28.705754875993257
0.2,4153,85,119300,28.719306692344727
0.2,4154,10,119310,28.71480144404332
0.2,4155,21,119331,28.712945139557267
0.2,4156,88,119419,28.727207120519605
0.2,4157,21,119440,28.725348725348724
0.2,4158,-141,119299,28.68453955277711
0.2,4159,66,119365,28.693509615384617
0.2,4160,74,119439,28.704397981254505
0.2,4161,68,119507,28.71383950024027
0.2,4162,-9,119498,28.70478020658179
0.2,4163,92,119590,28.71998078770413
0.2,4164,24,119614,28.718847539015606
0.2,4165,-138,119476,28.678828612578013
0.2,4166,55,119531,28.68514518838493
0.2,4167,69,119600,28.69481765834933
0.2,4168,-127,119473,28.65747181578316
0.2,4169,-192,119281,28.604556354916067
0.2,4170,91,119372,28.619515703668185
0.2,4171,51,119423,28.624880153403645
0.2,4172,81,119504,28.637431104720825
0.2,4173,-11,119493,28.627934834690944
0.2,4174,61,119554,28.63568862275449
0.2,4175,-54,119500,28.615900383141764
0.2,4176,69,119569,28.625568589897057
0.2,4177,77,119646,28.637146960268073
0.2,4178,88,119734,28.651351998085666
0.2,4179,93,119827,28.666746411483253
0.2,4180,87,119914,28.680698397512558
0.2,4181,64,119978,28.68914395026303
0.2,4182,71,120049,28.69925890509204
0.2,4183,-60,119989,28.678059273422562
0.2,4184,93,120082,28.69342891278375
0.2,4185,87,120169,28.707357859531772
0.2,4186,-196,119973,28.653689992834966
0.2,4187,61,120034,28.661413562559694
0.2,4188,-73,119961,28.637144903318216
0.2,4189,18,119979,28.634606205250595
0.2,4190,58,120037,28.641612980195656
0.2,4191,-46,119991,28.623807251908396
0.2,4192,14,120005,28.6203195802528
0.2,4193,-5,120000,28.61230329041488
0.2,4194,83,120083,28.62526817640048
0.2,4195,82,120165,28.63798856053384
0.2,4196,47,120212,28.64236359304265
0.2,4197,87,120299,28.656264888041925
0.2,4198,73,120372,28.66682543462729
0.2,4199,-73,120299,28.642619047619046
0.2,4200,33,120332,28.643656272316115
0.2,4201,41,120373,28.646596858638745
0.2,4202,62,120435,28.654532476802284
0.2,4203,-206,120229,28.59871550903901
0.2,4204,-37,120192,28.583115338882283
0.2,4205,92,120284,28.598193057536854
0.2,4206,94,120378,28.613739006417877
0.2,4207,79,120457,28.625712927756656
0.2,4208,86,120543,28.639344262295083
0.2,4209,-64,120479,28.61733966745843
0.2,4210,59,120538,28.62455473759202
0.2,4211,71,120609,28.634615384615383
0.2,4212,89,120698,28.648943745549488
0.2,4213,33,120731,28.6499762695776
0.2,4214,-59,120672,28.62918149466192
0.2,4215,79,120751,28.641129032258064
0.2,4216,42,120793,28.644296893526203
0.2,4217,-17,120776,28.633475580844003
0.2,4218,20,120796,28.63142924863712
0.2,4219,94,120890,28.64691943127962
0.2,4220,94,120984,28.662402274342572
0.2,4221,60,121044,28.669824727617243
0.2,4222,80,121124,28.681979635330332
0.2,4223,24,121148,28.68087121212121
0.2,4224,-62,121086,28.65940828402367
0.2,4225,30,121116,28.659725508755326
0.2,4226,-70,121046,28.636385143127512
0.2,4227,45,121091,28.640255439924314
0.2,4228,93,121184,28.655474107353985
0.2,4229,67,121251,28.6645390070922
0.2,4230,64,121315,28.672890569605293
0.2,4231,59,121374,28.680056710775048
0.2,4232,52,121426,28.685565792582093
0.2,4233,67,121493,28.694615021256496
0.2,4234,43,121536,28.697992916174734
0.2,4235,-3,121533,28.690509915014164
0.2,4236,69,121602,28.700023601604908
0.2,4237,92,121694,28.714959886739027
0.2,4238,91,121785,28.72965322009908
0.2,4239,89,121874,28.743867924528303
0.2,4240,81,121955,28.756189577929735
0.2,4241,89,122044,28.77039132484677
0.2,4242,-35,122009,28.755361772330897
0.2,4243,57,122066,28.762016965127238
0.2,4244,78,122144,28.7736160188457
0.2,4245,77,122221,28.78497409326425
0.2,4246,45,122266,28.788792088533082
0.2,4247,92,122358,28.80367231638418
0.2,4248,85,122443,28.8168980936691
0.2,4249,94,122537,28.83223529411765
0.2,4250,93,122630,28.84733003999059
0.2,4251,-54,122576,28.827845719661337
0.2,4252,67,122643,28.83682106748178
0.2,4253,-26,122617,28.823930418429715
0.2,4254,74,122691,28.83454759106933
0.2,4255,16,122707,28.831531954887218
0.2,4256,92,122799,28.846370683579988
0.2,4257,-22,122777,28.834429309534993
0.2,4258,83,122860,28.847147217656726
0.2,4259,51,122911,28.852347417840374
0.2,4260,-95,122816,28.823280919971836
0.2,4261,89,122905,28.837400281557954
0.2,4262,93,122998,28.85245132535773
0.2,4263,24,123022,28.851313320825515
0.2,4264,69,123091,28.860726846424384
0.2,4265,94,123185,28.87599624941397
0.2,4266,-117,123068,28.84180923365362
0.2,4267,93,123161,28.856841611996252
0.2,4268,-13,123148,28.847036776762707
0.2,4269,92,123240,28.861826697892273
0.2,4270,85,123325,28.874970732849448
0.2,4271,63,123388,28.882958801498127
0.2,4272,85,123473,28.89609173882518
0.2,4273,79,123552,28.907814693495556
0.2,4274,-131,123421,28.870409356725148
0.2,4275,16,123437,28.867399438727784
0.2,4276,93,123530,28.88239420154314
0.2,4277,-115,123415,28.84876110331931
0.2,4278,33,123448,28.849731245618134
0.2,4279,-2,123446,28.84252336448598
0.2,4280,11,123457,28.838355524410183
0.2,4281,3,123460,28.83232134516581
0.2,4282,-249,123211,28.767452720056035
0.2,4283,66,123277,28.776143790849673
0.2,4284,-7,123270,28.76779463243874
0.2,4285,67,123337,28.776714885674288
0.2,4286,49,123386,28.781432236995567
0.2,4287,22,123408,28.779850746268657
0.2,4288,82,123490,28.792259267894615
0.2,4289,91,123581,28.806759906759908
0.2,4290,20,123601,28.804707527382895
0.2,4291,69,123670,28.81407269338304
0.2,4292,68,123738,28.823200559049617
0.2,4293,56,123794,28.829529576152773
0.2,4294,78,123872,28.840977881257277
0.2,4295,86,123958,28.854283054003723
0.2,4296,91,124049,28.868745636490576
0.2,4297,-51,123998,28.850162866449512
0.2,4298,82,124080,28.86252616887648
0.2,4299,93,124173,28.877441860465115
0.2,4300,70,124243,28.887003022552896
0.2,4301,13,124256,28.883310088331008
0.2,4302,-19,124237,28.872182198466188
0.2,4303,16,124253,28.869191449814128
0.2,4304,88,124341,28.882926829268293
0.2,4305,86,124427,28.89619136089178
0.2,4306,81,124508,28.908288832133735
0.2,4307,89,124597,28.922237697307335
0.2,4308,-4,124593,28.914597354374564
0.2,4309,-57,124536,28.894663573085847
0.2,4310,-54,124482,28.87543493389005
0.2,4311,91,124573,28.889842300556587
0.2,4312,67,124640,28.898678414096917
0.2,4313,86,124726,28.911914696337504
0.2,4314,90,124816,28.926071842410195
0.2,4315,-18,124798,28.915199258572752
0.2,4316,72,124870,28.92517952281677
0.2,4317,-51,124819,28.90666975451598
0.2,4318,21,124840,28.904839083121093
0.2,4319,-24,124816,28.892592592592592
0.2,4320,93,124909,28.90742883591761
0.2,4321,89,124998,28.92133271633503
0.2,4322,85,125083,28.934304880869767
0.2,4323,18,125101,28.93177613320999
0.2,4324,29,125130,28.93179190751445
0.2,4325,81,125211,28.94382801664355
0.2,4326,59,125270,28.950774208458515
0.2,4327,90,125360,28.964879852125694
0.2,4328,-284,125076,28.892584892584892
0.2,4329,81,125157,28.90461893764434
0.2,4330,93,125250,28.919418148233664
0.2,4331,87,125337,28.932825484764543
0.2,4332,-33,125304,28.918532194784213
0.2,4333,-45,125259,28.90147669589294
0.2,4334,26,125285,28.90080738177624
0.2,4335,93,125378,28.91559040590406
0.2,4336,23,125401,28.91422642379525
0.2,4337,-30,125371,28.900645458736744
0.2,4338,8,125379,28.895828531919797
0.2,4339,-14,125365,28.88594470046083
0.2,4340,83,125448,28.898410504492052
0.2,4341,42,125490,28.90142791340396
0.2,4342,12,125502,28.897536265254434
0.2,4343,88,125590,28.911141804788215
0.2,4344,80,125670,28.9228998849252
0.2,4345,-43,125627,28.906350667280257
0.2,4346,-183,125444,28.857602944559467
0.2,4347,-44,125400,28.840846366145353
0.2,4348,82,125482,28.85306967118878
0.2,4349,92,125574,28.86758620689655
0.2,4350,-95,125479,28.839117444265685
0.2,4351,59,125538,28.84604779411765
0.2,4352,12,125550,28.842177808407996
0.2,4353,76,125626,28.8530087276068
0.2,4354,33,125659,28.853960964408724
0.2,4355,-170,125489,28.808310376492194
0.2,4356,66,125555,28.816846453982098
0.2,4357,51,125606,28.82193666819642
0.2,4358,36,125642,28.823583390685936
0.2,4359,80,125722,28.83532110091743
0.2,4360,82,125804,28.847512038523274
0.2,4361,78,125882,28.858780375974323
0.2,4362,30,125912,28.859041943616777
0.2,4363,93,126005,28.873739688359304
0.2,4364,68,126073,28.88270332187858
0.2,4365,-40,126033,28.86692624828218
0.2,4366,1,126034,28.860544996565146
0.2,4367,13,126047,28.85691391941392
0.2,4368,81,126128,28.868848706797895
0.2,4369,-68,126060,28.846681922196797
0.2,4370,34,126094,28.847860901395563
0.2,4371,48,126142,28.85224153705398
0.2,4372,64,126206,28.86027898467871
0.2,4373,93,126299,28.874942844078646
0.2,4374,-49,126250,28.857142857142858
0.2,4375,13,126263,28.85351919561243
0.2,4376,17,126280,28.850811057802147
0.2,4377,94,126374,28.865692096847877
0.2,4378,80,126454,28.877369262388672
0.2,4379,-12,126442,28.868036529680364
0.2,4380,55,126497,28.87400136955033
0.2,4381,42,126539,28.876996805111823
0.2,4382,86,126625,28.890029660050192
0.2,4383,40,126665,28.892563868613138
0.2,4384,68,126733,28.901482326111744
0.2,4385,-59,126674,28.881440948472413
0.2,4386,-38,126636,28.86619557784363
0.2,4387,89,126725,28.87989972652689
0.2,4388,39,126764,28.882205513784463
0.2,4389,32,126796,28.882915717539863
0.2,4390,-104,126692,28.852653154179002
0.2,4391,-89,126603,28.825819672131146
0.2,4392,85,126688,28.838606874573184
0.2,4393,80,126768,28.8502503413746
0.2,4394,-48,126720,28.832764505119453
0.2,4395,-200,126520,28.78070973612375
0.2,4396,37,126557,28.782579031157606
0.2,4397,58,126615,28.789222373806275
0.2,4398,87,126702,28.8024551034326
0.2,4399,65,126767,28.81068181818182
0.2,4400,-2,126765,28.803680981595093
0.2,4401,87,126852,28.816901408450704
0.2,4402,32,126884,28.817624347036112
0.2,4403,92,126976,28.83197093551317
0.2,4404,65,127041,28.840181611804766
0.2,4405,94,127135,28.854970494779845
0.2,4406,92,127227,28.86929884275017
0.2,4407,-62,127165,28.848684210526315
0.2,4408,83,127248,28.860966205488772
0.2,4409,-69,127179,28.83877551020408
0.2,4410,87,127266,28.851961006574474
0.2,4411,-5,127261,28.844288304623753
0.2,4412,87,127348,28.85746657602538
0.2,4413,-146,127202,28.81785228817399
0.2,4414,49,127251,28.82242355605889
0.2,4415,84,127335,28.83491847826087
0.2,4416,88,127423,28.848313334842654
0.2,4417,49,127472,28.852874603893163
0.2,4418,0,127472,28.846345326997056
0.2,4419,49,127521,28.850904977375567
0.2,4420,43,127564,28.85410540601674
0.2,4421,70,127634,28.863410221619176
0.2,4422,-141,127493,28.825005652272214
0.2,4423,56,127549,28.83114828209765
0.2,4424,52,127601,28.83638418079096
0.2,4425,40,127641,28.83890646181654
0.2,4426,94,127735,28.853625480009036
0.2,4427,94,127829,28.86833785004517
0.2,4428,-46,127783,28.851433732219462
0.2,4429,93,127876,28.86591422121896
0.2,4430,-67,127809,28.84427894380501
0.2,4431,48,127857,28.84860108303249
0.2,4432,-43,127814,28.832393413038574
0.2,4433,56,127870,28.83852052322959
0.2,4434,50,127920,28.843291995490418
0.2,4435,84,128004,28.855725879170425
0.2,4436,63,128067,28.86342123056119
0.2,4437,-41,128026,28.84767913474538
0.2,4438,73,128099,28.857625591349404
0.2,4439,66,128165,28.86599099099099
0.2,4440,79,128244,28.877279891916235
0.2,4441,78,128322,28.88833858622242
0.2,4442,94,128416,28.902993472878684
0.2,4443,89,128505,28.916516651665166
0.2,4444,90,128595,28.930258717660294
0.2,4445,90,128685,28.94399460188934
0.2,4446,-82,128603,28.919046548234764
0.2,4447,92,128695,28.933228417266186
0.2,4448,-77,128618,28.909417846707125
0.2,4449,63,128681,28.917078651685394
0.2,4450,84,128765,28.92945405526848
0.2,4451,92,128857,28.94362084456424
0.2,4452,94,128951,28.95823040646755
0.2,4453,71,129022,28.967669510552312
0.2,4454,76,129098,28.978226711560044
0.2,4455,81,129179,28.989901256732495
0.2,4456,36,129215,28.991474085707875
0.2,4457,55,129270,28.997308209959623
0.2,4458,65,129335,29.00538237272931
0.2,4459,-7,129328,28.99730941704036
0.2,4460,92,129420,29.011432414256895
0.2,4461,89,129509,29.024876736889286
0.2,4462,39,129548,29.02711180820076
0.2,4463,92,129640,29.04121863799283
0.2,4464,93,129733,29.055543113101905
0.2,4465,45,129778,29.059113300492612
0.2,4466,70,129848,29.0682784866801
0.2,4467,52,129900,29.073410922112803
0.2,4468,-187,129713,29.02506153501902
0.2,4469,89,129802,29.03847874720358
0.2,4470,80,129882,29.04987698501454
0.2,4471,62,129944,29.057245080500895
0.2,4472,49,129993,29.0617035546613
0.2,4473,80,130073,29.073088958426464
0.2,4474,67,130140,29.081564245810057
0.2,4475,63,130203,29.089142091152816
0.2,4476,90,130293,29.10274737547465
0.2,4477,1,130294,29.09647163912461
0.2,4478,72,130366,29.10605045769145
0.2,4479,80,130446,29.117410714285715
0.2,4480,93,130539,29.131667038607453
0.2,4481,30,130569,29.13186077643909
0.2,4482,28,130597,29.131608298014722
0.2,4483,-79,130518,29.10749330954505
0.2,4484,62,130580,29.114827201783722
0.2,4485,94,130674,29.129291127953632
0.2,4486,62,130736,29.136616893247158
0.2,4487,61,130797,29.143716577540108
0.2,4488,85,130882,29.15615950100245
0.2,4489,93,130975,29.170378619153674
0.2,4490,-10,130965,29.161656646626586
0.2,4491,49,131014,29.16607301869991
0.2,4492,42,131056,29.168929445804586
0.2,4493,91,131147,29.18268802848242
0.2,4494,78,131225,29.193548387096776
0.2,4495,-202,131023,29.142126334519574
0.2,4496,39,131062,29.144318434511895
0.2,4497,-101,130961,29.115384615384617
0.2,4498,8,130969,29.110691264725496
0.2,4499,8,130977,29.106
0.2,4500,-145,130832,29.067318373694736
0.2,4501,-150,130682,29.02754331408263
0.2,4502,68,130750,29.036198090162113
0.2,4503,79,130829,29.04729129662522
0.2,4504,92,130921,29.06126526082131
0.2,4505,90,131011,29.07478916999556
0.2,4506,18,131029,29.072331928111826
0.2,4507,71,131100,29.081632653061224
0.2,4508,-9,131091,29.073186959414503
0.2,4509,4,131095,29.06762749445676
0.2,4510,19,131114,29.065395699401464
0.2,4511,17,131131,29.062721631205672
0.2,4512,90,131221,29.07622424108132
0.2,4513,-183,131038,29.029242357111208
0.2,4514,-63,130975,29.00885935769657
0.2,4515,31,131006,29.009300265721876
0.2,4516,86,131092,29.021917201682534
0.2,4517,34,131126,29.023019034971227
0.2,4518,26,131152,29.022350077450763
0.2,4519,42,131194,29.02522123893805
0.2,4520,59,131253,29.031851360318512
0.2,4521,89,131342,29.045112781954888
0.2,4522,-99,131243,29.01680300685386
0.2,4523,80,131323,29.028072502210435
0.2,4524,50,131373,29.032707182320443
0.2,4525,84,131457,29.04485196641626
0.2,4526,0,131457,29.03843605036448
0.2,4527,89,131546,29.051678445229683
0.2,4528,91,131637,29.065356590858908
0.2,4529,93,131730,29.079470198675498
0.2,4530,-9,131721,29.071065989847718
0.2,4531,-26,131695,29.058914386584288
0.2,4532,74,131769,29.068828590337525
0.2,4533,-62,131707,29.04874283193648
0.2,4534,72,131779,29.05821389195149
0.2,4535,94,131873,29.07253086419753
0.2,4536,35,131908,29.073837337447653
0.2,4537,62,131970,29.081092992507713
0.2,4538,79,132049,29.092090768891826
0.2,4539,90,132139,29.105506607929517
0.2,4540,93,132232,29.11957718564193
0.2,4541,62,132294,29.126816380449142
0.2,4542,81,132375,29.138234646709222
0.2,4543,5,132380,29.132922535211268
0.2,4544,83,132463,29.144774477447744
0.2,4545,84,132547,29.156841179058514
0.2,4546,85,132632,29.16912249835056
0.2,4547,6,132638,29.164028144239225
0.2,4548,0,132638,29.157617058694218
0.2,4549,70,132708,29.166593406593407
0.2,4550,-35,132673,29.152493957372005
0.2,4551,70,132743,29.16146748681898
0.2,4552,66,132809,29.16955853283549
0.2,4553,-67,132742,29.148440931049628
0.2,4554,80,132822,29.1596048298573
0.2,4555,-152,132670,29.119841966637402
0.2,4556,-98,132572,29.091946456001754
0.2,4557,82,132654,29.1035541904344
0.2,4558,80,132734,29.11471813994297
0.2,4559,33,132767,29.115570175438595
0.2,4560,70,132837,29.12453409340057
0.2,4561,-74,132763,29.101928978518195
0.2,4562,94,132857,29.116151654613194
0.2,4563,43,132900,29.11919368974584
0.2,4564,94,132994,29.133406352683462
0.2,4565,83,133077,29.14520367936925
0.2,4566,84,133161,29.15721480183928
0.2,4567,53,133214,29.162434325744307
0.2,4568,59,133273,29.168964762530095
0.2,4569,93,133366,29.18293216630197
0.2,4570,-71,133295,29.161015095165173
0.2,4571,94,133389,29.1751968503937
0.2,4572,54,133443,29.180625410015306
0.2,4573,90,133533,29.193922168780063
0.2,4574,78,133611,29.204590163934427
0.2,4575,-63,133548,29.18444055944056
0.2,4576,-80,133468,29.16058553637754
0.2,4577,-35,133433,29.146570554827434
0.2,4578,60,133493,29.15330858265997
0.2,4579,71,133564,29.162445414847163
0.2,4580,-1,133563,29.15586116568435
0.2,4581,94,133657,29.170013094718463
0.2,4582,-74,133583,29.14750163648265
0.2,4583,-208,133375,29.095767888307154
0.2,4584,76,133451,29.105997818974917
0.2,4585,91,133542,29.119494112516353
0.2,4586,71,133613,29.12862437322869
0.2,4587,-222,133391,29.073888404533566
0.2,4588,-125,133266,29.04031379385487
0.2,4589,-167,133099,28.99760348583878
0.2,4590,81,133180,29.0089305162274
0.2,4591,-16,133164,28.999128919860627
0.2,4592,-240,132924,28.94056172436316
0.2,4593,-141,132783,28.903569873748367
0.2,4594,86,132869,28.915995647442873
0.2,4595,56,132925,28.92188859878155
0.2,4596,92,133017,28.935610180552533
0.2,4597,-176,132841,28.891039582427144
0.2,4598,9,132850,28.88671450315286
0.2,4599,-43,132807,28.87108695652174
0.2,4600,83,132890,28.88285155401
0.2,4601,69,132959,28.89156888309431
0.2,4602,39,132998,28.893764935911364
0.2,4603,53,133051,28.89900086880973
0.2,4604,33,133084,28.89989142236699
0.2,4605,90,133174,28.913156752062527
0.2,4606,72,133246,28.922509225092252
0.2,4607,-9,133237,28.91427951388889
0.2,4608,88,133325,28.927099153829463
0.2,4609,24,133349,28.92603036876356
0.2,4610,82,133431,28.93754066363045
0.2,4611,-13,133418,28.928447528187338
0.2,4612,93,133511,28.942336874051595
0.2,4613,-39,133472,28.92761161681838
0.2,4614,-47,133425,28.91115926327194
0.2,4615,-6,133419,28.903596187175044
0.2,4616,90,133509,28.916829109811566
0.2,4617,7,133516,28.912083152880033
0.2,4618,93,133609,28.925957999567007
0.2,4619,81,133690,28.937229437229437
0.2,4620,86,133776,28.94957801341701
0.2,4621,-90,133686,28.92384249242752
0.2,4622,91,133777,28.937270170884705
0.2,4623,-68,133709,28.916306228373703
0.2,4624,51,133760,28.92108108108108
0.2,4625,71,133831,28.93017725897103
0.2,4626,-83,133748,28.90598660038902
0.2,4627,-108,133640,28.876404494382022
0.2,4628,-24,133616,28.8649816375027
0.2,4629,66,133682,28.873002159827212
0.2,4630,83,133765,28.884690131721012
0.2,4631,-41,133724,28.869602763385146
0.2,4632,71,133795,28.878696309086983
0.2,4633,94,133889,28.89274924471299
0.2,4634,-62,133827,28.873139158576052
0.2,4635,71,133898,28.882226056945644
0.2,4636,60,133958,28.88893681259435
0.2,4637,63,134021,28.896291504959034
0.2,4638,90,134111,28.909463246389308
0.2,4639,26,134137,28.908836206896552
0.2,4640,62,134199,28.915966386554622
0.2,4641,74,134273,28.925678586816026
0.2,4642,69,134342,28.934309713547275
0.2,4643,62,134404,28.94142980189492
0.2,4644,50,134454,28.945963401506997
0.2,4645,90,134544,28.959104606112785
0.2,4646,64,134608,28.96664514740693
0.2,4647,18,134626,28.964285714285715
0.2,4648,-25,134601,28.9526779952678
0.2,4649,47,134648,28.956559139784947
0.2,4650,27,134675,28.95613846484627
0.2,4651,60,134735,28.962811693895098
0.2,4652,-39,134696,28.948205458843756
0.2,4653,78,134774,28.958745165449077
0.2,4654,43,134817,28.961761546723952
0.2,4655,76,134893,28.971864261168385
0.2,4656,29,134922,28.971870302770025
0.2,4657,92,135014,28.985401459854014
0.2,4658,77,135091,28.99570723331187
0.2,4659,87,135178,29.00815450643777
0.2,4660,87,135265,29.020596438532504
0.2,4661,61,135326,29.027456027456026
0.2,4662,18,135344,29.02509114304096
0.2,4663,87,135431,29.037521440823326
0.2,4664,-8,135423,29.02958199356913
0.2,4665,87,135510,29.042006000857267
0.2,4666,64,135574,29.049496464538247
0.2,4667,91,135665,29.062767780634104
0.2,4668,71,135736,29.07174983936603
0.2,4669,93,135829,29.08543897216274
0.2,4670,73,135902,29.09484050524513
0.2,4671,76,135978,29.104880136986303
0.2,4672,52,136030,29.109779584849132
0.2,4673,53,136083,29.114890885750963
0.2,4674,30,136113,29.11508021390374
0.2,4675,34,136147,29.116124893071
0.2,4676,40,136187,29.11845199914475
0.2,4677,61,136248,29.125267208208637
0.2,4678,23,136271,29.123958110707417
0.2,4679,51,136322,29.12863247863248
0.2,4680,63,136385,29.13586840418714
0.2,4681,81,136466,29.146945749679624
0.2,4682,89,136555,29.159726670937435
0.2,4683,-13,136542,29.15072587532024
0.2,4684,-73,136469,29.128922091782282
0.2,4685,68,136537,29.137217242851047
0.2,4686,71,136608,29.14614892255174
0.2,4687,-49,136559,29.1294795221843
0.2,4688,26,136585,29.128812113457027
0.2,4689,12,136597,29.125159914712153
0.2,4690,11,136608,29.12129609891281
0.2,4691,58,136666,29.127450980392158
0.2,4692,93,136759,29.141061154911572
0.2,4693,-40,136719,29.126331487004688
0.2,4694,87,136806,29.138658146964858
0.2,4695,59,136865,29.145017035775126
0.2,4696,39,136904,29.147115179902066
0.2,4697,74,136978,29.156662409535972
0.2,4698,36,137014,29.15811874866993
0.2,4699,88,137102,29.17063829787234
0.2,4700,88,137190,29.18315252074027
0.2,4701,70,137260,29.191833262441513
0.2,4702,25,137285,29.190941951945568
0.2,4703,89,137374,29.203656462585034
0.2,4704,58,137432,29.209776833156216
0.2,4705,80,137512,29.220569485762855
0.2,4706,-112,137400,29.190567240280433
0.2,4707,45,137445,29.19392523364486
0.2,4708,-24,137421,29.182629008282014
0.2,4709,92,137513,29.19596602972399
0.2,4710,93,137606,29.209509658246656
0.2,4711,47,137653,29.213285229202036
0.2,4712,90,137743,29.226182898366222
0.2,4713,-79,137664,29.203224437844717
0.2,4714,-62,137602,29.18388123011665
0.2,4715,-98,137504,29.15691263782867
0.2,4716,42,137546,29.159635361458555
0.2,4717,51,137597,29.164264518863927
0.2,4718,-19,137578,29.154058063148973
0.2,4719,78,137656,29.164406779661018
0.2,4720,-61,137595,29.1453081974158
0.2,4721,44,137639,29.14845404489623
0.2,4722,11,137650,29.144611475756935
0.2,4723,85,137735,29.156435224386115
0.2,4724,92,137827,29.169735449735448
0.2,4725,93,137920,29.183241641980533
0.2,4726,66,137986,29.191030251745293
0.2,4727,90,138076,29.203891708967852
0.2,4728,56,138132,29.20955804609854
0.2,4729,-218,137914,29.157293868921776
0.2,4730,76,137990,29.16719509617417
0.2,4731,70,138060,29.175824175824175
0.2,4732,85,138145,29.187618846397633
0.2,4733,94,138239,29.201309674693704
0.2,4734,-29,138210,29.189017951425555
0.2,4735,-217,137993,29.137035472972972
0.2,4736,33,138026,29.137850960523537
0.2,4737,65,138091,29.145420008442382
0.2,4738,94,138185,29.15910529647605
0.2,4739,90,138275,29.171940928270043
0.2,4740,86,138361,29.183927441468043
0.2,4741,65,138426,29.191480388021933
0.2,4742,86,138512,29.203457727176893
0.2,4743,80,138592,29.2141652613828
0.2,4744,-19,138573,29.20400421496312
0.2,4745,94,138667,29.217656974294144
0.2,4746,27,138694,29.217189804086793
0.2,4747,-242,138452,29.160067396798652
0.2,4748,22,138474,29.15855969677827
0.2,4749,68,138542,29.166736842105262
0.2,4750,90,138632,29.179541149231742
0.2,4751,-14,138618,29.170454545454547
0.2,4752,88,138706,29.182831895644856
0.2,4753,-12,138694,29.17416912074043
0.2,4754,64,138758,29.18149316508938
0.2,4755,64,138822,29.188814129520605
0.2,4756,58,138880,29.194870716838345
0.2,4757,-22,138858,29.184110970996215
0.2,4758,90,138948,29.196890102962808
0.2,4759,79,139027,29.20735294117647
0.2,4760,88,139115,29.219701743331232
0.2,4761,85,139200,29.231415371692567
0.2,4762,10,139210,29.22737770312828
0.2,4763,68,139278,29.23551637279597
0.2,4764,89,139367,29.248058761804828
0.2,4765,85,139452,29.25975660931599
0.2,4766,86,139538,29.271659324522762
0.2,4767,87,139625,29.28376677852349
0.2,4768,-2,139623,29.277206961627176
0.2,4769,-1,139622,29.270859538784066
0.2,4770,-62,139560,29.251729197233285
0.2,4771,-30,139530,29.239312657166806
0.2,4772,81,139611,29.250157133878066
0.2,4773,71,139682,29.258902387934647
0.2,4774,92,139774,29.272041884816755
0.2,4775,-77,139697,29.249790619765495
0.2,4776,-29,139668,29.237596818086665
0.2,4777,32,139700,29.23817496860611
0.2,4778,60,139760,29.2446118434819
0.2,4779,-87,139673,29.220292887029288
0.2,4780,85,139758,29.23195984103744
0.2,4781,72,139830,29.240903387703888
0.2,4782,92,139922,29.25402467070876
0.2,4783,92,140014,29.267140468227424
0.2,4784,84,140098,29.278578892371996
0.2,4785,-66,140032,29.258671124111995
0.2,4786,75,140107,29.26822644662628
0.2,4787,-93,140014,29.242690058479532
0.2,4788,76,140090,29.252453539361035
0.2,4789,-5,140085,29.245302713987474
0.2,4790,91,140176,29.258192444166145
0.2,4791,77,140253,29.268155258764608
0.2,4792,58,140311,29.274149801794284
0.2,4793,2,140313,29.26846057571965
0.2,4794,88,140401,29.280709071949946
0.2,4795,83,140484,29.291909924937446
0.2,4796,41,140525,29.29435063581405
0.2,4797,94,140619,29.307836598582742
0.2,4798,55,140674,29.313190247968326
0.2,4799,88,140762,29.325416666666666
0.2,4800,92,140854,29.338471151843365
0.2,4801,91,140945,29.35131195335277
0.2,4802,32,140977,29.35186341869665
0.2,4803,64,141041,29.359075770191506
0.2,4804,-18,141023,29.349219562955255
0.2,4805,-41,140982,29.33458177278402
0.2,4806,64,141046,29.341793218223422
0.2,4807,84,141130,29.35316139767055
0.2,4808,87,141217,29.36514867955916
0.2,4809,83,141300,29.376299376299375
0.2,4810,92,141392,29.389316150488465
0.2,4811,63,141455,29.396300914380713
0.2,4812,94,141549,29.40972366507376
0.2,4813,46,141595,29.413169921063563
0.2,4814,91,141686,29.425960539979233
0.2,4815,93,141779,29.439161129568106
0.2,4816,-11,141768,29.43076603695246
0.2,4817,-47,141721,29.414902449149025
0.2,4818,-8,141713,29.4071384104586
0.2,4819,94,141807,29.420539419087138
0.2,4820,86,141893,29.432275461522504
0.2,4821,-63,141830,29.413106594773954
0.2,4822,45,141875,29.41633837860253
0.2,4823,-29,141846,29.404228855721392
0.2,4824,-59,141787,29.385906735751295
0.2,4825,88,141875,29.398052217157066
0.2,4826,-15,141860,29.38885436088668
0.2,4827,82,141942,29.399751449875726
0.2,4828,94,142036,29.41312901221785
0.2,4829,73,142109,29.42215320910973
0.2,4830,73,142182,29.43117367004761
0.2,4831,84,142266,29.44246688741722
0.2,4832,14,142280,29.439271673908546
0.2,4833,50,142330,29.4435250310302
0.2,4834,-155,142175,29.40537745604964
0.2,4835,-17,142158,29.39578163771712
0.2,4836,41,142199,29.398180690510646
0.2,4837,58,142257,29.404092600248035
0.2,4838,-113,142144,29.37466418681546
0.2,4839,85,142229,29.386157024793388
0.2,4840,8,142237,29.381739310059906
0.2,4841,2,142239,29.37608426270136
0.2,4842,91,142330,29.38880858971712
0.2,4843,86,142416,29.400495458298927
0.2,4844,-134,142282,29.366769865841075
0.2,4845,87,142369,29.37866281469253
0.2,4846,31,142400,29.378997317928615
0.2,4847,-41,142359,29.364480198019802
0.2,4848,78,142437,29.37451020829037
0.2,4849,83,142520,29.385567010309277
0.2,4850,-13,142507,29.376829519686662
0.2,4851,-93,142414,29.351607584501238
0.2,4852,-13,142401,29.342880692355244
0.2,4853,-91,142310,29.318088174701277
0.2,4854,-62,142248,29.299279093717818
0.2,4855,76,142324,29.308896210873147
0.2,4856,-19,142305,29.298949969116737
0.2,4857,-59,142246,29.280773981062165
0.2,4858,63,142309,29.287713521300677
0.2,4859,25,142334,29.286831275720164
0.2,4860,-117,142217,29.2567372968525
0.2,4861,83,142300,29.267791032496916
0.2,4862,-109,142191,29.239358420727946
0.2,4863,-22,142169,29.228824013157894
0.2,4864,1,142170,29.223021582733814
0.2,4865,84,142254,29.23427866831073
0.2,4866,-252,142002,29.176494760632835
0.2,4867,84,142086,29.187756778964665
0.2,4868,60,142146,29.194085027726434
0.2,4869,49,142195,29.198151950718685
0.2,4870,85,142280,29.209607883391502
0.2,4871,59,142339,29.21572249589491
0.2,4872,77,142416,29.225528421916685
0.2,4873,89,142505,29.23779236766516
0.2,4874,92,142597,29.250666666666667
0.2,4875,-82,142515,29.227850697292862
0.2,4876,91,142606,29.240516711092884
0.2,4877,-2,142604,29.23411234112341
0.2,4878,-16,142588,29.224841155974584
0.2,4879,87,142675,29.236680327868854
0.2,4880,31,142706,29.23704158983815
0.2,4881,25,142731,29.236173699303563
0.2,4882,57,142788,29.241859512594715
0.2,4883,16,142804,29.23914823914824
0.2,4884,58,142862,29.24503582395087
0.2,4885,-11,142851,29.23679901760131
0.2,4886,77,142928,29.24657253939022
0.2,4887,92,143020,29.259410801963995
0.2,4888,-5,143015,29.252403354469216
0.2,4889,80,143095,29.26278118609407
0.2,4890,84,143179,29.273972602739725
0.2,4891,13,143192,29.270645952575634
0.2,4892,52,143244,29.275291232372776
0.2,4893,7,143251,29.270739681242336
0.2,4894,7,143258,29.266189989785495
0.2,4895,92,143350,29.279003267973856
0.2,4896,-75,143275,29.257708801306922
0.2,4897,93,143368,29.270722743977135
0.2,4898,26,143394,29.270055113288425
0.2,4899,86,143480,29.281632653061223
0.2,4900,-332,143148,29.20791675168333
0.2,4901,-80,143068,29.18563851489188
0.2,4902,65,143133,29.192943096063633
0.2,4903,-168,142965,29.15273246329527
0.2,4904,85,143050,29.164118246687053
0.2,4905,-147,142903,29.128210354667754
0.2,4906,50,142953,29.132463827185653
0.2,4907,15,142968,29.12958435207824
0.2,4908,92,143060,29.142391525768996
0.2,4909,-159,142901,29.1040733197556
0.2,4910,-44,142857,29.089187538179598
0.2,4911,47,142904,29.092833876221498
0.2,4912,19,142923,29.090779564420924
0.2,4913,-64,142859,29.07183557183557
0.2,4914,90,142949,29.084231943031536
0.2,4915,83,143032,29.09519934906428
0.2,4916,-62,142970,29.076672767947937
0.2,4917,86,143056,29.0882472549817
0.2,4918,92,143148,29.101036796096768
0.2,4919,-61,143087,29.08272357723577
0.2,4920,86,143173,29.094289778500304
0.2,4921,44,143217,29.097318163348234
0.2,4922,82,143299,29.108064188502944
0.2,4923,65,143364,29.115353371242893
0.2,4924,85,143449,29.126700507614213
0.2,4925,57,143506,29.132358911896063
0.2,4926,3,143509,29.12705500304445
0.2,4927,39,143548,29.129058441558442
0.2,4928,-60,143488,29.11097585717184
0.2,4929,94,143582,29.124137931034483
0.2,4930,67,143649,29.131819103630097
0.2,4931,68,143717,29.139699918896998
0.2,4932,43,143760,29.14250962902899
0.2,4933,94,143854,29.155654641264693
0.2,4934,89,143943,29.1677811550152
0.2,4935,52,143995,29.17240680713128
0.2,4936,76,144071,29.181891837148065
0.2,4937,94,144165,29.19501822600243
0.2,4938,45,144210,29.198218262806236
0.2,4939,-54,144156,29.181376518218624
0.2,4940,84,144240,29.192471159684274
0.2,4941,75,144315,29.201740186159448
0.2,4942,87,144402,29.213433137770586
0.2,4943,69,144471,29.221480582524272
0.2,4944,-76,144395,29.200202224469162
0.2,4945,82,144477,29.210877476748887
0.2,4946,-18,144459,29.201334141904184
0.2,4947,66,144525,29.20877122069523
0.2,4948,82,144607,29.21943827035765
0.2,4949,-5,144602,29.212525252525253
0.2,4950,54,144656,29.2175318117552
0.2,4951,85,144741,29.22879644588045
0.2,4952,86,144827,29.240258429234807
0.2,4953,93,144920,29.253128784820348
0.2,4954,20,144940,29.251261352169525
0.2,4955,42,144982,29.253833736884584
0.2,4956,-33,144949,29.241274964696387
0.2,4957,75,145024,29.250504235578862
0.2,4958,7,145031,29.24601734220609
0.2,4959,81,145112,29.256451612903227
0.2,4960,80,145192,29.266680104817578
0.2,4961,-115,145077,29.237605804111247
0.2,4962,72,145149,29.246222043119083
0.2,4963,-102,145047,29.219782433521353
0.2,4964,-53,144994,29.203222557905338
0.2,4965,80,145074,29.213451469995974
0.2,4966,-40,145034,29.199516810952286
0.2,4967,-27,145007,29.188204508856682
0.2,4968,89,145096,29.200241497283155
0.2,4969,36,145132,29.201609657947685
0.2,4970,-140,144992,29.167571917119293
0.2,4971,82,145074,29.178197908286403
0.2,4972,-12,145062,29.169917554795898
0.2,4973,-75,144987,29.14897466827503
0.2,4974,20,145007,29.147135678391958
0.2,4975,68,145075,29.154943729903536
0.2,4976,-159,144916,29.117138838657826
0.2,4977,75,144991,29.126355966251506
0.2,4978,93,145084,29.139184575215907
0.2,4979,36,145120,29.140562248995984
0.2,4980,59,145179,29.14655691628187
0.2,4981,32,145211,29.14712966680048
0.2,4982,57,145268,29.152719245434476
0.2,4983,-99,145169,29.127006420545747
0.2,4984,45,145214,29.130190571715147
0.2,4985,84,145298,29.14119534697152
0.2,4986,92,145390,29.153799879687188
0.2,4987,60,145450,29.159983961507617
0.2,4988,81,145531,29.17037482461415
0.2,4989,76,145607,29.179759519038075
0.2,4990,90,145697,29.191945501903426
0.2,4991,29,145726,29.19190705128205
0.2,4992,92,145818,29.20448628079311
0.2,4993,-8,145810,29.19703644373248
0.2,4994,-87,145723,29.173773773773775
0.2,4995,26,145749,29.17313851080865
0.2,4996,-136,145613,29.140084050430257
0.2,4997,85,145698,29.15126050420168
0.2,4998,55,145753,29.156431286257252
0.2,4999,80,145833,29.1666
0.2,5000,-107,145726,29.139372125574884
0.2,5001,-23,145703,29.128948420631747
0.2,5002,88,145791,29.140715570657605
0.2,5003,20,145811,29.13888888888889
0.2,5004,71,145882,29.147252747252747
0.2,5005,-188,145694,29.103875349580502
0.2,5006,85,145779,29.115038945476332
0.2,5007,-88,145691,29.091653354632587
0.2,5008,-128,145563,29.06029147534438
0.2,5009,91,145654,29.072654690618762
0.2,5010,8,145662,29.068449411295152
0.2,5011,83,145745,29.079209896249
0.2,5012,59,145804,29.085178535806904
0.2,5013,89,145893,29.097128041483845
0.2,5014,89,145982,29.109072781655033
0.2,5015,-102,145880,29.082934609250398
0.2,5016,49,145929,29.086904524616305
0.2,5017,87,146016,29.098445595854923
0.2,5018,-11,146005,29.090456266188482
0.2,5019,92,146097,29.102988047808765
0.2,5020,86,146183,29.114319856602272
0.2,5021,80,146263,29.124452409398646
0.2,5022,90,146353,29.13657176985865
0.2,5023,89,146442,29.148487261146496
0.2,5024,-96,146346,29.12358208955224
0.2,5025,-1,146345,29.11758853959411
0.2,5026,37,146382,29.119156554605134
0.2,5027,34,146416,29.120127287191725
0.2,5028,68,146484,29.12785842115729
0.2,5029,77,146561,29.13737574552684
0.2,5030,47,146608,29.140926257205326
0.2,5031,-26,146582,29.129968203497615
0.2,5032,-96,146486,29.10510629843036
0.2,5033,18,146504,29.10290027810886
0.2,5034,-183,146321,29.06077457795432
0.2,5035,67,146388,29.068308181096107
0.2,5036,71,146459,29.076632916418504
0.2,5037,25,146484,29.0758237395792
0.2,5038,58,146542,29.081563802341734
0.2,5039,36,146578,29.08293650793651
0.2,5040,84,146662,29.093830589168817
0.2,5041,24,146686,29.09282030940103
0.2,5042,84,146770,29.103708110251834
0.2,5043,69,146839,29.111617763679618
0.2,5044,-60,146779,29.093954410307234
0.2,5045,-16,146763,29.085017835909632
0.2,5046,34,146797,29.085991678224687
0.2,5047,91,146888,29.09825673534073
0.2,5048,91,146979,29.110516934046345
0.2,5049,43,147022,29.11326732673267
0.2,5050,7,147029,29.108889328845773
0.2,5051,-296,146733,29.044536817102138
0.2,5052,72,146805,29.053037799327132
0.2,5053,84,146889,29.06390977443609
0.2,5054,35,146924,29.065084075173097
0.2,5055,-102,146822,29.039161392405063
0.2,5056,30,146852,29.03935139410718
0.2,5057,71,146923,29.047647291419533
0.2,5058,82,147005,29.058114251828425
0.2,5059,94,147099,29.07094861660079
0.2,5060,5,147104,29.066192452084568
0.2,5061,62,147166,29.072698538127224
0.2,5062,41,147207,29.07505431562315
0.2,5063,78,147285,29.084715639810426
0.2,5064,90,147375,29.09674234945706
0.2,5065,18,147393,29.09455191472562
0.2,5066,70,147463,29.102624827313992
0.2,5067,58,147521,29.10832675611681
0.2,5068,60,147581,29.1144209903334
0.2,5069,-41,147540,29.100591715976332
0.2,5070,22,147562,29.099191480970223
0.2,5071,56,147618,29.104495268138802
0.2,5072,78,147696,29.11413364872856
0.2,5073,67,147763,29.12160031533307
0.2,5074,78,147841,29.131231527093597
0.2,5075,-13,147828,29.12293144208038
0.2,5076,75,147903,29.131967697459128
0.2,5077,-16,147887,29.1230799527373
0.2,5078,91,147978,29.13526284701713
0.2,5079,75,148053,29.144291338582676
0.2,5080,93,148146,29.156858886046052
0.2,5081,63,148209,29.163518299881936
0.2,5082,80,148289,29.1735195750541
0.2,5083,90,148379,29.18548387096774
0.2,5084,38,148417,29.187217305801376
0.2,5085,-56,148361,29.170467951238695
0.2,5086,50,148411,29.17456261057598
0.2,5087,19,148430,29.17256289308176
0.2,5088,-181,148249,29.13126350953036
0.2,5089,59,148308,29.13713163064833
0.2,5090,18,148326,29.134944018856807
0.2,5091,91,148417,29.14709347996858
0.2,5092,66,148483,29.154329471824074
0.2,5093,15,148498,29.151550844130348
0.2,5094,23,148521,29.150343473994113
0.2,5095,-83,148438,29.128335949764523
0.2,5096,-5,148433,29.121640180498332
0.2,5097,-41,148392,29.107885445272657
0.2,5098,90,148482,29.119827417140616
0.2,5099,85,148567,29.13078431372549
0.2,5100,60,148627,29.136835914526564
0.2,5101,67,148694,29.144257154057232
0.2,5102,55,148749,29.149323927101705
0.2,5103,-58,148691,29.13224921630094
0.2,5104,-99,148592,29.10714985308521
0.2,5105,84,148676,29.11790050920486
0.2,5106,46,148722,29.121206187585667
0.2,5107,51,148773,29.12548942834769
0.2,5108,64,148837,29.1323155216285
0.2,5109,20,148857,29.130528375733856
0.2,5110,56,148913,29.135785560555664
0.2,5111,72,148985,29.144170579029733
0.2,5112,11,148996,29.14062194406415
0.2,5113,48,149044,29.14430973797419
0.2,5114,88,149132,29.15581622678397
0.2,5115,-131,149001,29.124511336982017
0.2,5116,84,149085,29.135235489544655
0.2,5117,90,149175,29.14712778429074
0.2,5118,-6,149169,29.14026176987693
0.2,5119,92,149261,29.1525390625
0.2,5120,76,149337,29.161687170474515
0.2,5121,79,149416,29.171417415072238
0.2,5122,-38,149378,29.15830568026547
0.2,5123,27,149405,29.157884465261514
0.2,5124,85,149490,29.168780487804877
0.2,5125,51,149541,29.173039406944987
0.2,5126,-109,149432,29.146089330992783
0.2,5127,74,149506,29.15483619344774
0.2,5128,-193,149313,29.111522713979333
0.2,5129,69,149382,29.119298245614036
0.2,5130,-185,149197,29.077567725589553
0.2,5131,-15,149182,29.068978955572877
0.2,5132,45,149227,29.072082602766415
0.2,5133,-64,149163,29.053954031943903
0.2,5134,-40,149123,29.040506329113924
0.2,5135,88,149211,29.051985981308412
0.2,5136,-71,149140,29.032509246642007
0.2,5137,72,149212,29.040871934604905
0.2,5138,-99,149113,29.01595641175326
0.2,5139,-26,149087,29.005252918287937
0.2,5140,37,149124,29.006808014005056
0.2,5141,87,149211,29.01808634772462
0.2,5142,52,149263,29.02255492902975
0.2,5143,1,149264,29.017107309486782
0.2,5144,45,149309,29.020213799805635
0.2,5145,35,149344,29.02137582588418
0.2,5146,79,149423,29.03108606955508
0.2,5147,-40,149383,29.017676767676768
0.2,5148,-21,149362,29.00796271120606
0.2,5149,-33,149329,28.995922330097088
0.2,5150,93,149422,29.00834789361289
0.2,5151,37,149459,29.00989906832298
0.2,5152,75,149534,29.018823986027556
0.2,5153,-130,149404,28.987970508343036
0.2,5154,47,149451,28.991464597478178
0.2,5155,-74,149377,28.971489526764934
0.2,5156,79,149456,28.98119061469847
0.2,5157,93,149549,28.993602171384257
0.2,5158,39,149588,28.995541771661173
0.2,5159,74,149662,29.004263565891474
0.2,5160,76,149738,29.01336950203449
0.2,5161,54,149792,29.01820999612553
0.2,5162,-60,149732,29.000968429207823
0.2,5163,16,149748,28.998450813323004
0.2,5164,86,149834,29.00948693126815
0.2,5165,15,149849,29.006775067750677
0.2,5166,69,149918,29.014515192568222
0.2,5167,76,149994,29.023606811145513
0.2,5168,92,150086,29.035790288256916
0.2,5169,29,150115,29.035783365570598
0.2,5170,75,150190,29.044672210404176
0.2,5171,65,150255,29.051624129930396
0.2,5172,72,150327,29.059926541658612
0.2,5173,2,150329,29.054696559721684
0.2,5174,77,150406,29.063961352657003
0.2,5175,-7,150399,29.056993817619784
0.2,5176,1,150400,29.051574270813212
0.2,5177,64,150464,29.058323677095405
0.2,5178,90,150554,29.070090751110254
0.2,5179,77,150631,29.07934362934363
0.2,5180,24,150655,29.078363250337773
0.2,5181,92,150747,29.090505596294868
0.2,5182,62,150809,29.096855103222072
0.2,5183,-14,150795,29.088541666666668
0.2,5184,87,150882,29.09971070395371
0.2,5185,80,150962,29.10952564596992
0.2,5186,46,151008,29.112781954887218
0.2,5187,-165,150843,29.075366229760988
0.2,5188,17,150860,29.07303912121796
0.2,5189,3,150863,29.068015414258188
0.2,5190,81,150944,29.07801964939318
0.2,5191,-307,150637,29.01328967642527
0.2,5192,-227,150410,28.963989986520314
0.2,5193,-312,150098,28.89834424335772
0.2,5194,32,150130,28.898941289701636
0.2,5195,94,150224,28.911470361816782
0.2,5196,87,150311,28.92264768135463
0.2,5197,68,150379,28.930165448249326
0.2,5198,-75,150304,28.91017503366032
0.2,5199,57,150361,28.915576923076923
0.2,5200,77,150438,28.924822149586618
0.2,5201,82,150520,28.935024990388314
0.2,5202,-3,150517,28.928887180472802
0.2,5203,63,150580,28.93543428132206
0.2,5204,-69,150511,28.916618635926994
0.2,5205,43,150554,28.919323857087974
0.2,5206,83,150637,28.929710005761475
0.2,5207,92,150729,28.941820276497698
0.2,5208,27,150756,28.941447494720677
0.2,5209,85,150841,28.952207293666028
0.2,5210,83,150924,28.96257915947035
0.2,5211,79,151003,28.97217958557176
0.2,5212,88,151091,28.98350278150777
0.2,5213,29,151120,28.983505945531263
0.2,5214,24,151144,28.98255033557047
0.2,5215,79,151223,28.992139570552148
0.2,5216,-35,151188,28.97987349051179
0.2,5217,92,151280,28.99195093905711
0.2,5218,38,151318,28.993676949607206
0.2,5219,15,151333,28.990996168582374
0.2,5220,61,151394,28.99712698716721
0.2,5221,53,151447,29.00172347759479
0.2,5222,91,151538,29.01359372008424
0.2,5223,35,151573,29.014739663093415
0.2,5224,93,151666,29.026985645933014
0.2,5225,49,151715,29.030807500956755
0.2,5226,92,151807,29.042854409795293
0.2,5227,90,151897,29.05451415455241
0.2,5228,83,151980,29.06483075157774
0.2,5229,86,152066,29.07571701720841
0.2,5230,60,152126,29.08162875167272
0.2,5231,80,152206,29.091360856269112
0.2,5232,87,152293,29.10242690617237
0.2,5233,62,152355,29.108712265953383
0.2,5234,85,152440,29.119388729703918
0.2,5235,85,152525,29.130061115355232
0.2,5236,-50,152475,29.114951308000762
0.2,5237,-138,152337,29.083046964490265
0.2,5238,79,152416,29.09257491887765
0.2,5239,88,152504,29.10381679389313
0.2,5240,-19,152485,29.094638427780957
0.2,5241,85,152570,29.10530331934376
0.2,5242,91,152661,29.11710852565325
0.2,5243,50,152711,29.121090770404273
0.2,5244,80,152791,29.130791229742613
0.2,5245,33,152824,29.131528783835304
0.2,5246,93,152917,29.143701162569087
0.2,5247,-33,152884,29.131859756097562
0.2,5248,77,152961,29.140979234139838
0.2,5249,-36,152925,29.12857142857143
0.2,5250,-14,152911,29.120358027042467
0.2,5251,93,153004,29.13252094440213
0.2,5252,87,153091,29.14353702646107
0.2,5253,-35,153056,29.131328511610203
0.2,5254,94,153150,29.143672692673643
0.2,5255,93,153243,29.15582191780822
0.2,5256,-72,153171,29.136579798364085
0.2,5257,50,153221,29.140547736782047
0.2,5258,77,153298,29.149648222095454
0.2,5259,-19,153279,29.14049429657795
0.2,5260,83,153362,29.150731800038017
0.2,5261,38,153400,29.152413530976816
0.2,5262,21,153421,29.150864525935777
0.2,5263,-91,153330,29.128039513677813
0.2,5264,82,153412,29.138081671415005
0.2,5265,78,153490,29.1473604253703
0.2,5266,-22,153468,29.137649515853425
0.2,5267,-23,153445,29.12775246772969
0.2,5268,61,153506,29.133801480356805
0.2,5269,94,153600,29.146110056925995
0.2,5270,89,153689,29.15746537658888
0.2,5271,33,153722,29.158194233687404
0.2,5272,85,153807,29.168784373222074
0.2,5273,77,153884,29.17785362153963
0.2,5274,68,153952,29.18521327014218
0.2,5275,-34,153918,29.173237300985594
0.2,5276,24,153942,29.172256964184196
0.2,5277,-76,153866,29.152330428192496
0.2,5278,94,153960,29.164614510323926
0.2,5279,71,154031,29.172537878787878
0.2,5280,-193,153838,29.13046771444802
0.2,5281,15,153853,29.127792502839835
0.2,5282,-172,153681,29.089721749006248
0.2,5283,69,153750,29.097274791824375
0.2,5284,71,153821,29.10520340586566
0.2,5285,41,153862,29.107453651153993
0.2,5286,89,153951,29.11878191791186
0.2,5287,-47,153904,29.104387291981844
0.2,5288,-313,153591,29.03970504821327
0.2,5289,10,153601,29.036105860113423
0.2,5290,63,153664,29.042525042525043
0.2,5291,73,153737,29.050831443688587
0.2,5292,83,153820,29.06102399395428
0.2,5293,83,153903,29.071212693615415
0.2,5294,91,153994,29.082908404154864
0.2,5295,79,154073,29.092333836858007
0.2,5296,89,154162,29.103643571833114
0.2,5297,85,154247,29.114194035485088
0.2,5298,72,154319,29.12228722400453
0.2,5299,65,154384,29.129056603773584
0.2,5300,90,154474,29.140539520845124
0.2,5301,-289,154185,29.08053564692569
0.2,5302,-17,154168,29.071846124834998
0.2,5303,-6,154162,29.06523378582202
0.2,5304,71,154233,29.073138548539113
0.2,5305,85,154318,29.083678854127403
0.2,5306,-126,154192,29.054456378368194
0.2,5307,68,154260,29.061793519216277
0.2,5308,-39,154221,29.04897344132605
0.2,5309,53,154274,29.053483992467044
0.2,5310,0,154274,29.04801355676897
0.2,5311,35,154309,29.04913403614458
0.2,5312,82,154391,29.059100319969886
0.2,5313,94,154485,29.071321038765525
0.2,5314,89,154574,29.082596425211666
0.2,5315,64,154638,29.08916478555305
0.2,5316,-77,154561,29.0692119616325
0.2,5317,-3,154558,29.063181647235805
0.2,5318,91,154649,29.074826095130664
0.2,5319,-171,154478,29.03721804511278
0.2,5320,83,154561,29.047359518887426
0.2,5321,-75,154486,29.02780909432544
0.2,5322,-1,154485,29.022167950403908
0.2,5323,90,154575,29.033621337340346
0.2,5324,84,154659,29.04394366197183
0.2,5325,89,154748,29.055200901239203
0.2,5326,90,154838,29.06664163694387
0.2,5327,88,154926,29.0777027027027
0.2,5328,85,155011,29.088196659786075
0.2,5329,-287,154724,29.02889305816135
0.2,5330,-47,154677,29.01463140123804
0.2,5331,-8,154669,29.00768942235559
0.2,5332,91,154760,29.019313707106694
0.2,5333,51,154811,29.023434570678663
0.2,5334,94,154905,29.03561387066542
0.2,5335,42,154947,29.03804347826087
0.2,5336,86,155033,29.04871650740116
0.2,5337,63,155096,29.05507680779318
0.2,5338,78,155174,29.064244240494475
0.2,5339,32,155206,29.064794007490637
0.2,5340,77,155283,29.073768957124134
0.2,5341,77,155360,29.082740546611756
0.2,5342,-17,155343,29.07411566535654
0.2,5343,90,155433,29.08551646706587
0.2,5344,41,155474,29.08774555659495
0.2,5345,-4,155470,29.081556303778527
0.2,5346,58,155528,29.086964653076492
0.2,5347,93,155621,29.098915482423337
0.2,5348,2,155623,29.093849317629463
0.2,5349,91,155714,29.105420560747664
0.2,5350,90,155804,29.11680059801906
0.2,5351,92,155896,29.128550074738417
0.2,5352,22,155918,29.12721838221558
0.2,5353,83,156001,29.137280537915576
0.2,5354,36,156037,29.138562091503267
0.2,5355,20,156057,29.136855862584017
0.2,5356,93,156150,29.14877730072802
0.2,5357,90,156240,29.16013437849944
0.2,5358,82,156322,29.16999440194066
0.2,5359,67,156389,29.17705223880597
0.2,5360,93,156482,29.18895728408879
0.2,5361,-64,156418,29.171577769488998
0.2,5362,-67,156351,29.153645347753123
0.2,5363,73,156424,29.161819537658463
0.2,5364,88,156512,29.17278657968313
0.2,5365,66,156578,29.179649645918747
0.2,5366,90,156668,29.19098192658841
0.2,5367,23,156691,29.189828614008942
0.2,5368,71,156762,29.197615943378654
0.2,5369,61,156823,29.203538175046553
0.2,5370,93,156916,29.215416123626884
0.2,5371,72,156988,29.22338049143708
0.2,5372,72,157060,29.231341894658478
0.2,5373,-10,157050,29.22404168217343
0.2,5374,93,157143,29.235906976744186
0.2,5375,82,157225,29.245721726190474
0.2,5376,78,157303,29.25478891575228
0.2,5377,80,157383,29.264224618817405
0.2,5378,30,157413,29.2643614054657
0.2,5379,3,157416,29.259479553903347
0.2,5380,93,157509,29.271325032521837
0.2,5381,-66,157443,29.253623188405797
0.2,5382,91,157534,29.265093813858442
0.2,5383,86,157620,29.275631500742943
0.2,5384,77,157697,29.284493964716805
0.2,5385,79,157776,29.293724470850353
0.2,5386,86,157862,29.304250974568404
0.2,5387,94,157956,29.316258351893097
0.2,5388,-58,157898,29.30005566895528
0.2,5389,-40,157858,29.287198515769944
0.2,5390,87,157945,29.297903913930625
0.2,5391,70,158015,29.305452522255194
0.2,5392,93,158108,29.317263118857777
0.2,5393,58,158166,29.322580645161292
0.2,5394,25,158191,29.321779425393885
0.2,5395,94,158285,29.333765752409192
0.2,5396,-66,158219,29.31610153789142
0.2,5397,70,158289,29.323638384586886
0.2,5398,69,158358,29.33098721985553
0.2,5399,45,158403,29.33388888888889
0.2,5400,90,158493,29.345121273838178
0.2,5401,-29,158464,29.334320621991854
0.2,5402,95,158559,29.34647418101055
0.2,5403,-55,158504,29.330866025166543
0.2,5404,-198,158306,29.28880666049954
0.2,5405,89,158395,29.29985201627821
0.2,5406,21,158416,29.298316996486037
0.2,5407,38,158454,29.29992603550296
0.2,5408,-45,158409,29.286189683860233
0.2,5409,32,158441,29.286691312384473
0.2,5410,80,158521,29.2960635742007
0.2,5411,41,158562,29.29822616407982
0.2,5412,85,158647,29.30851653426935
0.2,5413,67,158714,29.315478389360916
0.2,5414,-327,158387,29.249676823638044
0.2,5415,84,158471,29.259785819793205
0.2,5416,58,158529,29.26509137899206
0.2,5417,30,158559,29.265227021040975
0.2,5418,-50,158509,29.25059974164975
0.2,5419,-298,158211,29.19022140221402
0.2,5420,39,158250,29.19203099059214
0.2,5421,90,158340,29.20324603467355
0.2,5422,14,158354,29.20044255946893
0.2,5423,-35,158319,29.188606194690266
0.2,5424,92,158411,29.200184331797235
0.2,5425,4,158415,29.19553999262809
0.2,5426,-220,158195,29.149622259074995
0.2,5427,93,158288,29.16138540899042
0.2,5428,88,158376,29.172223245533246
0.2,5429,82,158458,29.18195211786372
0.2,5430,-69,158389,29.163874056343214
0.2,5431,81,158470,29.17341678939617
0.2,5432,-146,158324,29.141174305172097
0.2,5433,91,158415,29.15255796834744
0.2,5434,-105,158310,29.1278748850046
0.2,5435,59,158369,29.13337012509198
0.2,5436,-145,158224,29.101342652197904
0.2,5437,76,158300,29.109966899595438
0.2,5438,-192,158108,29.069314212171356
0.2,5439,83,158191,29.07922794117647
0.2,5440,20,158211,29.077559272192612
0.2,5441,-521,157690,28.976479235575155
0.2,5442,90,157780,28.987690611794967
0.2,5443,78,157858,28.99669360764144
0.2,5444,89,157947,29.00771349862259
0.2,5445,82,158029,29.017443995593094
0.2,5446,66,158095,29.024233523040206
0.2,5447,-375,157720,28.95007342143906
0.2,5448,46,157766,28.953202422462837
0.2,5449,51,157817,28.957247706422017
0.2,5450,-168,157649,28.921115391671254
0.2,5451,-22,157627,28.911775495231108
0.2,5452,27,157654,28.911424903722722
0.2,5453,94,157748,28.923359002566922
0.2,5454,87,157835,28.934005499541705
0.2,5455,-23,157812,28.924486803519063
0.2,5456,78,157890,28.933479934029688
0.2,5457,-60,157830,28.917185782337853
0.2,5458,21,157851,28.915735482689136
0.2,5459,59,157910,28.92124542124542
0.2,5460,-44,157866,28.90789232741256
0.2,5461,90,157956,28.919077261076527
0.2,5462,67,158023,28.92604795899689
0.2,5463,50,158073,28.929904831625183
0.2,5464,80,158153,28.93924977127173
0.2,5465,80,158233,28.94859129162093
0.2,5466,39,158272,28.9504298518383
0.2,5467,19,158291,28.948610095098758
0.2,5468,92,158383,28.96013896507588
0.2,5469,85,158468,28.97038391224863
0.2,5470,53,158521,28.9747760921221
0.2,5471,72,158593,28.98263888888889
0.2,5472,-8,158585,28.97588160058469
0.2,5473,81,158666,28.985385458531237
0.2,5474,43,158709,28.987945205479452
0.2,5475,61,158770,28.993791088385684
0.2,5476,82,158852,29.00346905240095
0.2,5477,-4,158848,28.997444322745526
0.2,5478,89,158937,29.008395692644644
0.2,5479,-36,158901,28.99653284671533
0.2,5480,85,158986,29.006750592957488
0.2,5481,-32,158954,28.995622035753374
0.2,5482,61,159015,29.00145905526172
0.2,5483,45,159060,29.00437636761488
0.2,5484,-26,159034,28.994348222424794
0.2,5485,-362,158672,28.923076923076923
0.2,5486,12,158684,28.919992710041917
0.2,5487,91,158775,28.931304664723033
0.2,5488,55,158830,28.936053926033885
0.2,5489,14,158844,28.933333333333334
0.2,5490,35,158879,28.934438171553452
0.2,5491,83,158962,28.944282592862344
0.2,5492,28,158990,28.944110686328052
0.2,5493,-154,158836,28.91081179468511
0.2,5494,73,158909,28.918835304822565
0.2,5495,87,158996,28.929403202328967
0.2,5496,88,159084,28.940149172275788
0.2,5497,7,159091,28.936158603128412
0.2,5498,-33,159058,28.924895435533735
0.2,5499,86,159144,28.93527272727273
0.2,5500,86,159230,28.945646246137066
0.2,5501,-145,159085,28.914031261359504
0.2,5502,53,159138,28.91840814101399
0.2,5503,92,159230,28.929869186046513
0.2,5504,0,159230,28.924613987284285
0.2,5505,-11,159219,28.917362876861606
0.2,5506,38,159257,28.919012166333758
0.2,5507,-6,159251,28.912672476397965
0.2,5508,-124,159127,28.884915592666545
0.2,5509,86,159213,28.895281306715063
0.2,5510,-3,159210,28.889493739793142
0.2,5511,78,159288,28.898403483309142
0.2,5512,79,159367,28.90749138400145
0.2,5513,92,159459,28.918933623503808
0.2,5514,21,159480,28.917497733454216
0.2,5515,91,159571,28.928752719361857
0.2,5516,64,159635,28.935109661047672
0.2,5517,-6,159629,28.928778542950344
0.2,5518,25,159654,28.92806667874615
0.2,5519,63,159717,28.934239130434783
0.2,5520,28,159745,28.934069914870495
0.2,5521,90,159835,28.94512857660268
0.2,5522,5,159840,28.940793047256925
0.2,5523,14,159854,28.938088341781317
0.2,5524,94,159948,28.949864253393667
0.2,5525,93,160041,28.9614549402823
0.2,5526,65,160106,28.967975393522707
0.2,5527,-6,160100,28.9616497829233
0.2,5528,-124,159976,28.933984445650207
0.2,5529,75,160051,28.942314647377938
0.2,5530,32,160083,28.942867474236124
0.2,5531,47,160130,28.946131597975416
0.2,5532,-215,159915,28.90204229170432
0.2,5533,48,159963,28.905493314058546
0.2,5534,19,159982,28.903703703703705
0.2,5535,89,160071,28.914559248554912
0.2,5536,77,160148,28.923243633736682
0.2,5537,-82,160066,28.903214156735284
0.2,5538,92,160158,28.9146055244629
0.2,5539,85,160243,28.924729241877255
0.2,5540,9,160252,28.921133369427903
0.2,5541,47,160299,28.9243955250812
0.2,5542,89,160388,28.935233627999278
0.2,5543,39,160427,28.937049062049063
0.2,5544,-24,160403,28.927502254283137
0.2,5545,83,160486,28.937252073566533
0.2,5546,88,160574,28.947899765639086
0.2,5547,-38,160536,28.93583273251622
0.2,5548,-96,160440,28.913317714903584
0.2,5549,89,160529,28.924144144144144
0.2,5550,66,160595,28.93082327508557
0.2,5551,-83,160512,28.910662824207492
0.2,5552,58,160570,28.915901314604717
0.2,5553,78,160648,28.924738926899533
0.2,5554,17,160665,28.922592259225922
0.2,5555,69,160734,28.929805615550755
0.2,5556,57,160791,28.93485693719633
0.2,5557,-41,160750,28.922274199352284
0.2,5558,-58,160692,28.906637884511603
0.2,5559,85,160777,28.916726618705034
0.2,5560,-6,160771,28.91044776119403
0.2,5561,94,160865,28.922150305645452
0.2,5562,26,160891,28.92162502246989
0.2,5563,46,160937,28.92469446441409
0.2,5564,-54,160883,28.909793351302785
0.2,5565,91,160974,28.92094861660079
0.2,5566,84,161058,28.93084246452308
0.2,5567,-100,160958,28.907686781609197
0.2,5568,76,161034,28.91614293409948
0.2,5569,-54,160980,28.90125673249551
0.2,5570,85,161065,28.91132651229582
0.2,5571,-7,161058,28.904881550610195
0.2,5572,72,161130,28.91261439081285
0.2,5573,88,161218,28.923214926444206
0.2,5574,-16,161202,28.915156950672646
0.2,5575,78,161280,28.923959827833574
0.2,5576,15,161295,28.921463152232384
0.2,5577,84,161379,28.931337396916458
0.2,5578,79,161458,28.940311883850153
0.2,5579,-18,161440,28.93189964157706
0.2,5580,92,161532,28.943200143343486
0.2,5581,87,161619,28.953600859906842
0.2,5582,93,161712,28.96507254164428
0.2,5583,94,161806,28.976719197707737
0.2,5584,-68,161738,28.959355416293644
0.2,5585,-110,161628,28.934479054779807
0.2,5586,85,161713,28.944514050474314
0.2,5587,42,161755,28.94685039370079
0.2,5588,24,161779,28.94596528896046
0.2,5589,19,161798,28.94418604651163
0.2,5590,80,161878,28.953317832230372
0.2,5591,68,161946,28.96030042918455
0.2,5592,49,161995,28.96388342571071
0.2,5593,46,162041,28.966928852341795
0.2,5594,89,162130,28.977658623771223
0.2,5595,-203,161927,28.936204431736954
0.2,5596,91,162018,28.947293192781846
0.2,5597,17,162035,28.945158985351913
0.2,5598,71,162106,28.952670119664226
0.2,5599,41,162147,28.954821428571428
0.2,5600,69,162216,28.961971076593464
0.2,5601,-29,162187,28.951624419850052
0.2,5602,86,162273,28.961806175263252
0.2,5603,85,162358,28.97180585296217
0.2,5604,3,162361,28.967172167707403
0.2,5605,-29,162332,28.956831965750983
0.2,5606,83,162415,28.966470483324414
0.2,5607,31,162446,28.966833095577748
0.2,5608,72,162518,28.974505259404527
0.2,5609,92,162610,28.98573975044563
0.2,5610,-165,162445,28.95116734984851
0.2,5611,90,162535,28.962045616535995
0.2,5612,75,162610,28.970247639408516
0.2,5613,76,162686,28.978624866405415
0.2,5614,-96,162590,28.956366874443454
0.2,5615,-37,162553,28.944622507122507
0.2,5616,89,162642,28.955314224675092
0.2,5617,-314,162328,28.89426842292631
0.2,5618,-176,162152,28.857803879693897
0.2,5619,73,162225,28.865658362989326
0.2,5620,94,162319,28.877246041629604
0.2,5621,55,162374,28.881892564923515
0.2,5622,91,162465,28.892939711897565
0.2,5623,-28,162437,28.88282361308677
0.2,5624,86,162523,28.892977777777777
0.2,5625,-72,162451,28.875044436544613
0.2,5626,51,162502,28.87897636395948
0.2,5627,94,162596,28.890547263681594
0.2,5628,-105,162491,28.866761414105525
0.2,5629,87,162578,28.87708703374778
0.2,5630,30,162608,28.877286450008878
0.2,5631,93,162701,28.888671875
0.2,5632,45,162746,28.89153204331617
0.2,5633,21,162767,28.89013134540291
0.2,5634,90,162857,28.900976042590948
0.2,5635,40,162897,28.902945351312987
0.2,5636,-106,162791,28.879013659748093
0.2,5637,87,162878,28.889322454771197
0.2,5638,78,162956,28.898031565880476
0.2,5639,88,163044,28.908510638297873
0.2,5640,29,163073,28.90852685694026
0.2,5641,72,163145,28.91616448068061
0.2,5642,-48,163097,28.90253411306043
0.2,5643,36,163133,28.90379163713678
0.2,5644,55,163188,28.908414526129317
0.2,5645,89,163277,28.919057739992915
0.2,5646,93,163370,28.93040552505755
0.2,5647,12,163382,28.92740793201133
0.2,5648,86,163468,28.937511063905117
0.2,5649,81,163549,28.946725663716816
0.2,5650,54,163603,28.951159086887277
0.2,5651,92,163695,28.962314225053078
0.2,5652,67,163762,28.96904298602512
0.2,5653,-22,163740,28.960028298549698
0.2,5654,91,163831,28.970999115826704
0.2,5655,-15,163816,28.963224893917964
0.2,5656,-106,163710,28.939367155736257
0.2,5657,-6,163704,28.933191940615057
0.2,5658,92,163796,28.9443364552041
0.2,5659,88,163884,28.9547703180212
0.2,5660,-89,163795,28.933933933933933
0.2,5661,90,163885,28.94471918050159
0.2,5662,68,163953,28.951615751368532
0.2,5663,59,164012,28.956920903954803
0.2,5664,76,164088,28.96522506619594
0.2,5665,79,164167,28.974055771267206
0.2,5666,67,164234,28.98076583730369
0.2,5667,-147,164087,28.94971771347918
0.2,5668,73,164160,28.95748809313812
0.2,5669,88,164248,28.9679012345679
0.2,5670,-35,164213,28.956621407159233
0.2,5671,94,164307,28.96808885754584
0.2,5672,37,164344,28.96950467124978
0.2,5673,76,164420,28.97779344377864
0.2,5674,16,164436,28.975506607929514
0.2,5675,91,164527,28.98643410852713
0.2,5676,-68,164459,28.969350008807467
0.2,5677,93,164552,28.980626981331454
0.2,5678,91,164643,28.991547807712625
0.2,5679,-87,164556,28.97112676056338
0.2,5680,10,164566,28.96778736138004
0.2,5681,75,164641,28.975888771559312
0.2,5682,-42,164599,28.963399612880522
0.2,5683,-12,164587,28.956192821956368
0.2,5684,87,164674,28.966402814423923
0.2,5685,94,164768,28.977840309532183
0.2,5686,-11,164757,28.97081062071391
0.2,5687,-122,164635,28.94426863572433
0.2,5688,75,164710,28.952364211636493
0.2,5689,-118,164592,28.926537785588753
0.2,5690,73,164665,28.93428219996486
0.2,5691,-15,164650,28.926563598032327
0.2,5692,6,164656,28.922536448269806
0.2,5693,91,164747,28.93343870741131
0.2,5694,86,164833,28.94345917471466
0.2,5695,-130,164703,28.9155547752809
0.2,5696,71,164774,28.922941899245217
0.2,5697,11,164785,28.91979641979642
0.2,5698,94,164879,28.93121600280751
0.2,5699,59,164938,28.936491228070174
0.2,5700,79,165017,28.945272759165057
0.2,5701,2,165019,28.940547176429323
0.2,5702,85,165104,28.950376994564266
0.2,5703,94,165198,28.961781206171107
0.2,5704,-56,165142,28.946888694127956
0.2,5705,93,165235,28.958114265685243
0.2,5706,57,165292,28.963027860522164
0.2,5707,87,165379,28.973195515066575
0.2,5708,83,165462,28.982658959537574
0.2,5709,76,165538,28.99089316987741
0.2,5710,93,165631,29.002101208194713
0.2,5711,70,165701,29.009278711484594
0.2,5712,21,165722,29.00787677227376
0.2,5713,5,165727,29.00367518375919
0.2,5714,46,165773,29.006649168853894
0.2,5715,86,165859,29.0166200139958
0.2,5716,86,165945,29.026587370998776
0.2,5717,76,166021,29.034802378454003
0.2,5718,81,166102,29.04388879174681
0.2,5719,68,166170,29.0506993006993
0.2,5720,94,166264,29.062052088795664
0.2,5721,13,166277,29.059245019224047
0.2,5722,-91,166186,29.038266643368864
0.2,5723,81,166267,29.047344514325648
0.2,5724,85,166352,29.05711790393013
0.2,5725,58,166410,29.062172546280127
0.2,5726,30,166440,29.062336301728653
0.2,5727,21,166461,29.060928770949722
0.2,5728,92,166553,29.0719148193402
0.2,5729,-59,166494,29.0565445026178
0.2,5730,-64,166430,29.040307101727446
0.2,5731,87,166517,29.050418702023727
0.2,5732,57,166574,29.05529391243677
0.2,5733,62,166636,29.061039414021625
0.2,5734,38,166674,29.06259808195292
0.2,5735,79,166753,29.071304044630406
0.2,5736,90,166843,29.081924350705943
0.2,5737,41,166884,29.084001394214013
0.2,5738,89,166973,29.09444154033804
0.2,5739,71,167044,29.101742160278746
0.2,5740,-71,166973,29.08430587005748
0.2,5741,-88,166885,29.063915012190876
0.2,5742,91,166976,29.074699634337453
0.2,5743,52,167028,29.078690807799443
0.2,5744,8,167036,29.07502175805048
0.2,5745,89,167125,29.085450748346677
0.2,5746,3,167128,29.08091178005916
0.2,5747,43,167171,29.083333333333332
0.2,5748,-210,166961,29.04174639067664
0.2,5749,48,167009,29.04504347826087
0.2,5750,40,167049,29.046948356807512
0.2,5751,94,167143,29.058240611961057
0.2,5752,73,167216,29.06587867199722
0.2,5753,10,167226,29.062565172054224
0.2,5754,-50,167176,29.048827106863598
0.2,5755,90,167266,29.059416261292565
0.2,5756,12,167278,29.056453013722425
0.2,5757,92,167370,29.0673845085099
0.2,5758,75,167445,29.075360305608612
0.2,5759,71,167516,29.082638888888887
0.2,5760,91,167607,29.093386564832496
0.2,5761,84,167691,29.102915654286704
0.2,5762,25,167716,29.102203713343744
0.2,5763,89,167805,29.112595419847327
0.2,5764,81,167886,29.121595836947094
0.2,5765,-226,167660,29.077349982656955
0.2,5766,57,167717,29.08219178082192
0.2,5767,-20,167697,29.07368238557559
0.2,5768,89,167786,29.084070029467846
0.2,5769,44,167830,29.086655112651645
0.2,5770,25,167855,29.08594697626061
0.2,5771,93,167948,29.097020097020096
0.2,5772,94,168042,29.108262601766846
0.2,5773,84,168126,29.117769310703153
0.2,5774,-86,168040,29.097835497835497
0.2,5775,86,168126,29.10768698060942
0.2,5776,16,168142,29.10541803704345
0.2,5777,43,168185,29.107822776047076
0.2,5778,93,168278,29.118878698736804
0.2,5779,-71,168207,29.101557093425605
0.2,5780,78,168285,29.11001556824079
0.2,5781,77,168362,29.118298166724315
0.2,5782,-3,168359,29.11274425038907
0.2,5783,92,168451,29.123616874135546
0.2,5784,82,168533,29.13275713050994
0.2,5785,-107,168426,29.109229173867956
0.2,5786,-52,168374,29.09521340936582
0.2,5787,-15,168359,29.087595024187976
0.2,5788,67,168426,29.0941440663327
0.2,5789,35,168461,29.095164075993093
0.2,5790,89,168550,29.105508547746503
0.2,5791,88,168638,29.11567679558011
0.2,5792,28,168666,29.11548420507509
0.2,5793,35,168701,29.11649982740766
0.2,5794,-151,168550,29.08541846419327
0.2,5795,89,168639,29.09575569358178
0.2,5796,38,168677,29.097291702604796
0.2,5797,51,168728,29.10106933425319
0.2,5798,-4,168724,29.09536126918434
0.2,5799,8,168732,29.091724137931035
0.2,5800,67,168799,29.09825892087571
0.2,5801,-52,168747,29.084281282316443
0.2,5802,-177,168570,29.04876787868344
0.2,5803,-58,168512,29.033769813921435
0.2,5804,-68,168444,29.017054263565893
0.2,5805,83,168527,29.026352049603858
0.2,5806,-3,168524,29.020836920957464
0.2,5807,-89,168435,29.00051652892562
0.2,5808,89,168524,29.010845240144604
0.2,5809,-107,168417,28.987435456110155
0.2,5810,93,168510,28.998451213216313
0.2,5811,84,168594,29.007914659325532
0.2,5812,-7,168587,29.001720282126268
0.2,5813,67,168654,29.00825593395253
0.2,5814,65,168719,29.01444539982803
0.2,5815,-3,168716,29.00894085281981
0.2,5816,-72,168644,28.991576413959084
0.2,5817,31,168675,28.991921622550706
0.2,5818,80,168755,29.000687403333906
0.2,5819,46,168801,29.00360824742268
0.2,5820,-259,168542,28.954131592509878
0.2,5821,83,168625,28.963414634146343
0.2,5822,77,168702,28.97166409067491
0.2,5823,81,168783,28.98059752747253
0.2,5824,79,168862,28.989184549356224
0.2,5825,78,168940,28.997596979059388
0.2,5826,25,168965,28.996910931868886
0.2,5827,87,169052,29.006863417982157
0.2,5828,61,169113,29.012352032938754
0.2,5829,60,169173,29.017667238421957
0.2,5830,46,169219,29.020579660435605
0.2,5831,-201,169018,28.98113854595336
0.2,5832,67,169085,28.987656437510715
0.2,5833,8,169093,28.98405896468975
0.2,5834,77,169170,28.99228791773779
0.2,5835,90,169260,29.002741603838246
0.2,5836,71,169331,29.009936611272913
0.2,5837,71,169402,29.017129153819802
0.2,5838,60,169462,29.02243534851858
0.2,5839,-66,169396,29.006164383561643
0.2,5840,94,169490,29.01729155966444
0.2,5841,22,169512,29.016090380006847
0.2,5842,-59,169453,29.001026869758686
0.2,5843,0,169453,28.996064339493497
0.2,5844,-154,169299,28.96475620188195
0.2,5845,85,169384,28.974341430037633
0.2,5846,80,169464,28.98306824012314
0.2,5847,82,169546,28.992134062927498
0.2,5848,-60,169486,28.976919131475466
0.2,5849,35,169521,28.977948717948717
0.2,5850,23,169544,28.976927021022046
0.2,5851,11,169555,28.973855092276146
0.2,5852,47,169602,28.976934905176833
0.2,5853,75,169677,28.984796720191323
0.2,5854,65,169742,28.990947907771137
0.2,5855,56,169798,28.995560109289617
0.2,5856,80,169878,29.004268396790167
0.2,5857,-56,169822,28.9897575964493
0.2,5858,71,169893,28.996927803379418
0.2,5859,11,169904,28.993856655290102
0.2,5860,59,169963,28.998976283910597
0.2,5861,-78,169885,28.98072330262709
0.2,5862,-55,169830,28.966399454204332
0.2,5863,53,169883,28.97049795361528
0.2,5864,93,169976,28.98141517476556
0.2,5865,-8,169968,28.97511080804637
0.2,5866,74,170042,28.982785069030168
0.2,5867,84,170126,28.99216087252897
0.2,5868,47,170173,28.99522917021639
0.2,5869,92,170265,29.00596252129472
0.2,5870,-16,170249,28.998296712655424
0.2,5871,94,170343,29.009366485013626
0.2,5872,43,170386,29.01174868040184
0.2,5873,70,170456,29.0187265917603
0.2,5874,65,170521,29.024851063829786
0.2,5875,47,170568,29.02791014295439
0.2,5876,-160,170408,28.99574612897737
0.2,5877,-39,170369,28.984178291936033
0.2,5878,79,170448,28.992685830923627
0.2,5879,61,170509,28.99812925170068
0.2,5880,-38,170471,28.986736949498386
0.2,5881,91,170562,28.997279836790206
0.2,5882,59,170621,29.002379738228793
0.2,5883,85,170706,29.0118966689327
0.2,5884,-185,170521,28.975531011045028
0.2,5885,78,170599,28.983860006795787
0.2,5886,40,170639,28.98573127229489
0.2,5887,28,170667,28.985563858695652
0.2,5888,69,170736,28.99235863474274
0.2,5889,44,170780,28.99490662139219
0.2,5890,70,170850,29.00186725513495
0.2,5891,29,170879,29.001866938221315
0.2,5892,71,170950,29.00899372136433
0.2,5893,93,171043,29.01985069562267
0.2,5894,82,171125,29.028837998303647
0.2,5895,21,171146,29.027476255088196
0.2,5896,5,171151,29.023401729693063
0.2,5897,-13,171138,29.016276703967446
0.2,5898,-52,171086,29.00254280386506
0.2,5899,82,171168,29.011525423728813
0.2,5900,-29,171139,29.00169462802915
0.2,5901,-33,171106,28.991189427312776
0.2,5902,89,171195,29.00135524309673
0.2,5903,80,171275,29.00999322493225
0.2,5904,-73,171202,28.992718035563083
0.2,5905,-19,171183,28.984591940399593
0.2,5906,19,171202,28.98290164211952
0.2,5907,-89,171113,28.96293161814489
0.2,5908,-106,171007,28.940091386021322
0.2,5909,46,171053,28.942978003384095
0.2,5910,57,171110,28.947724581289123
0.2,5911,4,171114,28.943504736129906
0.2,5912,90,171204,28.95383054287164
0.2,5913,-21,171183,28.945383834967874
0.2,5914,-26,171157,28.936094674556212
0.2,5915,86,171243,28.94574036511156
0.2,5916,66,171309,28.95200270407301
0.2,5917,92,171401,28.962656302805
0.2,5918,47,171448,28.965703666159826
0.2,5919,81,171529,28.974493243243245
0.2,5920,94,171623,28.985475426448236
0.2,5921,89,171712,28.995609591354274
0.2,5922,-26,171686,28.986324497720748
0.2,5923,-5,171681,28.9805874409183
0.2,5924,83,171764,28.98970464135021
0.2,5925,87,171851,28.999493756328047
0.2,5926,88,171939,29.00944828749789
0.2,5927,36,171975,29.010627530364374
0.2,5928,-81,171894,28.992072862202733
0.2,5929,78,171972,29.000337268128163
0.2,5930,-1,171971,28.995279042320014
0.2,5931,37,172008,28.99662845583277
0.2,5932,73,172081,29.004045171077028
0.2,5933,77,172158,29.012133468149646
0.2,5934,80,172238,29.02072451558551
0.2,5935,38,172276,29.0222371967655
0.2,5936,-49,172227,29.009095502779182
0.2,5937,7,172234,29.00538901987201
0.2,5938,92,172326,29.015995958915642
0.2,5939,83,172409,29.025084175084174
0.2,5940,89,172498,29.03517926275038
0.2,5941,0,172498,29.030292830696734
0.2,5942,-12,172486,29.02338886084469
0.2,5943,-11,172475,29.016655450874833
0.2,5944,87,172562,29.02640874684609
0.2,5945,79,172641,29.03481331987891
0.2,5946,-1,172640,29.029762905666722
0.2,5947,82,172722,29.03866845998655
0.2,5948,94,172816,29.049588166078333
0.2,5949,83,172899,29.058655462184873
0.2,5950,82,172981,29.0675516719879
0.2,5951,87,173068,29.07728494623656
0.2,5952,5,173073,29.07324038300017
0.2,5953,75,173148,29.0809539805173
0.2,5954,51,173199,29.08463476070529
0.2,5955,-86,173113,29.0653122901276
0.2,5956,69,173182,29.072016115494375
0.2,5957,88,173270,29.08190668009399
0.2,5958,92,173362,29.092465178721262
0.2,5959,6,173368,29.088590604026844
0.2,5960,34,173402,29.089414527763797
0.2,5961,80,173482,29.097953706809797
0.2,5962,79,173561,29.106322320979373
0.2,5963,-1,173560,29.101274312541918
0.2,5964,75,173635,29.10896898575021
0.2,5965,64,173699,29.114817298022125
0.2,5966,4,173703,29.110608345902463
0.2,5967,55,173758,29.114946380697052
0.2,5968,80,173838,29.12347126821913
0.2,5969,78,173916,29.131658291457285
0.2,5970,72,173988,29.138837715625524
0.2,5971,-3,173985,29.133456128600134
0.2,5972,92,174077,29.143981248953626
0.2,5973,-41,174036,29.132239705390024
0.2,5974,93,174129,29.142928870292888
0.2,5975,91,174220,29.153279785809907
0.2,5976,-151,174069,29.123138698343652
0.2,5977,82,174151,29.13198394111743
0.2,5978,94,174245,29.14283324970731
0.2,5979,65,174310,29.148829431438127
0.2,5980,-39,174271,29.137435211503092
0.2,5981,51,174322,29.141089936476096
0.2,5982,45,174367,29.143740598362026
0.2,5983,-44,174323,29.131517379679146
0.2,5984,90,174413,29.141687552213867
0.2,5985,71,174484,29.14868025392583
0.2,5986,-111,174373,29.12527142141306
0.2,5987,94,174467,29.13610554442218
0.2,5988,23,174490,29.135080981799966
0.2,5989,91,174581,29.14540901502504
0.2,5990,-7,174574,29.13937573026206
0.2,5991,-97,174477,29.11832443257677
0.2,5992,85,174562,29.127648923744367
0.2,5993,65,174627,29.133633633633632
0.2,5994,43,174670,29.135946622185156
0.2,5995,76,174746,29.14376250833889
0.2,5996,92,174838,29.154243788560947
0.2,5997,77,174915,29.16222074024675
0.2,5998,27,174942,29.161860310051676
0.2,5999,-58,174884,29.147333333333332
0.2,6000,-14,174870,29.140143309448426
0.2,6001,-218,174652,29.098967010996336
0.2,6002,90,174742,29.10911211061136
0.2,6003,90,174832,29.11925383077948
0.2,6004,40,174872,29.121065778517902
0.2,6005,64,174936,29.126873126873125
0.2,6006,29,174965,29.12685200599301
0.2,6007,56,175021,29.131324900133155
0.2,6008,-10,175011,29.12481278082876
0.2,6009,29,175040,29.124792013311147
0.2,6010,93,175133,29.13541839960073
0.2,6011,77,175210,29.14337990685296
0.2,6012,10,175220,29.1401962414768
0.2,6013,94,175314,29.15098104423013
0.2,6014,60,175374,29.156109725685784
0.2,6015,88,175462,29.16589095744681
0.2,6016,92,175554,29.176333721123484
0.2,6017,42,175596,29.178464606181457
0.2,6018,-88,175508,29.158996511048347
0.2,6019,91,175599,29.169269102990032
0.2,6020,75,175674,29.17688091679123
0.2,6021,94,175768,29.187645300564597
0.2,6022,85,175853,29.19691183795451
0.2,6023,89,175942,29.20683930942895
0.2,6024,-56,175886,29.192697095435683
0.2,6025,12,175898,29.189844009293065
0.2,6026,-81,175817,29.17156130744981
0.2,6027,-114,175703,29.1478102189781
0.2,6028,70,175773,29.154586166860177
0.2,6029,90,175863,29.164676616915422
0.2,6030,-281,175582,29.113248217542697
0.2,6031,63,175645,29.118866047745357
0.2,6032,3,175648,29.11453671473562
0.2,6033,46,175694,29.1173351010938
0.2,6034,-61,175633,29.102402651201327
0.2,6035,72,175705,29.10950960901259
0.2,6036,52,175757,29.113301308596984
0.2,6037,75,175832,29.120900960582976
0.2,6038,83,175915,29.12982281834741
0.2,6039,23,175938,29.12880794701987
0.2,6040,-49,175889,29.11587485515643
0.2,6041,9,175898,29.112545514730222
0.2,6042,67,175965,29.11881515803409
0.2,6043,89,176054,29.128722700198544
0.2,6044,44,176098,29.131182795698926
0.2,6045,-103,175995,29.109328481640755
0.2,6046,14,176009,29.10682983297503
0.2,6047,19,176028,29.10515873015873
0.2,6048,26,176054,29.10464539593321
0.2,6049,65,176119,29.110578512396692
0.2,6050,87,176206,29.120145430507353
0.2,6051,68,176274,29.126569729015202
0.2,6052,93,176367,29.137122088220718
0.2,6053,79,176446,29.145358440700363
0.2,6054,53,176499,29.149298100743188
0.2,6055,55,176554,29.153566710700133
0.2,6056,12,176566,29.150734687138847
0.2,6057,88,176654,29.160448993067018
0.2,6058,91,176745,29.170655223634263
0.2,6059,-122,176623,29.145709570957095
0.2,6060,70,176693,29.1524500907441
0.2,6061,93,176786,29.162982514021774
0.2,6062,25,176811,29.162295893122216
0.2,6063,14,176825,29.159795514511874
0.2,6064,54,176879,29.1638911788953
0.2,6065,21,176900,29.162545334652158
0.2,6066,21,176921,29.161199934069558
0.2,6067,14,176935,29.15870138431114
0.2,6068,-107,176828,29.136266271214367
0.2,6069,-35,176793,29.125700164744647
0.2,6070,91,176884,29.135891945313787
0.2,6071,-85,176799,29.117094861660078
0.2,6072,-158,176641,29.086283550139964
0.2,6073,69,176710,29.092854790912085
0.2,6074,36,176746,29.093991769547326
0.2,6075,77,176823,29.101876234364713
0.2,6076,62,176885,29.10728978114201
0.2,6077,94,176979,29.11796643632774
0.2,6078,30,177009,29.118111531501892
0.2,6079,92,177101,29.12845394736842
0.2,6080,89,177190,29.138299621772735
0.2,6081,-31,177159,29.128411706675436
0.2,6082,71,177230,29.13529508466217
0.2,6083,72,177302,29.142340565417488
0.2,6084,88,177390,29.15201314708299
0.2,6085,80,177470,29.160368057837662
0.2,6086,-79,177391,29.142598981435846
0.2,6087,54,177445,29.14668199737188
0.2,6088,82,177527,29.15536212842831
0.2,6089,57,177584,29.15993431855501
0.2,6090,17,177601,29.15793794122476
0.2,6091,69,177670,29.164478003939593
0.2,6092,6,177676,29.16067618578697
0.2,6093,89,177765,29.170495569412537
0.2,6094,81,177846,29.178999179655456
0.2,6095,82,177928,29.18766404199475
0.2,6096,55,177983,29.19189765458422
0.2,6097,86,178069,29.201213512627092
0.2,6098,92,178161,29.211510083620265
0.2,6099,-16,178145,29.20409836065574
0.2,6100,90,178235,29.214063268316668
0.2,6101,87,178322,29.223533267781054
0.2,6102,90,178412,29.23349172538096
0.2,6103,60,178472,29.238532110091743
0.2,6104,51,178523,29.24209664209664
0.2,6105,36,178559,29.243203406485424
0.2,6106,85,178644,29.252333387915506
0.2,6107,72,178716,29.259332023575638
0.2,6108,87,178803,29.26878376166312
0.2,6109,-43,178760,29.2569558101473
0.2,6110,73,178833,29.26411389297987
0.2,6111,-42,178791,29.252454188481675
0.2,6112,87,178878,29.261900867004744
0.2,6113,-74,178804,29.245011449133138
0.2,6114,80,178884,29.253311529026984
0.2,6115,-451,178433,29.174787442773056
0.2,6116,-17,178416,29.167238842569887
0.2,6117,69,178485,29.173749591369727
0.2,6118,75,178560,29.181238764504005
0.2,6119,-32,178528,29.17124183006536
0.2,6120,78,178606,29.17921908184937
0.2,6121,85,178691,29.188337144723945
0.2,6122,32,178723,29.188796341662584
0.2,6123,80,178803,29.197093403004573
0.2,6124,92,178895,29.207346938775512
0.2,6125,77,178972,29.21514854717597
0.2,6126,71,179043,29.221968336869594
0.2,6127,85,179128,29.23107049608355
0.2,6128,46,179174,29.233806493718387
0.2,6129,-107,179067,29.2115823817292
0.2,6130,-220,178847,29.17093459468276
0.2,6131,46,178893,29.17367906066536
0.2,6132,90,178983,29.183596934616013
0.2,6133,21,179004,29.182262797522007
0.2,6134,-125,178879,29.157131214343927
0.2,6135,20,178899,29.15563885267275
0.2,6136,35,178934,29.156591168323285
0.2,6137,94,179028,29.167155425219942
0.2,6138,87,179115,29.17657598957485
0.2,6139,-90,179025,29.157166123778502
0.2,6140,68,179093,29.163491288063835
0.2,6141,37,179130,29.16476717681537
0.2,6142,83,179213,29.17353084811981
0.2,6143,3,179216,29.169270833333332
0.2,6144,90,179306,29.179170056956874
0.2,6145,-184,179122,29.144484217377155
0.2,6146,92,179214,29.15470961444607
0.2,6147,25,179239,29.154033832140534
0.2,6148,93,179332,29.16441697837047
0.2,6149,85,179417,29.173495934959348
0.2,6150,-25,179392,29.164688668509186
0.2,6151,11,179403,29.16173602080624
0.2,6152,-110,179293,29.13911912888022
0.2,6153,-8,179285,29.13308417289568
0.2,6154,93,179378,29.14346060113729
0.2,6155,44,179422,29.145873944119558
0.2,6156,93,179515,29.156244924476205
0.2,6157,85,179600,29.165313413445926
0.2,6158,-108,179492,29.143042701737293
0.2,6159,44,179536,29.145454545454545
0.2,6160,-341,179195,29.085375750689824
0.2,6161,88,179283,29.09493670886076
0.2,6162,-68,179215,29.079182216453027
0.2,6163,34,179249,29.079980532121997
0.2,6164,-542,178707,28.98734793187348
0.2,6165,31,178738,28.987674343172234
0.2,6166,-6,178732,28.982000972920382
0.2,6167,77,178809,28.9897859922179
0.2,6168,-7,178802,28.983952018155293
0.2,6169,-26,178776,28.975040518638572
0.2,6170,72,178848,28.98201263976665
0.2,6171,28,178876,28.98185353208036
0.2,6172,26,178902,28.981370484367407
0.2,6173,-62,178840,28.96663427275672
0.2,6174,91,178931,28.97668016194332
0.2,6175,68,178999,28.982998704663213
0.2,6176,75,179074,28.990448437752953
0.2,6177,13,179087,28.987860148915505
0.2,6178,-148,178939,28.959216701731673
0.2,6179,94,179033,28.969741100323624
0.2,6180,25,179058,28.969098851318556
0.2,6181,9,179067,28.965868650922033
0.2,6182,-23,179044,28.957464014232574
0.2,6183,-66,178978,28.94210866752911
0.2,6184,49,179027,28.945351657235246
0.2,6185,93,179120,28.955706433882963
0.2,6186,4,179124,28.95167286245353
0.2,6187,88,179212,28.961215255332903
0.2,6188,-1,179211,28.956374212312166
0.2,6189,-105,179106,28.934733441033927
0.2,6190,-43,179063,28.9231141980294
0.2,6191,81,179144,28.93152454780362
0.2,6192,93,179237,28.941869853059906
0.2,6193,-77,179160,28.92476590248628
0.2,6194,-31,179129,28.91509281678773
0.2,6195,40,179169,28.91688185926404
0.2,6196,65,179234,28.922704534452155
0.2,6197,94,179328,28.93320425943853
0.2,6198,92,179420,28.94337796418777
0.2,6199,79,179499,28.951451612903227
0.2,6200,9,179508,28.948234155781325
0.2,6201,-251,179257,28.903095775556274
0.2,6202,75,179332,28.91052716427535
0.2,6203,72,179404,28.917472598323663
0.2,6204,93,179497,28.927800161160356
0.2,6205,50,179547,28.9311956171447
0.2,6206,-26,179521,28.922345738682132
0.2,6207,14,179535,28.919942010309278
0.2,6208,57,179592,28.92446448703495
0.2,6209,-86,179506,28.90595813204509
0.2,6210,-177,179329,28.87280631138303
0.2,6211,-76,179253,28.85592401802962
0.2,6212,-95,179158,28.835989055206824
0.2,6213,-44,179114,28.824267782426777
0.2,6214,7,179121,28.820756234915528
0.2,6215,67,179188,28.826898326898327
0.2,6216,-101,179087,28.806015763229855
0.2,6217,5,179092,28.802187198456096
0.2,6218,-37,179055,28.791606367583213
0.2,6219,-51,179004,28.77877813504823
0.2,6220,53,179057,28.7826715962064
0.2,6221,53,179110,28.78656380585021
0.2,6222,-43,179067,28.775028121484816
0.2,6223,69,179136,28.781491002570693
0.2,6224,57,179193,28.786024096385542
0.2,6225,-349,178844,28.72534532605204
0.2,6226,78,178922,28.733258390878433
0.2,6227,88,179010,28.74277456647399
0.2,6228,69,179079,28.749237437790978
0.2,6229,93,179172,28.759550561797752
0.2,6230,-165,179007,28.72845450168512
0.2,6231,31,179038,28.728818998716303
0.2,6232,90,179128,28.73864912562169
0.2,6233,15,179143,28.73644529996792
0.2,6234,25,179168,28.735846030473134
0.2,6235,74,179242,28.743104554201413
0.2,6236,82,179324,28.751643418310085
0.2,6237,27,179351,28.751362616223147
0.2,6238,87,179438,28.760698829940697
0.2,6239,61,179499,28.765865384615385
0.2,6240,-3,179496,28.76077551674411
0.2,6241,93,179589,28.771066965716116
0.2,6242,-41,179548,28.759891078007367
0.2,6243,12,179560,28.757206918641895
0.2,6244,72,179632,28.764131305044035
0.2,6245,78,179710,28.77201408901697
0.2,6246,79,179789,28.78005442612454
0.2,6247,-99,179690,28.759603072983353
0.2,6248,52,179742,28.763322131541045
0.2,6249,89,179831,28.77296
0.2,6250,81,179912,28.781314989601665
0.2,6251,-4,179908,28.77607165706974
0.2,6252,-314,179594,28.721253798176875
0.2,6253,-15,179579,28.714262871762074
0.2,6254,-30,179549,28.704876099120703
0.2,6255,50,179599,28.708280051150894
0.2,6256,55,179654,28.712482020137447
0.2,6257,-8,179646,28.70661553211889
0.2,6258,87,179733,28.715929062150504
0.2,6259,46,179779,28.718690095846647
0.2,6260,91,179870,28.728637597827824
0.2,6261,57,179927,28.733152347492815
0.2,6262,82,180009,28.74165735270637
0.2,6263,91,180100,28.751596424010216
0.2,6264,-51,180049,28.738866719872306
0.2,6265,15,180064,28.736674114267476
0.2,6266,-27,180037,28.727780437210786
0.2,6267,-36,180001,28.717453733248245
0.2,6268,93,180094,28.72770776838411
0.2,6269,31,180125,28.728070175438596
0.2,6270,7,180132,28.72460532610429
0.2,6271,93,180225,28.734853316326532
0.2,6272,59,180284,28.739677985015145
0.2,6273,29,180313,28.739719477207522
0.2,6274,94,180407,28.75011952191235
0.2,6275,63,180470,28.75557680050988
0.2,6276,32,180502,28.756093675322607
0.2,6277,-15,180487,28.74912392481682
0.2,6278,74,180561,28.756330625895842
0.2,6279,-208,180353,28.718630573248408
0.2,6280,57,180410,28.723133259035187
0.2,6281,79,180489,28.73113658070678
0.2,6282,75,180564,28.73850071621837
0.2,6283,9,180573,28.735359643539148
0.2,6284,91,180664,28.745266507557677
0.2,6285,79,180743,28.7532612153993
0.2,6286,-12,180731,28.746779067917927
0.2,6287,-217,180514,28.70769720101781
0.2,6288,68,180582,28.71394498330418
0.2,6289,91,180673,28.72384737678855
0.2,6290,80,180753,28.731998092513113
0.2,6291,-54,180699,28.718849332485696
0.2,6292,-239,180460,28.67630700778643
0.2,6293,91,180551,28.686209088020338
0.2,6294,-21,180530,28.678316123907862
0.2,6295,87,180617,28.687579415501904
0.2,6296,91,180708,28.697474988089567
0.2,6297,-128,180580,28.67259447443633
0.2,6298,80,180660,28.680742975075407
0.2,6299,51,180711,28.684285714285714
0.2,6300,90,180801,28.694016822726553
0.2,6301,39,180840,28.695652173913043
0.2,6302,37,180877,28.696969696969695
0.2,6303,-84,180793,28.679092639593907
0.2,6304,-137,180656,28.652815226011104
0.2,6305,63,180719,28.65826197272439
0.2,6306,85,180804,28.667195179958775
0.2,6307,-72,180732,28.65123652504756
0.2,6308,37,180769,28.652559835156126
0.2,6309,20,180789,28.65118858954041
0.2,6310,47,180836,28.654096022817303
0.2,6311,94,180930,28.66444866920152
0.2,6312,62,180992,28.669729130365912
0.2,6313,-314,180678,28.61545771301869
0.2,6314,74,180752,28.62264449722882
0.2,6315,84,180836,28.631412286257124
0.2,6316,73,180909,28.638435966439765
0.2,6317,83,180992,28.647040202595758
0.2,6318,89,181081,28.65659123279
0.2,6319,92,181173,28.666613924050633
0.2,6320,7,181180,28.663186204714442
0.2,6321,15,181195,28.66102499209111
0.2,6322,82,181277,28.66946069903527
0.2,6323,82,181359,28.67789373814042
0.2,6324,50,181409,28.681264822134388
0.2,6325,71,181480,28.68795447360101
0.2,6326,24,181504,28.687213529318793
0.2,6327,78,181582,28.695006321112515
0.2,6328,79,181661,28.702954653183756
0.2,6329,39,181700,28.704581358609794
0.2,6330,55,181755,28.708734797030484
0.2,6331,-119,181636,28.685407454200885
0.2,6332,56,181692,28.689720511605874
0.2,6333,82,181774,28.698137038206504
0.2,6334,66,181840,28.704025256511443
0.2,6335,91,181931,28.71385732323232
0.2,6336,74,182005,28.72100362947767
0.2,6337,14,182019,28.71868097191543
0.2,6338,62,182081,28.723931219435244
0.2,6339,93,182174,28.734069400630915
0.2,6340,76,182250,28.74152341901908
0.2,6341,93,182343,28.751655629139073
0.2,6342,37,182380,28.75295601450418
0.2,6343,83,182463,28.761506935687265
0.2,6344,87,182550,28.77068557919622
0.2,6345,85,182635,28.77954617081626
0.2,6346,43,182678,28.781786670868126
0.2,6347,80,182758,28.78985507246377
0.2,6348,33,182791,28.790518191841233
0.2,6349,92,182883,28.800472440944883
0.2,6350,93,182976,28.810581010864432
0.2,6351,88,183064,28.819899244332493
0.2,6352,26,183090,28.81945537541319
0.2,6353,-180,182910,28.786591123701605
0.2,6354,55,182965,28.790715971675844
0.2,6355,75,183040,28.79798615481435
0.2,6356,77,183117,28.80556866446437
0.2,6357,91,183208,28.815350739226172
0.2,6358,79,183287,28.82324264821513
0.2,6359,94,183381,28.833490566037735
0.2,6360,-12,183369,28.82707121521773
0.2,6361,94,183463,28.837315309651053
0.2,6362,36,183499,28.83844098695584
0.2,6363,-23,183476,28.83029541169076
0.2,6364,-6,183470,28.82482325216025
0.2,6365,8,183478,28.821551994973294
0.2,6366,26,183504,28.82110884246898
0.2,6367,-60,183444,28.8071608040201
0.2,6368,-26,183418,28.798555503218715
0.2,6369,19,183437,28.79701726844584
0.2,6370,-286,183151,28.747606341233716
0.2,6371,25,183176,28.74701820464532
0.2,6372,93,183269,28.757100266750353
0.2,6373,40,183309,28.758864135550674
0.2,6374,65,183374,28.764549019607845
0.2,6375,66,183440,28.77038895859473
0.2,6376,39,183479,28.771993100203858
0.2,6377,94,183573,28.78222013170273
0.2,6378,48,183621,28.78523279510895
0.2,6379,-296,183325,28.734326018808776
0.2,6380,76,183401,28.741733270647234
0.2,6381,80,183481,28.74976496396114
0.2,6382,94,183575,28.759987466708445
0.2,6383,-29,183546,28.75093984962406
0.2,6384,-1,183545,28.746280344557558
0.2,6385,-131,183414,28.721265267773255
0.2,6386,-21,183393,28.713480507280412
0.2,6387,26,183419,28.713055729492797
0.2,6388,55,183474,28.717170136171546
0.2,6389,87,183561,28.726291079812206
0.2,6390,90,183651,28.735878579252073
0.2,6391,82,183733,28.74421151439299
0.2,6392,50,183783,28.747536367902395
0.2,6393,21,183804,28.746324679386927
0.2,6394,30,183834,28.746520719311963
0.2,6395,93,183927,28.75656660412758
0.2,6396,86,184013,28.765515085196185
0.2,6397,-86,183927,28.747577367927477
0.2,6398,-5,183922,28.742303484919518
0.2,6399,59,183981,28.74703125
0.2,6400,-212,183769,28.709420403062023
0.2,6401,87,183856,28.7185254607935
0.2,6402,54,183910,28.72247384038732
0.2,6403,40,183950,28.72423485321674
0.2,6404,82,184032,28.73255269320843
0.2,6405,88,184120,28.74180455822666
0.2,6406,92,184212,28.751677852348994
0.2,6407,66,184278,28.75749063670412
0.2,6408,-24,184254,28.74925885473553
0.2,6409,-4,184250,28.744149765990638
0.2,6410,-50,184200,28.731867103416004
0.2,6411,84,184284,28.74048658764816
0.2,6412,66,184350,28.746296585061593
0.2,6413,-289,184061,28.696757093857187
0.2,6414,-164,183897,28.666718628215122
0.2,6415,88,183985,28.67596633416459
0.2,6416,-155,183830,28.647342995169083
0.2,6417,-28,183802,28.638516671860394
0.2,6418,67,183869,28.644492911668483
0.2,6419,-67,183802,28.629595015576324
0.2,6420,1,183803,28.62529201059025
0.2,6421,-126,183677,28.601214574898787
0.2,6422,85,183762,28.60999532928538
0.2,6423,-22,183740,28.602117061021172
0.2,6424,94,183834,28.612295719844358
0.2,6425,43,183877,28.614534702769998
0.2,6426,31,183908,28.614905865878328
0.2,6427,-53,183855,28.60220908525202
0.2,6428,68,183923,28.60833722196298
0.2,6429,84,184007,28.616951788491445
0.2,6430,18,184025,28.61530088633183
0.2,6431,-49,183976,28.60323383084577
0.2,6432,-8,183968,28.597543914192446
0.2,6433,57,184025,28.601958346285357
0.2,6434,36,184061,28.603108003108
0.2,6435,-198,183863,28.567899316345557
0.2,6436,17,183880,28.566102221531768
0.2,6437,71,183951,28.57269338303821
0.2,6438,15,183966,28.570585494642025
0.2,6439,56,184022,28.574844720496895
0.2,6440,65,184087,28.5804999223723
0.2,6441,88,184175,28.58972368829556
0.2,6442,68,184243,28.59584044699674
0.2,6443,13,184256,28.593420235878337
0.2,6444,92,184348,28.603258339798295
0.2,6445,42,184390,28.605336642879305
0.2,6446,-26,184364,28.59686675973321
0.2,6447,-99,184265,28.577078163771713
0.2,6448,57,184322,28.58148550162816
0.2,6449,86,184408,28.590387596899223
0.2,6450,91,184499,28.60006200589056
0.2,6451,-25,184474,28.591754494730317
0.2,6452,84,184558,28.60034092670076
0.2,6453,12,184570,28.59776882553455
0.2,6454,-38,184532,28.587451587916345
0.2,6455,90,184622,28.596964064436182
0.2,6456,87,184709,28.606008982499613
0.2,6457,94,184803,28.61613502632394
0.2,6458,-27,184776,28.607524384579655
0.2,6459,80,184856,28.61547987616099
0.2,6460,86,184942,28.624361553939018
0.2,6461,-22,184920,28.61652739090065
0.2,6462,-170,184750,28.585796069936563
0.2,6463,93,184843,28.595761138613863
0.2,6464,92,184935,28.605568445475637
0.2,6465,-111,184824,28.583977729662852
0.2,6466,24,184848,28.58326890366476
0.2,6467,85,184933,28.591991341991342
0.2,6468,88,185021,28.601174833822846
0.2,6469,-10,185011,28.595208655332303
0.2,6470,94,185105,28.605316025343843
0.2,6471,3,185108,28.601359703337454
0.2,6472,-176,184932,28.56975127452495
0.2,6473,10,184942,28.566882916280505
0.2,6474,16,184958,28.564942084942086
0.2,6475,-69,184889,28.54987646695491
0.2,6476,57,184946,28.55426895167516
0.2,6477,55,185001,28.5583513430071
0.2,6478,89,185090,28.56768019756135
0.2,6479,10,185100,28.564814814814813
0.2,6480,-17,185083,28.557784292547446
0.2,6481,-19,185064,28.550447392780008
0.2,6482,95,185159,28.56069720808268
0.2,6483,84,185243,28.569247378161627
0.2,6484,-9,185234,28.563454124903625
0.2,6485,-16,185218,28.556583410422448
0.2,6486,1,185219,28.55233544011099
0.2,6487,30,185249,28.552558569667077
0.2,6488,83,185332,28.560949298813377
0.2,6489,-19,185313,28.55362095531587
0.2,6490,-56,185257,28.540594669542443
0.2,6491,65,185322,28.546210720887245
0.2,6492,-29,185293,28.537347913137225
0.2,6493,42,185335,28.539421004003696
0.2,6494,94,185429,28.54949961508853
0.2,6495,84,185513,28.558035714285715
0.2,6496,93,185606,28.567954440511006
0.2,6497,78,185684,28.575561711295784
0.2,6498,19,185703,28.574088321280197
0.2,6499,74,185777,28.581076923076925
0.2,6500,91,185868,28.59067835717582
0.2,6501,84,185952,28.59920024607813
0.2,6502,78,186030,28.606796862986315
0.2,6503,38,186068,28.608241082410824
0.2,6504,79,186147,28.61598770176787
0.2,6505,51,186198,28.61942822010452
0.2,6506,90,186288,28.6288612263716
0.2,6507,65,186353,28.634449907805777
0.2,6508,76,186429,28.64172683976033
0.2,6509,8,186437,28.638556067588326
0.2,6510,-159,186278,28.60973736753187
0.2,6511,-44,186234,28.598587223587224
0.2,6512,59,186293,28.603255028404728
0.2,6513,40,186333,28.60500460546515
0.2,6514,74,186407,28.6119723714505
0.2,6515,32,186439,28.612492326580725
0.2,6516,-83,186356,28.595365965935247
0.2,6517,-26,186330,28.58698987419454
0.2,6518,-13,186317,28.580610523086364
0.2,6519,-209,186108,28.544171779141106
0.2,6520,69,186177,28.55037570924705
0.2,6521,-68,186109,28.535571910456916
0.2,6522,32,186141,28.536103020082784
0.2,6523,84,186225,28.544604537093807
0.2,6524,26,186251,28.544214559386972
0.2,6525,-2,186249,28.539534171008274
0.2,6526,-8,186241,28.53393595832695
0.2,6527,8,186249,28.53079044117647
0.2,6528,79,186328,28.53852044723541
0.2,6529,34,186362,28.539356814701378
0.2,6530,-145,186217,28.512785178380035
0.2,6531,75,186292,28.519902020820577
0.2,6532,87,186379,28.528853512934333
0.2,6533,65,186444,28.53443526170799
0.2,6534,88,186532,28.54353481254782
0.2,6535,63,186595,28.548806609547125
0.2,6536,91,186686,28.55836010402325
0.2,6537,-29,186657,28.549556439278067
0.2,6538,6,186663,28.54610796757914
0.2,6539,-148,186515,28.519113149847094
0.2,6540,-41,186474,28.508484941140498
0.2,6541,-217,186257,28.470956893916235
0.2,6542,79,186336,28.478679504814306
0.2,6543,81,186417,28.486705378973106
0.2,6544,14,186431,28.484491978609626
0.2,6545,50,186481,28.487778796211426
0.2,6546,87,186568,28.496716053154117
0.2,6547,18,186586,28.4951130116066
0.2,6548,76,186662,28.502366773553213
0.2,6549,-62,186600,28.48854961832061
0.2,6550,-83,186517,28.471531063959702
0.2,6551,79,186596,28.47924297924298
0.2,6552,94,186690,28.48924156874714
0.2,6553,-25,186665,28.48108025633201
0.2,6554,82,186747,28.489244851258583
0.2,6555,88,186835,28.498322147651006
0.2,6556,88,186923,28.50739667530883
0.2,6557,24,186947,28.50670936261055
0.2,6558,80,187027,28.514560146363774
0.2,6559,87,187114,28.523475609756098
0.2,6560,93,187207,28.53330285017528
0.2,6561,51,187258,28.536726607741542
0.2,6562,35,187293,28.537711412463814
0.2,6563,56,187349,28.54189518586228
0.2,6564,27,187376,28.54166031987814
0.2,6565,85,187461,28.550258909533962
0.2,6566,-20,187441,28.54286584437338
0.2,6567,61,187502,28.547807551766137
0.2,6568,55,187557,28.55183437357284
0.2,6569,84,187641,28.56027397260274
0.2,6570,53,187694,28.563993303911126
0.2,6571,48,187742,28.566950699939134
0.2,6572,20,187762,28.565647345200063
0.2,6573,64,187826,28.571037420139945
0.2,6574,84,187910,28.579467680608364
0.2,6575,73,187983,28.586222627737225
0.2,6576,89,188072,28.595408240839287
0.2,6577,28,188100,28.59531772575251
0.2,6578,44,188144,28.59765921872625
0.2,6579,-30,188114,28.588753799392098
0.2,6580,21,188135,28.5876006685914
0.2,6581,-19,188116,28.58037070799149
0.2,6582,92,188208,28.59000455719277
0.2,6583,94,188302,28.599939246658565
0.2,6584,71,188373,28.60637813211845
0.2,6585,-27,188346,28.59793501366535
0.2,6586,68,188414,28.603916805829666
0.2,6587,-44,188370,28.592896174863387
0.2,6588,-319,188051,28.540142662012446
0.2,6589,46,188097,28.54279210925645
0.2,6590,-56,188041,28.5299651039296
0.2,6591,51,188092,28.53337378640777
0.2,6592,73,188165,28.540118307295618
0.2,6593,91,188256,28.54959053685168
0.2,6594,73,188329,28.556330553449584
0.2,6595,77,188406,28.56367495451789
0.2,6596,75,188481,28.570713960891315
0.2,6597,91,188572,28.580175810851774
0.2,6598,68,188640,28.58614941657827
0.2,6599,3,188643,28.582272727272727
0.2,6600,89,188732,28.59142554158461
0.2,6601,68,188800,28.59739472887004
0.2,6602,-104,188696,28.577313342420112
0.2,6603,-249,188447,28.53528164748637
0.2,6604,-24,188423,28.527327781983345
0.2,6605,47,188470,28.53012412957917
0.2,6606,30,188500,28.530346602088695
0.2,6607,94,188594,28.540254237288135
0.2,6608,68,188662,28.54622484490846
0.2,6609,37,188699,28.54750378214826
0.2,6610,17,188716,28.54575707154742
0.2,6611,-20,188696,28.538415003024802
0.2,6612,65,188761,28.54392862543475
0.2,6613,58,188819,28.54838221953432
0.2,6614,93,188912,28.558125472411188
0.2,6615,81,188993,28.566051995163242
0.2,6616,-94,188899,28.547529091733413
0.2,6617,46,188945,28.55016621335751
0.2,6618,29,188974,28.550234174346578
0.2,6619,-71,188903,28.535196374622355
0.2,6620,92,188995,28.5447817550219
0.2,6621,77,189072,28.55209906372697
0.2,6622,93,189165,28.56182998641099
0.2,6623,77,189242,28.569142512077295
0.2,6624,26,189268,28.568754716981132
0.2,6625,90,189358,28.57802595834591
0.2,6626,91,189449,28.587445299532217
0.2,6627,14,189463,28.58524441762221
0.2,6628,-179,189284,28.553929702820938
0.2,6629,63,189347,28.559125188536953
0.2,6630,53,189400,28.562811039058964
0.2,6631,85,189485,28.571320868516285
0.2,6632,-70,189415,28.5564601236243
0.2,6633,68,189483,28.56240578836298
0.2,6634,65,189548,28.567897513187642
0.2,6635,86,189634,28.57655213984328
0.2,6636,64,189698,28.581889407865
0.2,6637,81,189779,28.589786080144624
0.2,6638,74,189853,28.59662599789125
0.2,6639,74,189927,28.603463855421687
0.2,6640,-1,189926,28.59900617376901
0.2,6641,73,189999,28.60569105691057
0.2,6642,18,190017,28.604094535601384
0.2,6643,32,190049,28.60460565924142
0.2,6644,91,190140,28.613995485327315
0.2,6645,58,190198,28.618417092988263
0.2,6646,60,190258,28.62313825786069
0.2,6647,-8,190250,28.6176293622142
0.2,6648,88,190338,28.626560385020305
0.2,6649,26,190364,28.626165413533833
0.2,6650,0,190364,28.62186137422944
0.2,6651,72,190436,28.628382441371016
0.2,6652,87,190523,28.637156170148806
0.2,6653,82,190605,28.64517583408476
0.2,6654,-151,190454,28.618181818181817
0.2,6655,-78,190376,28.60216346153846
0.2,6656,68,190444,28.608081718491814
0.2,6657,76,190520,28.615199759687595
0.2,6658,88,190608,28.624117735395703
0.2,6659,-82,190526,28.607507507507506
0.2,6660,90,190616,28.616724215583247
0.2,6661,77,190693,28.623986790753527
0.2,6662,-15,190678,28.617439591775476
0.2,6663,-36,190642,28.607743097238895
0.2,6664,89,190731,28.61680420105026
0.2,6665,-24,190707,28.60891089108911
0.2,6666,62,190769,28.6139193040348
0.2,6667,61,190830,28.61877624475105
0.2,6668,1,190831,28.614634877792774
0.2,6669,24,190855,28.613943028485757
0.2,6670,-77,190778,28.598111227701995
0.2,6671,62,190840,28.603117505995204
0.2,6672,-75,190765,28.58759178780159
0.2,6673,13,190778,28.585256218160023
0.2,6674,71,190849,28.591610486891387
0.2,6675,81,190930,28.59946075494308
0.2,6676,52,190982,28.60296540362438
0.2,6677,87,191069,28.61171009284217
0.2,6678,86,191155,28.6203024404851
0.2,6679,12,191167,28.617814371257484
0.2,6680,88,191255,28.62670258943272
0.2,6681,4,191259,28.62301706076025
0.2,6682,94,191353,28.632799640879846
0.2,6683,51,191404,28.6361460203471
0.2,6684,7,191411,28.632909498878085
0.2,6685,93,191504,28.642536643733173
0.2,6686,30,191534,28.642739644085538
0.2,6687,93,191627,28.65236244019139
0.2,6688,45,191672,28.65480639856481
0.2,6689,78,191750,28.66218236173393
0.2,6690,60,191810,28.666865939321475
0.2,6691,75,191885,28.673789599521818
0.2,6692,-79,191806,28.657702076796653
0.2,6693,45,191851,28.660143412010758
0.2,6694,60,191911,28.664824495892457
0.2,6695,-86,191825,28.64770011947431
0.2,6696,84,191909,28.655965357622815
0.2,6697,0,191909,28.651687070767395
0.2,6698,51,191960,28.655023137781757
0.2,6699,89,192049,28.664029850746267
0.2,6700,-22,192027,28.656469183703926
0.2,6701,94,192121,28.66621903909281
0.2,6702,14,192135,28.664031030881695
0.2,6703,68,192203,28.669898568019093
0.2,6704,77,192280,28.67710663683818
0.2,6705,16,192296,28.675216224276767
0.2,6706,34,192330,28.676010138661102
0.2,6707,21,192351,28.674865831842578
0.2,6708,46,192397,28.6774482039052
0.2,6709,86,192483,28.685991058122205
0.2,6710,50,192533,28.68916703918939
0.2,6711,88,192621,28.69800357568534
0.2,6712,89,192710,28.70698644421272
0.2,6713,94,192804,28.716711349419125
0.2,6714,90,192894,28.72583767684289
0.2,6715,8,192902,28.72275163787969
0.2,6716,83,192985,28.730832216763435
0.2,6717,-8,192977,28.72536469187258
0.2,6718,-40,192937,28.71513618097931
0.2,6719,69,193006,28.721130952380953
0.2,6720,93,193099,28.730694837077817
0.2,6721,-44,193055,28.71987503719131
0.2,6722,94,193149,28.72958500669344
0.2,6723,-80,193069,28.713414634146343
0.2,6724,40,193109,28.715092936802975
0.2,6725,0,193109,28.710823669342847
0.2,6726,75,193184,28.717704771815075
0.2,6727,40,193224,28.71938168846611
0.2,6728,59,193283,28.72388170604845
0.2,6729,-458,192825,28.65156017830609
0.2,6730,-348,192477,28.59560243648789
0.2,6731,29,192506,28.595662507427214
0.2,6732,10,192516,28.592900638645478
0.2,6733,50,192566,28.596079596079598
0.2,6734,93,192659,28.605642167780253
0.2,6735,9,192668,28.602731591448933
0.2,6736,90,192758,28.611845034881995
0.2,6737,93,192851,28.621401009201545
0.2,6738,87,192938,28.6300638076866
0.2,6739,-10,192928,28.62433234421365
0.2,6740,90,193018,28.63343717549325
0.2,6741,-9,193009,28.627855235835064
0.2,6742,-33,192976,28.618715705175738
0.2,6743,74,193050,28.62544483985765
0.2,6744,89,193139,28.634395848776872
0.2,6745,57,193196,28.638600652238363
0.2,6746,60,193256,28.643248851341337
0.2,6747,50,193306,28.64641375222288
0.2,6748,32,193338,28.646910653430137
0.2,6749,-53,193285,28.634814814814813
0.2,6750,89,193374,28.643756480521404
0.2,6751,-172,193202,28.61404028436019
0.2,6752,55,193257,28.617947578853844
0.2,6753,80,193337,28.625555226532427
0.2,6754,94,193431,28.635233160621762
0.2,6755,64,193495,28.64046773238603
0.2,6756,63,193558,28.645552760100635
0.2,6757,76,193634,28.65255992897307
0.2,6758,-37,193597,28.64284657493712
0.2,6759,62,193659,28.647781065088758
0.2,6760,13,193672,28.645466646945717
0.2,6761,-5,193667,28.640490979000298
0.2,6762,93,193760,28.65000739316871
0.2,6763,-58,193702,28.63719692489651
0.2,6764,-78,193624,28.621433850702143
0.2,6765,27,193651,28.621194206325747
0.2,6766,85,193736,28.629525639131078
0.2,6767,86,193822,28.638002364066192
0.2,6768,90,193912,28.647067513665238
0.2,6769,78,193990,28.654357459379614
0.2,6770,91,194081,28.66356520454881
0.2,6771,56,194137,28.667601890135852
0.2,6772,32,194169,28.66809390225897
0.2,6773,89,194258,28.677000295246533
0.2,6774,81,194339,28.684723247232473
0.2,6775,75,194414,28.691558441558442
0.2,6776,78,194492,28.69883429245979
0.2,6777,91,194583,28.70802596636176
0.2,6778,74,194657,28.714707183950434
0.2,6779,74,194731,28.721386430678464
0.2,6780,82,194813,28.729243474413803
0.2,6781,23,194836,28.728398702447656
0.2,6782,-119,194717,28.706619489901225
0.2,6783,58,194775,28.7109375
0.2,6784,35,194810,28.71186440677966
0.2,6785,-170,194640,28.682581786030063
0.2,6786,68,194708,28.688374834241934
0.2,6787,85,194793,28.696670595167944
0.2,6788,40,194833,28.698335542789806
0.2,6789,75,194908,28.70515463917526
0.2,6790,47,194955,28.707848623177735
0.2,6791,-294,194661,28.660335689045937
0.2,6792,77,194738,28.667451788605916
0.2,6793,12,194750,28.664998528113042
0.2,6794,-6,194744,28.65989698307579
0.2,6795,19,194763,28.65847557386698
0.2,6796,75,194838,28.665293511843462
0.2,6797,47,194885,28.667990585466313
0.2,6798,79,194964,28.675393440211796
0.2,6799,4,194968,28.671764705882353
0.2,6800,65,195033,28.677106307895897
0.2,6801,6,195039,28.673772419876506
0.2,6802,94,195133,28.683374981625754
0.2,6803,89,195222,28.692239858906525
0.2,6804,75,195297,28.699044819985303
0.2,6805,83,195380,28.707023214810462
0.2,6806,50,195430,28.710151314822976
0.2,6807,-151,195279,28.683754406580494
0.2,6808,-6,195273,28.678660596269644
0.2,6809,8,195281,28.675624082232012
0.2,6810,-155,195126,28.648656584936134
0.2,6811,-5,195121,28.643716970052846
0.2,6812,70,195191,28.649787171583736
0.2,6813,27,195218,28.64954505429997
0.2,6814,12,195230,28.647101980924432
0.2,6815,65,195295,28.652435446009388
0.2,6816,79,195374,28.65982103564618
0.2,6817,-108,195266,28.63977706072162
0.2,6818,27,195293,28.63953658894266
0.2,6819,94,195387,28.649120234604105
0.2,6820,-112,195275,28.628500219909103
0.2,6821,-33,195242,28.61946643213134
0.2,6822,18,195260,28.61791001025942
0.2,6823,74,195334,28.62456037514654
0.2,6824,29,195363,28.624615384615385
0.2,6825,-75,195288,28.609434515089365
0.2,6826,33,195321,28.61007763292808
0.2,6827,33,195354,28.61072056239016
0.2,6828,36,195390,28.611802606530972
0.2,6829,56,195446,28.615812591508053
0.2,6830,-63,195383,28.602400819792123
0.2,6831,74,195457,28.609045667447308
0.2,6832,94,195551,28.618615542221573
0.2,6833,-6,195545,28.61354989757097
0.2,6834,93,195638,28.62297000731529
0.2,6835,74,195712,28.6296079578701
0.2,6836,-107,195605,28.60977036712008
0.2,6837,73,195678,28.616262064931266
0.2,6838,70,195748,28.62231320368475
0.2,6839,60,195808,28.626900584795322
0.2,6840,2,195810,28.623008332115187
0.2,6841,87,195897,28.631540485238233
0.2,6842,82,195979,28.639339470992255
0.2,6843,46,196025,28.641876095850378
0.2,6844,25,196050,28.641344046749452
0.2,6845,85,196135,28.649576394975167
0.2,6846,-21,196114,28.64232510588579
0.2,6847,73,196187,28.64880257009346
0.2,6848,-242,195945,28.60928602715725
0.2,6849,60,196005,28.613868613138685
0.2,6850,-32,195973,28.60502116479346
0.2,6851,86,196059,28.61339754816112
0.2,6852,88,196147,28.622063329928498
0.2,6853,-23,196124,28.614531660344323
0.2,6854,87,196211,28.623048869438367
0.2,6855,-96,196115,28.604871645274212
0.2,6856,54,196169,28.608575178649556
0.2,6857,80,196249,28.61606882473024
0.2,6858,79,196328,28.62341449190844
0.2,6859,-4,196324,28.61865889212828
0.2,6860,94,196418,28.628188310741873
0.2,6861,-28,196390,28.61993587875255
0.2,6862,-42,196348,28.60964592743698
0.2,6863,-22,196326,28.602272727272727
0.2,6864,89,196415,28.611070648215588
0.2,6865,73,196488,28.617535683076028
0.2,6866,35,196523,28.618465123052278
0.2,6867,91,196614,28.627548048922538
0.2,6868,91,196705,28.636628330179065
0.2,6869,76,196781,28.643522561863172
0.2,6870,92,196873,28.652743414350166
0.2,6871,75,196948,28.659487776484283
0.2,6872,-260,196688,28.617488723992434
0.2,6873,81,196769,28.625109106779167
0.2,6874,70,196839,28.631127272727273
0.2,6875,94,196933,28.640634089586968
0.2,6876,65,196998,28.645921186563907
0.2,6877,94,197092,28.655423088107007
0.2,6878,77,197169,28.662450937636283
0.2,6879,-60,197109,28.64956395348837
0.2,6880,39,197148,28.651068158697864
0.2,6881,-194,196954,28.618715489683233
0.2,6882,8,196962,28.61571988958303
0.2,6883,69,197031,28.62158628704242
0.2,6884,-54,196977,28.60958605664488
0.2,6885,70,197047,28.615596863200697
0.2,6886,28,197075,28.61550747785683
0.2,6887,-18,197057,28.608739837398375
0.2,6888,-28,197029,28.600522572216576
0.2,6889,-242,196787,28.56124818577649
0.2,6890,68,196855,28.56697141198665
0.2,6891,-86,196769,28.550348229831688
0.2,6892,34,196803,28.551138836500797
0.2,6893,93,196896,28.560487380330724
0.2,6894,-224,196672,28.523857868020304
0.2,6895,-73,196599,28.509135730858468
0.2,6896,94,196693,28.518631288966215
0.2,6897,85,196778,28.526819367932735
0.2,6898,94,196872,28.53630961008842
0.2,6899,-80,196792,28.52057971014493
0.2,6900,87,196879,28.52905376032459
0.2,6901,94,196973,28.538539553752535
0.2,6902,65,197038,28.543821526872375
0.2,6903,78,197116,28.55098493626883
0.2,6904,21,197137,28.54989138305576
0.2,6905,67,197204,28.555459021141036
0.2,6906,7,197211,28.552338207615463
0.2,6907,59,197270,28.55674580196873
0.2,6908,-66,197204,28.54305977710233
0.2,6909,75,197279,28.549782923299567
0.2,6910,25,197304,28.549269280856606
0.2,6911,-1,197303,28.544994212962962
0.2,6912,93,197396,28.55431795168523
0.2,6913,-7,197389,28.54917558576801
0.2,6914,-58,197331,28.536659436008676
0.2,6915,59,197390,28.541064198958935
0.2,6916,82,197472,28.54879282926124
0.2,6917,20,197492,28.547557097427003
0.2,6918,-84,197408,28.53129064893771
0.2,6919,-183,197225,28.5007225433526
0.2,6920,88,197313,28.509319462505417
0.2,6921,34,197347,28.51011268419532
0.2,6922,57,197404,28.514227935865954
0.2,6923,68,197472,28.51993067590988
0.2,6924,61,197533,28.52462093862816
0.2,6925,-216,197317,28.48931562229281
0.2,6926,-4,197313,28.48462537895193
0.2,6927,81,197394,28.492205542725173
0.2,6928,15,197409,28.49025833453601
0.2,6929,89,197498,28.498989898989898
0.2,6930,22,197520,28.49805222911557
0.2,6931,-15,197505,28.491777264858626
0.2,6932,-64,197441,28.478436463291505
0.2,6933,-63,197378,28.465243726564754
0.2,6934,71,197449,28.471377072819035
0.2,6935,94,197543,28.4808246828143
0.2,6936,27,197570,28.48061121522272
0.2,6937,-96,197474,28.46266935716345
0.2,6938,-85,197389,28.446317913243984
0.2,6939,94,197483,28.455763688760808
0.2,6940,93,197576,28.46506267108486
0.2,6941,-361,197215,28.408959953903775
0.2,6942,80,197295,28.416390609246722
0.2,6943,94,197389,28.42583525345622
0.2,6944,57,197446,28.429949604031677
0.2,6945,38,197484,28.431327382666282
0.2,6946,50,197534,28.434432128976535
0.2,6947,90,197624,28.443293033966608
0.2,6948,50,197674,28.44639516477191
0.2,6949,87,197761,28.45482014388489
0.2,6950,76,197837,28.461660192778016
0.2,6951,-44,197793,28.451237054085155
0.2,6952,75,197868,28.45793182798792
0.2,6953,60,197928,28.46246764452114
0.2,6954,79,198007,28.469734004313445
0.2,6955,-72,197935,28.45529039677976
0.2,6956,88,198023,28.463849360356477
0.2,6957,89,198112,28.472549583213567
0.2,6958,92,198204,28.481678402069264
0.2,6959,83,198287,28.489511494252874
0.2,6960,33,198320,28.490159459847725
0.2,6961,67,198387,28.49569089342143
0.2,6962,68,198455,28.501364354444924
0.2,6963,80,198535,28.508759333716256
0.2,6964,-276,198259,28.465039483129935
0.2,6965,10,198269,28.462388745334483
0.2,6966,-54,198215,28.450552605138512
0.2,6967,-63,198152,28.437428243398394
0.2,6968,47,198199,28.440091835270483
0.2,6969,-49,198150,28.428981348637016
0.2,6970,-65,198085,28.415578826567206
0.2,6971,95,198180,28.42512908777969
0.2,6972,-246,197934,28.385773698551557
0.2,6973,80,198014,28.393174648695155
0.2,6974,87,198101,28.4015770609319
0.2,6975,34,198135,28.402379587155963
0.2,6976,84,198219,28.410348287229468
0.2,6977,-123,198096,28.38865004299226
0.2,6978,94,198190,28.398051296747386
0.2,6979,-77,198113,28.38295128939828
0.2,6980,86,198199,28.39120469846727
0.2,6981,69,198268,28.397020910913778
0.2,6982,90,198358,28.40584276099098
0.2,6983,57,198415,28.409936998854526
0.2,6984,-36,198379,28.400715819613456
0.2,6985,63,198442,28.405668479816775
0.2,6986,77,198519,28.412623443538
0.2,6987,-117,198402,28.391814539210074
0.2,6988,82,198484,28.39948490485048
0.2,6989,53,198537,28.403004291845495
0.2,6990,-2,198535,28.398655414103846
0.2,6991,36,198571,28.399742562929063
0.2,6992,-108,198463,28.38023738023738
0.2,6993,46,198509,28.382756648555905
0.2,6994,20,198529,28.38155825589707
0.2,6995,58,198587,28.3857918810749
0.2,6996,-63,198524,28.372731170501645
0.2,6997,83,198607,28.38053729637039
0.2,6998,-1,198606,28.376339477068154
0.2,6999,55,198661,28.380142857142857
0.2,7000,76,198737,28.386944722182545
0.2,7001,90,198827,28.395744073121964
0.2,7002,-190,198637,28.364558046551476
0.2,7003,49,198686,28.367504283266705
0.2,7004,51,198737,28.370735189150608
0.2,7005,70,198807,28.37667713388524
0.2,7006,59,198866,28.381047523904666
0.2,7007,-74,198792,28.366438356164384
0.2,7008,21,198813,28.365387359109715
0.2,7009,83,198896,28.37318116975749
0.2,7010,-53,198843,28.361574668378264
0.2,7011,27,198870,28.361380490587564
0.2,7012,15,198885,28.359475260231
0.2,7013,90,198975,28.368263473053894
0.2,7014,54,199029,28.371917320028512
0.2,7015,-35,198994,28.362884834663625
0.2,7016,18,199012,28.36140800912071
0.2,7017,68,199080,28.36705614135081
0.2,7018,92,199172,28.3761219546944
0.2,7019,89,199261,28.384757834757835
0.2,7020,-13,199248,28.378863409770688
0.2,7021,40,199288,28.38051837083452
0.2,7022,-23,199265,28.373202335184395
0.2,7023,51,199316,28.376423690205012
0.2,7024,68,199384,28.3820640569395
0.2,7025,84,199468,28.38998007401082
0.2,7026,84,199552,28.397893838053225
0.2,7027,59,199611,28.402248150256117
0.2,7028,-25,199586,28.3946507326789
0.2,7029,93,199679,28.40384068278805
0.2,7030,-132,199547,28.38102688095577
0.2,7031,41,199588,28.38282138794084
0.2,7032,94,199682,28.392151286790842
0.2,7033,90,199772,28.400909866363378
0.2,7034,17,199789,28.399289267945985
0.2,7035,51,199840,28.40250142126208
0.2,7036,81,199921,28.409975841978117
0.2,7037,87,200008,28.41830065359477
0.2,7038,71,200079,28.42435004972297
0.2,7039,62,200141,28.42911931818182
0.2,7040,92,200233,28.43814799034228
0.2,7041,86,200319,28.446322067594433
0.2,7042,67,200386,28.45179610961238
0.2,7043,66,200452,28.457126632595116
0.2,7044,36,200488,28.45819730305181
0.2,7045,-31,200457,28.449758728356514
0.2,7046,91,200548,28.45863488009082
0.2,7047,-50,200498,28.44750283768445
0.2,7048,49,200547,28.450418499077884
0.2,7049,82,200629,28.458014184397165
0.2,7050,72,200701,28.464189476669976
0.2,7051,71,200772,28.470221213840045
0.2,7052,84,200856,28.47809442790302
0.2,7053,-76,200780,28.46328324354976
0.2,7054,90,200870,28.472005669737776
0.2,7055,74,200944,28.478458049886623
0.2,7056,93,201037,28.48760096358226
0.2,7057,-84,200953,28.47166336072542
0.2,7058,93,201046,28.480804646550503
0.2,7059,84,201130,28.488668555240793
0.2,7060,94,201224,28.49794646650616
0.2,7061,72,201296,28.504106485414898
0.2,7062,1,201297,28.50021237434518
0.2,7063,-61,201236,28.487542468856173
0.2,7064,90,201326,28.496249115357397
0.2,7065,89,201415,28.504811774695725
0.2,7066,-95,201320,28.48733550304231
0.2,7067,75,201395,28.49391624221845
0.2,7068,-8,201387,28.48875371339652
0.2,7069,65,201452,28.493917963224895
0.2,7070,38,201490,28.495262339131664
0.2,7071,34,201524,28.4960407239819
0.2,7072,85,201609,28.504029407606392
0.2,7073,86,201695,28.5121571953633
0.2,7074,81,201776,28.51957597173145
0.2,7075,81,201857,28.526992651215377
0.2,7076,94,201951,28.536244171259007
0.2,7077,85,202036,28.544221531506075
0.2,7078,-45,201991,28.533832462212178
0.2,7079,-77,201914,28.518926553672316
0.2,7080,82,201996,28.526479310831803
0.2,7081,-9,201987,28.52118045749788
0.2,7082,93,202080,28.530283778060145
0.2,7083,-7,202073,28.525268210050818
0.2,7084,86,202159,28.533380381086804
0.2,7085,88,202247,28.54177250917302
0.2,7086,81,202328,28.549174544941444
0.2,7087,78,202406,28.556151241534987
0.2,7088,72,202478,28.56227958809423
0.2,7089,67,202545,28.567700987306065
0.2,7090,74,202619,28.5741080242561
0.2,7091,55,202674,28.577834179357023
0.2,7092,20,202694,28.576624841392924
0.2,7093,93,202787,28.585706230617422
0.2,7094,61,202848,28.590274841437633
0.2,7095,73,202921,28.59653325817362
0.2,7096,-19,202902,28.589826687332675
0.2,7097,93,202995,28.5989010989011
0.2,7098,33,203028,28.599521059304127
0.2,7099,85,203113,28.607464788732393
0.2,7100,7,203120,28.604421912406703
0.2,7101,74,203194,28.61081385525204
0.2,7102,-79,203115,28.59566380402647
0.2,7103,68,203183,28.601210585585587
0.2,7104,-26,203157,28.593525686136523
0.2,7105,-124,203033,28.572051787222065
0.2,7106,89,203122,28.580554383002674
0.2,7107,79,203201,28.587647720877882
0.2,7108,-87,203114,28.571388380925587
0.2,7109,85,203199,28.57932489451477
0.2,7110,94,203293,28.588524820700325
0.2,7111,89,203382,28.597019122609673
0.2,7112,86,203468,28.605089273161816
0.2,7113,57,203525,28.609080685971325
0.2,7114,94,203619,28.618271257905832
0.2,7115,89,203708,28.626756604834178
0.2,7116,16,203724,28.624982436419838
0.2,7117,57,203781,28.628968811463896
0.2,7118,44,203825,28.631127967411153
0.2,7119,-304,203521,28.58441011235955
0.2,7120,-22,203499,28.577306558067686
0.2,7121,57,203556,28.581297388374054
0.2,7122,81,203637,28.588656464972622
0.2,7123,70,203707,28.594469399213924
0.2,7124,26,203733,28.594105263157896
0.2,7125,92,203825,28.603003087285995
0.2,7126,58,203883,28.607127823768767
0.2,7127,-46,203837,28.59666105499439
0.2,7128,12,203849,28.5943330060317
0.2,7129,-51,203798,28.583169705469846
0.2,7130,80,203878,28.590380030851215
0.2,7131,83,203961,28.59800897363993
0.2,7132,-86,203875,28.581943081452405
0.2,7133,-134,203741,28.55915335015419
0.2,7134,66,203807,28.564400840925018
0.2,7135,84,203891,28.57216928251121
0.2,7136,88,203979,28.580496006725514
0.2,7137,67,204046,28.58587839731017
0.2,7138,83,204129,28.59350049026474
0.2,7139,-50,204079,28.58249299719888
0.2,7140,59,204138,28.58675255566447
0.2,7141,76,204214,28.593391206944833
0.2,7142,83,204297,28.601007979840404
0.2,7143,-14,204283,28.595044792833146
0.2,7144,75,204358,28.60153953813856
0.2,7145,54,204412,28.60509375874615
0.2,7146,93,204505,28.614103819784525
0.2,7147,24,204529,28.61345831001679
0.2,7148,56,204585,28.617289131347043
0.2,7149,73,204658,28.623496503496504
0.2,7150,-40,204618,28.61390015382464
0.2,7151,-14,204604,28.6079418344519
0.2,7152,17,204621,28.606319026981687
0.2,7153,91,204712,28.61504053676265
0.2,7154,32,204744,28.61551362683438
0.2,7155,89,204833,28.62395192845165
0.2,7156,-149,204684,28.599133715243816
0.2,7157,84,204768,28.606873428331937
0.2,7158,46,204814,28.609302975275877
0.2,7159,12,204826,28.606983240223464
0.2,7160,30,204856,28.60717776846809
0.2,7161,88,204944,28.6154705389556
0.2,7162,76,205020,28.622085718274466
0.2,7163,-139,204881,28.598687883863764
0.2,7164,68,204949,28.604187020237266
0.2,7165,32,204981,28.604660898688252
0.2,7166,93,205074,28.613645876935955
0.2,7167,-6,205068,28.608816964285715
0.2,7168,68,205136,28.61431161947273
0.2,7169,15,205151,28.612412831241283
0.2,7170,75,205226,28.618881606470506
0.2,7171,-19,205207,28.6122420524261
0.2,7172,-2,205205,28.607974348250384
0.2,7173,81,205286,28.615277390577084
0.2,7174,90,205376,28.62383275261324
0.2,7175,58,205434,28.627926421404684
0.2,7176,62,205496,28.632576285356
0.2,7177,92,205588,28.641404290888826
0.2,7178,-64,205524,28.62849979105725
0.2,7179,66,205590,28.633704735376046
0.2,7180,45,205635,28.635983846260967
0.2,7181,80,205715,28.643135616819826
0.2,7182,-102,205613,28.624947793401088
0.2,7183,90,205703,28.63349109131403
0.2,7184,72,205775,28.639526791927626
0.2,7185,57,205832,28.643473420539937
0.2,7186,94,205926,28.652567135105052
0.2,7187,-83,205843,28.637033945464662
0.2,7188,42,205885,28.638892752816805
0.2,7189,-34,205851,28.630180806675938
0.2,7190,-51,205800,28.619107217355026
0.2,7191,-27,205773,28.611373748609566
0.2,7192,87,205860,28.61949117197275
0.2,7193,57,205917,28.623436196830692
0.2,7194,94,206011,28.632522585128562
0.2,7195,90,206101,28.641050583657588
0.2,7196,-18,206083,28.634569959705434
0.2,7197,-151,205932,28.609613781606
0.2,7198,-18,205914,28.603139324906238
0.2,7199,-8,205906,28.598055555555554
0.2,7200,83,205989,28.605610331898347
0.2,7201,79,206068,28.6126076089975
0.2,7202,88,206156,28.620852422601693
0.2,7203,-64,206092,28.60799555802332
0.2,7204,94,206186,28.61707147814018
0.2,7205,6,206192,28.613932833749654
0.2,7206,-73,206119,28.599833495212987
0.2,7207,92,206211,28.608629300776915
0.2,7208,85,206296,28.61645165765016
0.2,7209,94,206390,28.625520110957005
0.2,7210,39,206429,28.6269588129247
0.2,7211,46,206475,28.62936772046589
0.2,7212,21,206496,28.628309995840844
0.2,7213,92,206588,28.63709453839756
0.2,7214,54,206642,28.64060984060984
0.2,7215,83,206725,28.648143015521065
0.2,7216,-87,206638,28.632118608840237
0.2,7217,57,206695,28.63604876697146
0.2,7218,58,206753,28.640116359606594
0.2,7219,87,206840,28.64819944598338
0.2,7220,-22,206818,28.641185431380695
0.2,7221,-210,206608,28.608141788978124
0.2,7222,54,206662,28.61165720614703
0.2,7223,75,206737,28.61807862679956
0.2,7224,-306,206431,28.57176470588235
0.2,7225,95,206526,28.58095765292001
0.2,7226,42,206568,28.582814445828145
0.2,7227,53,206621,28.586192584394023
0.2,7228,-144,206477,28.562318439618206
0.2,7229,-44,206433,28.55228215767635
0.2,7230,-143,206290,28.528557599225557
0.2,7231,72,206362,28.534568584070797
0.2,7232,88,206450,28.542789990322134
0.2,7233,8,206458,28.53995023500138
0.2,7234,64,206522,28.544851416724256
0.2,7235,81,206603,28.552100608070756
0.2,7236,-24,206579,28.544839021694074
0.2,7237,75,206654,28.551257253384914
0.2,7238,23,206677,28.550490399226412
0.2,7239,94,206771,28.55953038674033
0.2,7240,22,206793,28.55862449937854
0.2,7241,28,206821,28.558547362607015
0.2,7242,39,206860,28.55998895485296
0.2,7243,83,206943,28.567504141358366
0.2,7244,40,206983,28.569082125603863
0.2,7245,70,207053,28.57479988959426
0.2,7246,77,207130,28.581481992548643
0.2,7247,-7,207123,28.57657284768212
0.2,7248,74,207197,28.582839012277557
0.2,7249,50,207247,28.585793103448275
0.2,7250,-211,207036,28.552751344642118
0.2,7251,20,207056,28.551571980143407
0.2,7252,51,207107,28.55466703433062
0.2,7253,70,207177,28.56038047973532
0.2,7254,88,207265,28.568573397656788
0.2,7255,5,207270,28.56532524807056
0.2,7256,86,207356,28.57323963070139
0.2,7257,93,207449,28.582116285478094
0.2,7258,28,207477,28.582036093125776
0.2,7259,69,207546,28.587603305785123
0.2,7260,19,207565,28.58628288114585
0.2,7261,-293,207272,28.54199944918755
0.2,7262,88,207360,28.550185873605948
0.2,7263,18,207378,28.54873348017621
0.2,7264,57,207435,28.55264969029594
0.2,7265,84,207519,28.560280759702724
0.2,7266,-31,207488,28.55208476675382
0.2,7267,81,207569,28.559301045679693
0.2,7268,74,207643,28.565552345577107
0.2,7269,83,207726,28.573039889958736
0.2,7270,85,207811,28.580800440104525
0.2,7271,77,207888,28.58745874587459
0.2,7272,-24,207864,28.580228241440945
0.2,7273,91,207955,28.58880945834479
0.2,7274,-141,207814,28.56549828178694
0.2,7275,52,207866,28.56871907641561
0.2,7276,92,207958,28.57743575649306
0.2,7277,-37,207921,28.568425391591095
0.2,7278,92,208013,28.577139716994093
0.2,7279,80,208093,28.584203296703297
0.2,7280,57,208150,28.588106029391568
0.2,7281,84,208234,28.59571546278495
0.2,7282,90,208324,28.60414664286695
0.2,7283,-19,208305,28.597611202635914
0.2,7284,78,208383,28.604392587508578
0.2,7285,-42,208341,28.594702168542412
0.2,7286,61,208402,28.59914916975436
0.2,7287,87,208489,28.607162458836445
0.2,7288,92,208581,28.615859514336673
0.2,7289,89,208670,28.624142661179697
0.2,7290,93,208763,28.632972157454397
0.2,7291,26,208789,28.632611080636313
0.2,7292,61,208850,28.63704922528452
0.2,7293,-129,208721,28.61543734576364
0.2,7294,5,208726,28.61220013708019
0.2,7295,-79,208647,28.597450657894736
0.2,7296,75,208722,28.603809784843087
0.2,7297,89,208811,28.612085502877502
0.2,7298,33,208844,28.612686669406767
0.2,7299,61,208905,28.617123287671234
0.2,7300,22,208927,28.61621695658129
0.2,7301,15,208942,28.614352232265134
0.2,7302,93,209035,28.6231685608654
0.2,7303,-194,208841,28.592688937568454
0.2,7304,-9,208832,28.58754277891855
0.2,7305,84,208916,28.59512729263619
0.2,7306,92,209008,28.603804570959355
0.2,7307,88,209096,28.611932129173507
0.2,7308,83,209179,28.61937337529074
0.2,7309,82,209261,28.626675786593708
0.2,7310,88,209349,28.63479688141157
0.2,7311,85,209434,28.64250547045952
0.2,7312,69,209503,28.64802406673048
0.2,7313,48,209551,28.650669948044847
0.2,7314,23,209574,28.6498974709501
0.2,7315,72,209646,28.655822854018588
0.2,7316,94,209740,28.66475331419981
0.2,7317,71,209811,28.670538398469528
0.2,7318,16,209827,28.668807214100287
0.2,7319,-17,209810,28.66256830601093
0.2,7320,46,209856,28.664936484086873
0.2,7321,78,209934,28.671674405900028
0.2,7322,75,210009,28.678000819336336
0.2,7323,70,210079,28.683642818132167
0.2,7324,92,210171,28.692286689419795
0.2,7325,68,210239,28.697652197652197
0.2,7326,66,210305,28.70274327828579
0.2,7327,-45,210260,28.69268558951965
0.2,7328,44,210304,28.69477418474553
0.2,7329,-52,210252,28.6837653478854
0.2,7330,-370,209882,28.629382076115128
0.2,7331,-39,209843,28.620158210583742
0.2,7332,88,209931,28.628255829810445
0.2,7333,-165,209766,28.60185437687483
0.2,7334,72,209838,28.607770961145196
0.2,7335,53,209891,28.611095965103598
0.2,7336,91,209982,28.61959929126346
0.2,7337,-207,209775,28.587489779231397
0.2,7338,-76,209699,28.573238860880227
0.2,7339,87,209786,28.581198910081746
0.2,7340,-202,209584,28.549788857103938
0.2,7341,73,209657,28.555843094524654
0.2,7342,94,209751,28.564755549502927
0.2,7343,88,209839,28.572848583877995
0.2,7344,-181,209658,28.54431586113002
0.2,7345,-25,209633,28.53702695344405
0.2,7346,85,209718,28.544712127398938
0.2,7347,18,209736,28.54327708219924
0.2,7348,-13,209723,28.53762416655327
0.2,7349,-87,209636,28.52190476190476
0.2,7350,86,209722,28.52972384709563
0.2,7351,86,209808,28.537540805223067
0.2,7352,94,209902,28.546443628450973
0.2,7353,35,209937,28.54732118574925
0.2,7354,5,209942,28.54411964649898
0.2,7355,-51,209891,28.533306144643827
0.2,7356,92,209983,28.54193285306511
0.2,7357,77,210060,28.54851861919
0.2,7358,88,210148,28.55659736377225
0.2,7359,9,210157,28.553940217391304
0.2,7360,-65,210092,28.54123081103111
0.2,7361,35,210127,28.54210812279272
0.2,7362,85,210212,28.549775906559827
0.2,7363,84,210296,28.557305812058665
0.2,7364,93,210389,28.566055668703328
0.2,7365,-16,210373,28.560005430355687
0.2,7366,69,210442,28.56549477399213
0.2,7367,42,210484,28.567318132464713
0.2,7368,78,210562,28.574026326502917
0.2,7369,-42,210520,28.564450474898237
0.2,7370,74,210594,28.57061457061457
0.2,7371,-230,210364,28.535539880629408
0.2,7372,90,210454,28.54387630543876
0.2,7373,82,210536,28.551125576349335
0.2,7374,82,210618,28.558372881355933
0.2,7375,-136,210482,28.536062906724514
0.2,7376,-5,210477,28.53151687677918
0.2,7377,-14,210463,28.525752236378423
0.2,7378,90,210553,28.534083209106925
0.2,7379,63,210616,28.538753387533877
0.2,7380,65,210681,28.543693266495055
0.2,7381,33,210714,28.544296938499052
0.2,7382,67,210781,28.549505621021265
0.2,7383,85,210866,28.55715059588299
0.2,7384,-26,210840,28.549763033175356
0.2,7385,-50,210790,28.539128080151638
0.2,7386,89,210879,28.547312846893192
0.2,7387,53,210932,28.55062263129399
0.2,7388,-153,210779,28.526052239815943
0.2,7389,-49,210730,28.515561569688767
0.2,7390,-172,210558,28.488431876606683
0.2,7391,23,210581,28.487689393939394
0.2,7392,91,210672,28.496145002028946
0.2,7393,39,210711,28.49756559372464
0.2,7394,-11,210700,28.492224475997297
0.2,7395,91,210791,28.5006760411033
0.2,7396,-30,210761,28.492767338110045
0.2,7397,91,210852,28.501216545012166
0.2,7398,-52,210800,28.490336531963777
0.2,7399,86,210886,28.49810810810811
0.2,7400,77,210963,28.504661532225374
0.2,7401,71,211034,28.51040259389354
0.2,7402,37,211071,28.511549371876267
0.2,7403,91,211162,28.519989195029712
0.2,7404,81,211243,28.527076299797436
0.2,7405,89,211332,28.535241695922224
0.2,7406,-77,211255,28.520993654651004
0.2,7407,51,211306,28.52402807775378
0.2,7408,91,211397,28.53246052098799
0.2,7409,-122,211275,28.512145748987855
0.2,7410,-18,211257,28.505869653218188
0.2,7411,-153,211104,28.481381543443064
0.2,7412,91,211195,28.489815189531903
0.2,7413,89,211284,28.497976800647425
0.2,7414,59,211343,28.502090357383683
0.2,7415,86,211429,28.509843581445523
0.2,7416,72,211501,28.5157071592288
0.2,7417,-177,211324,28.48800215691561
0.2,7418,-295,211029,28.4443995147594
0.2,7419,49,211078,28.447169811320755
0.2,7420,7,211085,28.44427974666487
0.2,7421,-42,211043,28.434788466720562
0.2,7422,87,211130,28.442678162468006
0.2,7423,65,211195,28.447602370689655
0.2,7424,-52,211143,28.436767676767676
0.2,7425,-5,211138,28.43226501481282
0.2,7426,94,211232,28.44109330819981
0.2,7427,-104,211128,28.423263327948305
0.2,7428,42,211170,28.425090860142685
0.2,7429,-107,211063,28.40686406460296
0.2,7430,67,211130,28.412057596554973
0.2,7431,94,211224,28.420882669537136
0.2,7432,44,211268,28.422978608906227
0.2,7433,-168,211100,28.396556362658057
0.2,7434,-48,211052,28.38628110289173
0.2,7435,85,211137,28.39389456697149
0.2,7436,28,211165,28.393841602796826
0.2,7437,8,211173,28.391099757999463
0.2,7438,63,211236,28.395752117220056
0.2,7439,49,211285,28.398521505376344
0.2,7440,39,211324,28.399946243784438
0.2,7441,81,211405,28.407014243482934
0.2,7442,-88,211317,28.39137444578799
0.2,7443,-37,211280,28.382590005373455
0.2,7444,68,211348,28.387911349899262
0.2,7445,64,211412,28.39269406392694
0.2,7446,-214,211198,28.360145024842218
0.2,7447,-49,211149,28.349758324382385
0.2,7448,-2,211147,28.34568398442744
0.2,7449,-206,210941,28.314228187919465
0.2,7450,17,210958,28.312709703395516
0.2,7451,18,210976,28.311325818572197
0.2,7452,72,211048,28.317187709647122
0.2,7453,-64,210984,28.304802790448083
0.2,7454,74,211058,28.310932260228036
0.2,7455,57,211115,28.314780042918454
0.2,7456,-79,211036,28.300388896339012
0.2,7457,73,211109,28.30638240815232
0.2,7458,29,211138,28.30647539884703
0.2,7459,92,211230,28.315013404825738
0.2,7460,54,211284,28.318455971049456
0.2,7461,34,211318,28.319217367997854
0.2,7462,0,211318,28.315422752244405
0.2,7463,53,211371,28.318729903536976
0.2,7464,39,211410,28.32016075016745
0.2,7465,-164,211246,28.294401285829093
0.2,7466,90,211336,28.302665059595554
0.2,7467,91,211427,28.311060524906267
0.2,7468,59,211486,28.315169366715757
0.2,7469,81,211567,28.322222222222223
0.2,7470,58,211625,28.32619461919422
0.2,7471,5,211630,28.323072805139187
0.2,7472,61,211691,28.32744547035996
0.2,7473,-111,211580,28.30880385335831
0.2,7474,94,211674,28.31759197324415
0.2,7475,29,211703,28.317683253076513
0.2,7476,51,211754,28.32071686505283
0.2,7477,90,211844,28.32896496389409
0.2,7478,94,211938,28.337745687926194
0.2,7479,88,212026,28.34572192513369
0.2,7480,-28,211998,28.338190081539903
0.2,7481,35,212033,28.339080459770116
0.2,7482,91,212124,28.347454229587065
0.2,7483,42,212166,28.349278460716196
0.2,7484,56,212222,28.352972611890447
0.2,7485,-45,212177,28.343173924659364
0.2,7486,59,212236,28.34726859890477
0.2,7487,94,212330,28.356036324786324
0.2,7488,76,212406,28.362398184003204
0.2,7489,86,212492,28.370093457943927
0.2,7490,-30,212462,28.362301428380725
0.2,7491,82,212544,28.36946075814202
0.2,7492,74,212618,28.375550513812893
0.2,7493,-16,212602,28.369629036562582
0.2,7494,89,212691,28.37771847898599
0.2,7495,91,212782,28.38607257203842
0.2,7496,0,212782,28.382286247832468
0.2,7497,-22,212760,28.375566817818086
0.2,7498,77,212837,28.38205094012535
0.2,7499,92,212929,28.390533333333334
0.2,7500,46,212975,28.392880949206774
0.2,7501,49,213024,28.39562783257798
0.2,7502,93,213117,28.404238304678127
0.2,7503,69,213186,28.409648187633262
0.2,7504,59,213245,28.413724183877417
0.2,7505,15,213260,28.41193711697309
0.2,7506,94,213354,28.42067403756494
0.2,7507,86,213440,28.428343100692594
0.2,7508,45,213485,28.430550006658677
0.2,7509,33,213518,28.431158455392808
0.2,7510,87,213605,28.438956197576886
0.2,7511,31,213636,28.43929712460064
0.2,7512,90,213726,28.447491015573007
0.2,7513,14,213740,28.445568272557892
0.2,7514,87,213827,28.45335994677312
0.2,7515,54,213881,28.456758914316126
0.2,7516,-62,213819,28.444725289344152
0.2,7517,-81,213738,28.43016759776536
0.2,7518,94,213832,28.43888815001995
0.2,7519,36,213868,28.439893617021276
0.2,7520,92,213960,28.44834463502194
0.2,7521,90,214050,28.456527519276786
0.2,7522,66,214116,28.46151801143161
0.2,7523,88,214204,28.46943115364168
0.2,7524,67,214271,28.474551495016613
0.2,7525,21,214292,28.473558331118788
0.2,7526,61,214353,28.477879633320047
0.2,7527,89,214442,28.485919234856535
0.2,7528,86,214528,28.49355824146633
0.2,7529,84,214612,28.500929614873836
0.2,7530,84,214696,28.508299030673218
0.2,7531,28,214724,28.508231545406268
0.2,7532,88,214812,28.516129032258064
0.2,7533,91,214903,28.52442261746748
0.2,7534,93,214996,28.532979429329796
0.2,7535,-8,214988,28.528131634819534
0.2,7536,-29,214959,28.52049887223033
0.2,7537,59,215018,28.524542318917486
0.2,7538,19,215037,28.523278949462792
0.2,7539,84,215121,28.530636604774536
0.2,7540,76,215197,28.536931441453387
0.2,7541,86,215283,28.544550517104216
0.2,7542,30,215313,28.5447434707676
0.2,7543,76,215389,28.551033934252384
0.2,7544,53,215442,28.55427435387674
0.2,7545,73,215515,28.56016432547045
0.2,7546,-24,215491,28.553199946998806
0.2,7547,-31,215460,28.545310015898252
0.2,7548,-9,215451,28.540336468406412
0.2,7549,50,215501,28.54317880794702
0.2,7550,-102,215399,28.525890610515162
0.2,7551,-102,215297,28.508606991525422
0.2,7552,-13,215284,28.50311134648484
0.2,7553,48,215332,28.505692348424677
0.2,7554,-2,215330,28.501654533421576
0.2,7555,-51,215279,28.49113287453679
0.2,7556,79,215358,28.497816593886462
0.2,7557,93,215451,28.506350886477904
0.2,7558,42,215493,28.508135996824976
0.2,7559,31,215524,28.50846560846561
0.2,7560,52,215576,28.511572543314376
0.2,7561,69,215645,28.51692673895795
0.2,7562,90,215735,28.52505619463176
0.2,7563,-1,215734,28.521152829190903
0.2,7564,20,215754,28.520026437541308
0.2,7565,86,215840,28.527623579169973
0.2,7566,-61,215779,28.51579225584776
0.2,7567,72,215851,28.52153805496829
0.2,7568,86,215937,28.529131985731272
0.2,7569,3,215940,28.52575957727873
0.2,7570,56,215996,28.529388455950336
0.2,7571,19,216015,28.528129952456418
0.2,7572,19,216034,28.526871781328403
0.2,7573,-181,215853,28.49920781621336
0.2,7574,70,215923,28.504686468646863
0.2,7575,43,215966,28.50659978880676
0.2,7576,48,216014,28.509172495710704
0.2,7577,-30,215984,28.50145157033518
0.2,7578,47,216031,28.503892334081012
0.2,7579,18,216049,28.50250659630607
0.2,7580,35,216084,28.503363672338743
0.2,7581,54,216138,28.506726457399104
0.2,7582,-10,216128,28.501648424106556
0.2,7583,-71,216057,28.488528481012658
0.2,7584,76,216133,28.49479235332894
0.2,7585,44,216177,28.49683627735302
0.2,7586,50,216227,28.499670488994333
0.2,7587,-82,216145,28.48510806536637
0.2,7588,77,216222,28.49150085650283
0.2,7589,-4,216218,28.48722002635046
0.2,7590,-27,216191,28.47991042023449
0.2,7591,94,216285,28.48854056902002
0.2,7592,43,216328,28.49045173185829
0.2,7593,37,216365,28.49157229391625
0.2,7594,-13,216352,28.486109282422646
0.2,7595,88,216440,28.493944181147974
0.2,7596,72,216512,28.49967092273266
0.2,7597,72,216584,28.50539615688339
0.2,7598,-52,216532,28.494801947624687
0.2,7599,17,216549,28.49328947368421
0.2,7600,-25,216524,28.486251808972504
0.2,7601,22,216546,28.48539857932123
0.2,7602,94,216640,28.4940155201894
0.2,7603,87,216727,28.501709626512362
0.2,7604,79,216806,28.50834976988823
0.2,7605,40,216846,28.50986063633973
0.2,7606,39,216885,28.511239647692914
0.2,7607,-95,216790,28.495005257623554
0.2,7608,60,216850,28.499145748455778
0.2,7609,26,216876,28.498817345597896
0.2,7610,78,216954,28.50532124556563
0.2,7611,84,217038,28.512611665790857
0.2,7612,92,217130,28.52095100486011
0.2,7613,79,217209,28.527580772261622
0.2,7614,25,217234,28.527117531188445
0.2,7615,90,217324,28.535189075630253
0.2,7616,94,217418,28.543783641853747
0.2,7617,78,217496,28.550275662903648
0.2,7618,-21,217475,28.54377214857593
0.2,7619,-17,217458,28.53779527559055
0.2,7620,78,217536,28.54428552683375
0.2,7621,86,217622,28.551823668328524
0.2,7622,51,217673,28.55476846385937
0.2,7623,91,217764,28.562959076600208
0.2,7624,92,217856,28.57127868852459
0.2,7625,91,217947,28.579464988198268
0.2,7626,93,218040,28.587911367510163
0.2,7627,63,218103,28.592422653382275
0.2,7628,59,218162,28.596408441473326
0.2,7629,88,218250,28.60419397116645
0.2,7630,88,218338,28.61197746035906
0.2,7631,18,218356,28.610587002096437
0.2,7632,8,218364,28.60788680728416
0.2,7633,93,218457,28.616321718627194
0.2,7634,-110,218347,28.598166339227244
0.2,7635,90,218437,28.60620743844945
0.2,7636,44,218481,28.608223124263453
0.2,7637,87,218568,28.615868028279653
0.2,7638,79,218647,28.622463673255663
0.2,7639,88,218735,28.630235602094242
0.2,7640,92,218827,28.63852898835231
0.2,7641,27,218854,28.638314577335777
0.2,7642,-27,218827,28.63103493392647
0.2,7643,92,218919,28.639324960753534
0.2,7644,90,219009,28.64735120994114
0.2,7645,16,219025,28.645697096521058
0.2,7646,42,219067,28.64744344187263
0.2,7647,-91,218976,28.631799163179917
0.2,7648,-139,218837,28.609883644920906
0.2,7649,90,218927,28.617908496732028
0.2,7650,-282,218645,28.577310155535223
0.2,7651,-250,218395,28.540904338734972
0.2,7652,94,218489,28.549457728995165
0.2,7653,77,218566,28.555787823360333
0.2,7654,64,218630,28.56041802743305
0.2,7655,90,218720,28.568443051201672
0.2,7656,28,218748,28.568368812850984
0.2,7657,35,218783,28.569208670671195
0.2,7658,87,218870,28.57683770727249
0.2,7659,47,218917,28.57924281984334
0.2,7660,74,218991,28.58517164860984
0.2,7661,83,219074,28.5922735578178
0.2,7662,-8,219066,28.58749836878507
0.2,7663,78,219144,28.59394572025052
0.2,7664,16,219160,28.592302674494455
0.2,7665,27,219187,28.592094964779545
0.2,7666,50,219237,28.59488717881831
0.2,7667,-36,219201,28.586463223787167
0.2,7668,-4,219197,28.58221410874951
0.2,7669,82,219279,28.58917861799218
0.2,7670,90,219369,28.59718420023465
0.2,7671,-12,219357,28.59189259645464
0.2,7672,22,219379,28.591033494070118
0.2,7673,83,219462,28.598123534010945
0.2,7674,-55,219407,28.587231270358306
0.2,7675,94,219501,28.595752996352267
0.2,7676,91,219592,28.603881724632018
0.2,7677,75,219667,28.60992445949466
0.2,7678,70,219737,28.61531449407475
0.2,7679,91,219828,28.6234375
0.2,7680,12,219840,28.621273271709413
0.2,7681,91,219931,28.629393387138766
0.2,7682,93,220024,28.63777170376155
0.2,7683,-71,219953,28.624804789172305
0.2,7684,-1,219952,28.620949902407286
0.2,7685,-31,219921,28.61319281811085
0.2,7686,77,219998,28.619487446337974
0.2,7687,89,220087,28.627341311134234
0.2,7688,87,220174,28.634933021199117
0.2,7689,-1,220173,28.631079323797138
0.2,7690,57,220230,28.63476791054479
0.2,7691,94,220324,28.643265730629224
0.2,7692,71,220395,28.64877161055505
0.2,7693,-29,220366,28.641278918637898
0.2,7694,89,220455,28.649122807017545
0.2,7695,69,220524,28.654365904365903
0.2,7696,4,220528,28.651162790697676
0.2,7697,-84,220444,28.636528968563262
0.2,7698,42,220486,28.638264709702558
0.2,7699,91,220577,28.646363636363635
0.2,7700,61,220638,28.650564861706272
0.2,7701,-20,220618,28.644248247208516
0.2,7702,-27,220591,28.637024535895105
0.2,7703,0,220591,28.633307372793354
0.2,7704,75,220666,28.63932511356262
0.2,7705,71,220737,28.64482221645471
0.2,7706,4,220741,28.64162449721033
0.2,7707,27,220768,28.641411520498185
0.2,7708,-46,220722,28.631729147749382
0.2,7709,59,220781,28.635667963683527
0.2,7710,88,220869,28.64336661911555
0.2,7711,16,220885,28.641727178423235
0.2,7712,-79,220806,28.62777129521587
0.2,7713,58,220864,28.63157894736842
0.2,7714,-29,220835,28.62410887880752
0.2,7715,91,220926,28.632192846034215
0.2,7716,-58,220868,28.62096669690294
0.2,7717,95,220963,28.629567245400363
0.2,7718,92,221055,28.637776914108045
0.2,7719,70,221125,28.643134715025905
0.2,7720,57,221182,28.646807408366794
0.2,7721,7,221189,28.644004144004143
0.2,7722,85,221274,28.65130130778195
0.2,7723,83,221357,28.658337648886587
0.2,7724,86,221443,28.665760517799352
0.2,7725,90,221533,28.673699197514885
0.2,7726,66,221599,28.678529830464605
0.2,7727,-34,221565,28.670419254658384
0.2,7728,90,221655,28.67835425022642
0.2,7729,39,221694,28.67968952134541
0.2,7730,19,221713,28.678437459578323
0.2,7731,-77,221636,28.664769787894464
0.2,7732,91,221727,28.672830725462305
0.2,7733,48,221775,28.67532971295578
0.2,7734,-71,221704,28.66244343891403
0.2,7735,-122,221582,28.642967942088934
0.2,7736,60,221642,28.647020809099136
0.2,7737,64,221706,28.65158955802533
0.2,7738,79,221785,28.658095361157773
0.2,7739,92,221877,28.66627906976744
0.2,7740,24,221901,28.665676269215865
0.2,7741,92,221993,28.67385688452596
0.2,7742,94,222087,28.682293684618365
0.2,7743,-85,222002,28.667613636363637
0.2,7744,-72,221930,28.654615881213687
0.2,7745,78,222008,28.660986315517686
0.2,7746,60,222068,28.665031625145218
0.2,7747,-2,222066,28.661073825503355
0.2,7748,71,222137,28.66653761775713
0.2,7749,7,222144,28.66374193548387
0.2,7750,-89,222055,28.64856147593859
0.2,7751,80,222135,28.65518575851393
0.2,7752,85,222220,28.662453243905585
0.2,7753,89,222309,28.670234717565126
0.2,7754,63,222372,28.674661508704062
0.2,7755,49,222421,28.67728210417741
0.2,7756,80,222501,28.683898414335438
0.2,7757,93,222594,28.692188708430006
0.2,7758,-73,222521,28.67908235597371
0.2,7759,53,222574,28.68221649484536
0.2,7760,45,222619,28.6843190310527
0.2,7761,-94,222525,28.668513269775833
0.2,7762,94,222619,28.6769290222852
0.2,7763,-50,222569,28.66679546625451
0.2,7764,60,222629,28.670830650354155
0.2,7765,-82,222547,28.656579963945404
0.2,7766,90,222637,28.6644779194026
0.2,7767,-21,222616,28.658084449021626
0.2,7768,82,222698,28.664950444072595
0.2,7769,51,222749,28.667824967824966
0.2,7770,80,222829,28.674430575215546
0.2,7771,73,222902,28.68013381369017
0.2,7772,69,222971,28.68532098288949
0.2,7773,88,223059,28.692950861847184
0.2,7774,61,223120,28.69710610932476
0.2,7775,25,223145,28.696630658436213
0.2,7776,88,223233,28.704256139899705
0.2,7777,-77,223156,28.69066598097197
0.2,7778,94,223250,28.69906157603805
0.2,7779,-127,223123,28.679048843187662
0.2,7780,71,223194,28.684487855031488
0.2,7781,77,223271,28.69069647905423
0.2,7782,-69,223202,28.67814467429012
0.2,7783,-99,223103,28.661742034943472
0.2,7784,26,223129,28.66140012845215
0.2,7785,84,223213,28.668507577703572
0.2,7786,92,223305,28.67664055477077
0.2,7787,55,223360,28.680020544427325
0.2,7788,-22,223338,28.673513929901144
0.2,7789,92,223430,28.681643132220795
0.2,7790,94,223524,28.6900269541779
0.2,7791,43,223567,28.691863449691994
0.2,7792,84,223651,28.698960605671758
0.2,7793,-40,223611,28.690146266358738
0.2,7794,22,223633,28.689288005131495
0.2,7795,-70,223563,28.67662904053361
0.2,7796,71,223634,28.68205720148775
0.2,7797,0,223634,28.678379071556808
0.2,7798,-109,223525,28.66072573406847
0.2,7799,71,223596,28.666153846153847
0.2,7800,94,223690,28.674528906550442
0.2,7801,44,223734,28.676493206870035
0.2,7802,14,223748,28.674612328591568
0.2,7803,39,223787,28.675935417734497
0.2,7804,86,223873,28.6832799487508
0.2,7805,-122,223751,28.66397642838842
0.2,7806,-11,223740,28.65889586268733
0.2,7807,18,223758,28.657530737704917
0.2,7808,-264,223494,28.620053784095276
0.2,7809,22,223516,28.61920614596671
0.2,7810,94,223610,28.62757649468698
0.2,7811,61,223671,28.631720430107528
0.2,7812,-3,223668,28.627671829002942
0.2,7813,90,223758,28.63552597901203
0.2,7814,87,223845,28.64299424184261
0.2,7815,78,223923,28.649309109518935
0.2,7816,94,224017,28.65766918255085
0.2,7817,22,224039,28.656817600409312
0.2,7818,84,224123,28.663895638828496
0.2,7819,-29,224094,28.656521739130437
0.2,7820,22,224116,28.655670630354173
0.2,7821,60,224176,28.659677831756586
0.2,7822,-88,224088,28.644765435255017
0.2,7823,-37,224051,28.636375255623722
0.2,7824,90,224141,28.644217252396167
0.2,7825,91,224232,28.652185024278047
0.2,7826,89,224321,28.65989523444487
0.2,7827,19,224340,28.658661216147163
0.2,7828,-11,224329,28.65359560607996
0.2,7829,80,224409,28.66015325670498
0.2,7830,21,224430,28.659175073426127
0.2,7831,93,224523,28.667390194075587
0.2,7832,-3,224520,28.663347376484104
0.2,7833,90,224610,28.671176921113098
0.2,7834,25,224635,28.67070835992342
0.2,7835,71,224706,28.676110260336905
0.2,7836,-137,224569,28.65497001403598
0.2,7837,-46,224523,28.645445266649656
0.2,7838,-5,224518,28.641153208317387
0.2,7839,64,224582,28.645663265306123
0.2,7840,-44,224538,28.63639841856906
0.2,7841,90,224628,28.644223412394798
0.2,7842,87,224715,28.651663904118323
0.2,7843,13,224728,28.64966853646099
0.2,7844,-146,224582,28.62740599107712
0.2,7845,-11,224571,28.62235534030079
0.2,7846,-81,224490,28.608385370205173
0.2,7847,24,224514,28.607798165137616
0.2,7848,-58,224456,28.59676391897057
0.2,7849,50,224506,28.59949044585987
0.2,7850,74,224580,28.60527321360336
0.2,7851,-41,224539,28.596408558329088
0.2,7852,41,224580,28.59798803005221
0.2,7853,11,224591,28.595747389865036
0.2,7854,93,224684,28.603946530872054
0.2,7855,32,224716,28.60437881873727
0.2,7856,55,224771,28.607738322514955
0.2,7857,71,224842,28.613133112751335
0.2,7858,46,224888,28.615345463799464
0.2,7859,33,224921,28.61590330788804
0.2,7860,90,225011,28.62371199592927
0.2,7861,89,225100,28.63139150343424
0.2,7862,48,225148,28.633854762813176
0.2,7863,53,225201,28.636953204476093
0.2,7864,27,225228,28.63674507310871
0.2,7865,87,225315,28.6441647597254
0.2,7866,62,225377,28.648404728613194
0.2,7867,85,225462,28.65556685307575
0.2,7868,-25,225437,28.64874825263693
0.2,7869,66,225503,28.653494282083862
0.2,7870,81,225584,28.660144835471986
0.2,7871,9,225593,28.657647357723576
0.2,7872,92,225685,28.665692874380795
0.2,7873,38,225723,28.666878333756667
0.2,7874,65,225788,28.671492063492064
0.2,7875,21,225809,28.670518029456577
0.2,7876,34,225843,28.671194617240065
0.2,7877,79,225922,28.677583142929677
0.2,7878,31,225953,28.677877903287218
0.2,7879,80,226033,28.684390862944163
0.2,7880,-2,226031,28.68049739880726
0.2,7881,-100,225931,28.66417153006851
0.2,7882,68,225999,28.669161486743626
0.2,7883,10,226009,28.6667935058346
0.2,7884,-88,225921,28.651997463538365
0.2,7885,66,225987,28.656733451686534
0.2,7886,84,226071,28.663750475465957
0.2,7887,-23,226048,28.657200811359026
0.2,7888,39,226087,28.658511851945747
0.2,7889,93,226180,28.666666666666668
0.2,7890,59,226239,28.670510708401977
0.2,7891,45,226284,28.672579827673594
0.2,7892,-74,226210,28.65957177245661
0.2,7893,91,226301,28.667468963769952
0.2,7894,-32,226269,28.659784673844204
0.2,7895,88,226357,28.667299898682877
0.2,7896,93,226450,28.675446372040014
0.2,7897,9,226459,28.67295517852621
0.2,7898,16,226475,28.671350803899227
0.2,7899,89,226564,28.678987341772153
0.2,7900,79,226643,28.68535628401468
0.2,7901,73,226716,28.690964312832193
0.2,7902,86,226802,28.69821586739213
0.2,7903,87,226889,28.705592105263158
0.2,7904,86,226975,28.712839974699556
0.2,7905,-7,226968,28.708322792815583
0.2,7906,81,227049,28.714936132540785
0.2,7907,85,227134,28.722053616590795
0.2,7908,-205,226929,28.692502212669112
0.2,7909,-220,226709,28.661061946902656
0.2,7910,94,226803,28.66932119833144
0.2,7911,53,226856,28.672396359959556
0.2,7912,75,226931,28.678250979400985
0.2,7913,-71,226860,28.66565579984837
0.2,7914,2,226862,28.662286797220467
0.2,7915,-8,226854,28.657655381505812
0.2,7916,45,226899,28.659719590754072
0.2,7917,78,226977,28.6659509977267
0.2,7918,22,226999,28.665109230963505
0.2,7919,82,227081,28.671843434343433
0.2,7920,0,227081,28.668223709127634
0.2,7921,56,227137,28.67167381974249
0.2,7922,23,227160,28.670957970465732
0.2,7923,-38,227122,28.66254416961131
0.2,7924,29,227151,28.662586750788645
0.2,7925,-22,227129,28.65619480191774
0.2,7926,-53,227076,28.645893780749336
0.2,7927,-38,227038,28.637487386478305
0.2,7928,60,227098,28.64144280489343
0.2,7929,71,227169,28.646784363177805
0.2,7930,87,227256,28.654141974530322
0.2,7931,9,227265,28.651664145234495
0.2,7932,43,227308,28.653472834993067
0.2,7933,80,227388,28.659944542475422
0.2,7934,-44,227344,28.650787649653434
0.2,7935,24,227368,28.650201612903224
0.2,7936,-2,227366,28.64633992692453
0.2,7937,72,227438,28.65180146132527
0.2,7938,64,227502,28.65625393626401
0.2,7939,-10,227492,28.65138539042821
0.2,7940,93,227585,28.65948872937917
0.2,7941,38,227623,28.6606648199446
0.2,7942,-89,227534,28.645851693314867
0.2,7943,-11,227523,28.640861027190333
0.2,7944,25,227548,28.64040276903713
0.2,7945,84,227632,28.647369745784044
0.2,7946,90,227722,28.65508997105826
0.2,7947,65,227787,28.65966280825365
0.2,7948,39,227826,28.660963643225564
0.2,7949,-67,227759,28.64893081761006
0.2,7950,43,227802,28.650735756508617
0.2,7951,92,227894,28.65870221327968
0.2,7952,-13,227881,28.65346410159688
0.2,7953,82,227963,28.66017098315313
0.2,7954,93,228056,28.66825895663105
0.2,7955,72,228128,28.673705379587734
0.2,7956,94,228222,28.68191529470906
0.2,7957,-18,228204,28.67604925860769
0.2,7958,-89,228115,28.66126397788667
0.2,7959,94,228209,28.669472361809046
0.2,7960,77,228286,28.675543273458107
0.2,7961,89,228375,28.68311981914092
0.2,7962,-28,228347,28.676001506969737
0.2,7963,91,228438,28.683827222501257
0.2,7964,5,228443,28.680853735091024
0.2,7965,71,228514,28.686166206377102
0.2,7966,-24,228490,28.679553156771682
0.2,7967,92,228582,28.6875
0.2,7968,92,228674,28.69544484878906
0.2,7969,-267,228407,28.658343789209535
0.2,7970,-61,228346,28.647095721992223
0.2,7971,85,228431,28.654164576016058
0.2,7972,86,228517,28.661357080145493
0.2,7973,33,228550,28.6619011788312
0.2,7974,16,228566,28.660313479623824
0.2,7975,78,228644,28.666499498495487
0.2,7976,90,228734,28.674188291337597
0.2,7977,29,228763,28.674229130107797
0.2,7978,90,228853,28.68191502694573
0.2,7979,93,228946,28.689974937343358
0.2,7980,-81,228865,28.67623104874076
0.2,7981,-106,228759,28.659358556752693
0.2,7982,13,228772,28.657396968558185
0.2,7983,92,228864,28.665330661322646
0.2,7984,90,228954,28.67301189730745
0.2,7985,33,228987,28.673553719008265
0.2,7986,19,229006,28.672342556654563
0.2,7987,44,229050,28.674261392088134
0.2,7988,91,229141,28.68206283640005
0.2,7989,15,229156,28.680350438047558
0.2,7990,-26,229130,28.67350769615818
0.2,7991,-61,229069,28.66228728728729
0.2,7992,-17,229052,28.656574502689853
0.2,7993,-331,228721,28.611583687765826
0.2,7994,-10,228711,28.606754221388368
0.2,7995,52,228763,28.60967983991996
0.2,7996,89,228852,28.617231461798173
0.2,7997,-75,228777,28.604276069017253
0.2,7998,66,228843,28.608951118889863
0.2,7999,46,228889,28.611125
0.2,8000,69,228958,28.6161729783777
0.2,8001,90,229048,28.623844038990253
0.2,8002,91,229139,28.631638135699113
0.2,8003,20,229159,28.63055972013993
0.2,8004,88,229247,28.637976264834478
0.2,8005,-7,229240,28.63352485635773
0.2,8006,-8,229232,28.62894966903959
0.2,8007,86,229318,28.636113886113886
0.2,8008,91,229409,28.643900611811713
0.2,8009,21,229430,28.642946317103622
0.2,8010,76,229506,28.64885782049682
0.2,8011,92,229598,28.65676485272092
0.2,8012,86,229684,28.66392112816673
0.2,8013,10,229694,28.661592213626154
0.2,8014,4,229698,28.658515283842796
0.2,8015,-27,229671,28.651571856287426
0.2,8016,87,229758,28.658849943869278
0.2,8017,-43,229715,28.649912696433027
0.2,8018,86,229801,28.657064471879288
0.2,8019,50,229851,28.659725685785535
0.2,8020,88,229939,28.667123800024935
0.2,8021,82,230021,28.67377212665171
0.2,8022,-88,229933,28.65922971457061
0.2,8023,65,229998,28.663758723828515
0.2,8024,82,230080,28.670404984423676
0.2,8025,40,230120,28.671816596062797
0.2,8026,19,230139,28.67061168556123
0.2,8027,-187,229952,28.643746885899354
0.2,8028,90,230042,28.651388715904844
0.2,8029,6,230048,28.648567870485678
0.2,8030,15,230063,28.646868385008094
0.2,8031,90,230153,28.654506972111555
0.2,8032,-25,230128,28.647827710693388
0.2,8033,86,230214,28.65496639283047
0.2,8034,76,230290,28.660858742999377
0.2,8035,41,230331,28.662394225983075
0.2,8036,78,230409,28.668533034714446
0.2,8037,29,230438,28.668574272207017
0.2,8038,-66,230372,28.656798109217565
0.2,8039,30,230402,28.656965174129354
0.2,8040,79,230481,28.663225966919537
0.2,8041,81,230562,28.669733897040537
0.2,8042,-67,230495,28.657839114758175
0.2,8043,51,230546,28.66061660865241
0.2,8044,90,230636,28.668241143567432
0.2,8045,82,230718,28.674869500372857
0.2,8046,72,230790,28.68025351062508
0.2,8047,-20,230770,28.67420477137177
0.2,8048,73,230843,28.6797117654367
0.2,8049,-125,230718,28.660621118012422
0.2,8050,11,230729,28.658427524531113
0.2,8051,85,230814,28.66542473919523
0.2,8052,75,230889,28.67117844281634
0.2,8053,64,230953,28.67556493667743
0.2,8054,92,231045,28.68342644320298
0.2,8055,-17,231028,28.677755710029793
0.2,8056,71,231099,28.68300856398163
0.2,8057,-39,231060,28.674609084139984
0.2,8058,87,231147,28.681846382925922
0.2,8059,3,231150,28.67866004962779
0.2,8060,88,231238,28.68601910432949
0.2,8061,82,231320,28.69263210121558
0.2,8062,-36,231284,28.68460870643681
0.2,8063,-100,231184,28.668650793650794
0.2,8064,81,231265,28.675139491630503
0.2,8065,87,231352,28.682370443838334
0.2,8066,-162,231190,28.658733110202057
0.2,8067,91,231281,28.666460089241447
0.2,8068,4,231285,28.663403147849795
0.2,8069,82,231367,28.67001239157373
0.2,8070,56,231423,28.673398587535623
0.2,8071,9,231432,28.670961347869177
0.2,8072,81,231513,28.677443329617244
0.2,8073,-111,231402,28.660143671042853
0.2,8074,90,231492,28.667739938080494
0.2,8075,-154,231338,28.645121347201584
0.2,8076,59,231397,28.648879534480624
0.2,8077,80,231477,28.65523644466452
0.2,8078,-26,231451,28.64847134546355
0.2,8079,93,231544,28.656435643564357
0.2,8080,-12,231532,28.651404529142432
0.2,8081,79,231611,28.65763424894828
0.2,8082,92,231703,28.665470741061487
0.2,8083,-6,231697,28.661182582879764
0.2,8084,-99,231598,28.64539270253556
0.2,8085,-160,231438,28.622062824635172
0.2,8086,11,231449,28.619883764065783
0.2,8087,68,231517,28.62475272007913
0.2,8088,52,231569,28.627642477438496
0.2,8089,89,231658,28.635105067985165
0.2,8090,-31,231627,28.627734519836856
0.2,8091,60,231687,28.63161146811666
0.2,8092,76,231763,28.63746447547263
0.2,8093,78,231841,28.643563133185076
0.2,8094,27,231868,28.643360098826435
0.2,8095,93,231961,28.65130928853755
0.2,8096,1,231962,28.647894281832777
0.2,8097,66,232028,28.652506791800445
0.2,8098,85,232113,28.659464131374243
0.2,8099,56,232169,28.66283950617284
0.2,8100,-114,232055,28.64522898407604
0.2,8101,93,232148,28.6531720562824
0.2,8102,23,232171,28.65247439220042
0.2,8103,91,232262,28.660167818361302
0.2,8104,-25,232237,28.653547193090684
0.2,8105,-53,232184,28.64347396989884
0.2,8106,85,232269,28.650425558159615
0.2,8107,88,232357,28.657745436605822
0.2,8108,52,232409,28.660623998026885
0.2,8109,14,232423,28.65881627620222
0.2,8110,45,232468,28.660830970287265
0.2,8111,39,232507,28.662105522682445
0.2,8112,76,232583,28.66794034265993
0.2,8113,18,232601,28.666625585407935
0.2,8114,-92,232509,28.651756007393715
0.2,8115,47,232556,28.654016757023165
0.2,8116,90,232646,28.661574473327583
0.2,8117,83,232729,28.668268046316825
0.2,8118,36,232765,28.669171080182288
0.2,8119,89,232854,28.676600985221675
0.2,8120,91,232945,28.68427533554981
0.2,8121,-7,232938,28.679881802511698
0.2,8122,92,233030,28.68767696663794
0.2,8123,84,233114,28.6944854751354
0.2,8124,-22,233092,28.688246153846155
0.2,8125,3,233095,28.685084912626138
0.2,8126,-52,233043,28.67515688445921
0.2,8127,38,233081,28.676304133858267
0.2,8128,43,233124,28.67806618280231
0.2,8129,93,233217,28.685977859778596
0.2,8130,94,233311,28.69401057680482
0.2,8131,66,233377,28.69859813084112
0.2,8132,21,233398,28.69765154309603
0.2,8133,87,233485,28.704819277108435
0.2,8134,82,233567,28.71137062077443
0.2,8135,90,233657,28.718903638151424
0.2,8136,74,233731,28.724468477325797
0.2,8137,84,233815,28.731260752027524
0.2,8138,92,233907,28.739034279395504
0.2,8139,-21,233886,28.732923832923834
0.2,8140,2,233888,28.729640093354625
0.2,8141,65,233953,28.73409481699828
0.2,8142,22,233975,28.733267837406363
0.2,8143,67,234042,28.737966601178783
0.2,8144,92,234134,28.74573357888275
0.2,8145,71,234205,28.750920697274736
0.2,8146,53,234258,28.753897140051553
0.2,8147,87,234345,28.761045655375554
0.2,8148,7,234352,28.758375260768194
0.2,8149,44,234396,28.760245398773005
0.2,8150,86,234482,28.7672678198994
0.2,8151,-95,234387,28.752085377821395
0.2,8152,23,234410,28.75137986017417
0.2,8153,83,234493,28.75803286730439
0.2,8154,79,234572,28.764193746167994
0.2,8155,44,234616,28.766061794997547
0.2,8156,87,234703,28.773200931715092
0.2,8157,88,234791,28.780460897278743
0.2,8158,88,234879,28.78771908322098
0.2,8159,79,234958,28.793872549019607
0.2,8160,36,234994,28.794755544663644
0.2,8161,77,235071,28.800661602548395
0.2,8162,15,235086,28.798970966556414
0.2,8163,-202,234884,28.770700636942674
0.2,8164,93,234977,28.77856705450092
0.2,8165,-116,234861,28.760837619397503
0.2,8166,83,234944,28.767478878413126
0.2,8167,-114,234830,28.75
0.2,8168,83,234913,28.756640959725793
0.2,8169,88,235001,28.76389228886169
0.2,8170,85,235086,28.770774690980296
0.2,8171,94,235180,28.778756730298582
0.2,8172,90,235270,28.78624739997553
0.2,8173,8,235278,28.78370442867629
0.2,8174,85,235363,28.790581039755352
0.2,8175,-110,235253,28.773605675146772
0.2,8176,86,235339,28.78060413354531
0.2,8177,16,235355,28.77904133039863
0.2,8178,94,235449,28.787015527570606
0.2,8179,93,235542,28.79486552567237
0.2,8180,61,235603,28.798802102432465
0.2,8181,91,235694,28.80640430212662
0.2,8182,-91,235603,28.791763411951607
0.2,8183,-190,235413,28.765029325513197
0.2,8184,16,235429,28.763469761759318
0.2,8185,63,235492,28.767652088932323
0.2,8186,55,235547,28.770856235495298
0.2,8187,81,235628,28.777234978016608
0.2,8188,74,235702,28.7827573574307
0.2,8189,39,235741,28.784004884004883
0.2,8190,92,235833,28.791722622390427
0.2,8191,-5,235828,28.78759765625
0.2,8192,10,235838,28.78530452825583
0.2,8193,-17,235821,28.77971686599951
0.2,8194,90,235911,28.78718730933496
0.2,8195,77,235988,28.793069790141534
0.2,8196,94,236082,28.801024765157983
0.2,8197,-273,235809,28.764210783117832
0.2,8198,86,235895,28.77119160873277
0.2,8199,82,235977,28.777682926829268
0.2,8200,22,235999,28.776856480916962
0.2,8201,79,236078,28.782979761033893
0.2,8202,82,236160,28.789467268072656
0.2,8203,-284,235876,28.751340809361288
0.2,8204,89,235965,28.758683729433272
0.2,8205,56,236021,28.76200341213746
0.2,8206,94,236115,28.769952479590593
0.2,8207,74,236189,28.775462962962962
0.2,8208,77,236266,28.781337556340603
0.2,8209,71,236337,28.786479902557858
0.2,8210,89,236426,28.793813177444893
0.2,8211,-108,236318,28.77715538236727
0.2,8212,51,236369,28.779861195665408
0.2,8213,94,236463,28.787801314828343
0.2,8214,-110,236353,28.770906877662814
0.2,8215,46,236399,28.773003894839338
0.2,8216,-133,236266,28.75331629548497
0.2,8217,68,236334,28.75809199318569
0.2,8218,15,236349,28.75641805572454
0.2,8219,-37,236312,28.748418491484184
0.2,8220,53,236365,28.75136844666099
0.2,8221,52,236417,28.754196059352957
0.2,8222,7,236424,28.751550529004014
0.2,8223,6,236430,28.748784046692606
0.2,8224,92,236522,28.75647416413374
0.2,8225,77,236599,28.76233892535862
0.2,8226,-1,236598,28.75872128357846
0.2,8227,59,236657,28.762396694214875
0.2,8228,-14,236643,28.75720014582574
0.2,8229,93,236736,28.765006075334142
0.2,8230,25,236761,28.764548657514275
0.2,8231,93,236854,28.772351797862
0.2,8232,85,236939,28.779181343374226
0.2,8233,-58,236881,28.768642215205247
0.2,8234,-123,236758,28.750212507589556
0.2,8235,42,236800,28.75182127246236
0.2,8236,-40,236760,28.743474565982762
0.2,8237,-223,236537,28.71291575625152
0.2,8238,88,236625,28.7201116640369
0.2,8239,26,236651,28.719781553398057
0.2,8240,33,236684,28.720300934352625
0.2,8241,-131,236553,28.70092210628488
0.2,8242,90,236643,28.708358607303165
0.2,8243,93,236736,28.716157205240176
0.2,8244,11,236747,28.714008489993937
0.2,8245,15,236762,28.71234537957798
0.2,8246,24,236786,28.711773978416392
0.2,8247,-41,236745,28.703322017458778
0.2,8248,-82,236663,28.68990180627955
0.2,8249,93,236756,28.69769696969697
0.2,8250,69,236825,28.70258150527209
0.2,8251,31,236856,28.702859912748426
0.2,8252,25,236881,28.70241124439598
0.2,8253,87,236968,28.70947419433002
0.2,8254,73,237041,28.714839491217443
0.2,8255,86,237127,28.721778100775193
0.2,8256,58,237185,28.725323967542693
0.2,8257,90,237275,28.732744005812545
0.2,8258,51,237326,28.735440125923237
0.2,8259,-70,237256,28.723486682808716
0.2,8260,78,237334,28.729451640237258
0.2,8261,35,237369,28.730210602759623
0.2,8262,-66,237303,28.7187462180806
0.2,8263,-54,237249,28.708736689254597
0.2,8264,52,237301,28.711554748941317
0.2,8265,86,237387,28.71848536172272
0.2,8266,94,237481,28.726382000725778
0.2,8267,34,237515,28.7270198355104
0.2,8268,80,237595,28.73322046196638
0.2,8269,-76,237519,28.72055622732769
0.2,8270,86,237605,28.727481562084392
0.2,8271,74,237679,28.732954545454547
0.2,8272,55,237734,28.736129578145775
0.2,8273,-107,237627,28.71972443799855
0.2,8274,71,237698,28.724833836858007
0.2,8275,69,237767,28.729700338327696
0.2,8276,-241,237526,28.697112480367284
0.2,8277,76,237602,28.702826769751148
0.2,8278,-41,237561,28.694407537142165
0.2,8279,-153,237408,28.672463768115943
0.2,8280,93,237501,28.680231856056032
0.2,8281,-89,237412,28.666022699830958
0.2,8282,86,237498,28.672944585295184
0.2,8283,82,237580,28.67938194109126
0.2,8284,-69,237511,28.667592033796016
0.2,8285,-177,237334,28.64277093893314
0.2,8286,-224,237110,28.61228430071196
0.2,8287,87,237197,28.61932915057915
0.2,8288,89,237286,28.62661358426831
0.2,8289,40,237326,28.62798552472859
0.2,8290,63,237389,28.632131226631287
0.2,8291,92,237481,28.639773275446213
0.2,8292,-181,237300,28.6144941516942
0.2,8293,-39,237261,28.606341933928142
0.2,8294,5,237266,28.603496081977095
0.2,8295,69,237335,28.608365477338477
0.2,8296,40,237375,28.609738459684223
0.2,8297,-11,237364,28.604965051819715
0.2,8298,77,237441,28.610796481503797
0.2,8299,-53,237388,28.600963855421686
0.2,8300,-9,237379,28.596434164558488
0.2,8301,93,237472,28.60419176102144
0.2,8302,28,237500,28.60411899313501
0.2,8303,-17,237483,28.598627167630056
0.2,8304,-70,237413,28.586754966887415
0.2,8305,85,237498,28.593546833614255
0.2,8306,10,237508,28.59130853497051
0.2,8307,83,237591,28.59785748675975
0.2,8308,32,237623,28.598266939463233
0.2,8309,49,237672,28.60072202166065
0.2,8310,89,237761,28.60798941162315
0.2,8311,93,237854,28.615736284889316
0.2,8312,81,237935,28.62203777216408
0.2,8313,71,238006,28.627134953091172
0.2,8314,68,238074,28.631870114251353
0.2,8315,36,238110,28.632756132756132
0.2,8316,60,238170,28.636527594084406
0.2,8317,-44,238126,28.627795143063235
0.2,8318,92,238218,28.635412910205552
0.2,8319,94,238312,28.64326923076923
0.2,8320,89,238401,28.650522773705084
0.2,8321,87,238488,28.65753424657534
0.2,8322,5,238493,28.65469181785414
0.2,8323,79,238572,28.660740028832294
0.2,8324,70,238642,28.665705705705705
0.2,8325,-121,238521,28.647730002402113
0.2,8326,89,238610,28.654977783115168
0.2,8327,57,238667,28.658381364073005
0.2,8328,88,238755,28.66550606315284
0.2,8329,12,238767,28.663505402160865
0.2,8330,91,238858,28.670987876605448
0.2,8331,17,238875,28.66958713394143
0.2,8332,-10,238865,28.664946597863914
0.2,8333,6,238871,28.66222702183825
0.2,8334,87,238958,28.669226154769046
0.2,8335,90,239048,28.67658349328215
0.2,8336,60,239108,28.68034065011395
0.2,8337,65,239173,28.684696569920845
0.2,8338,78,239251,28.690610384938243
0.2,8339,-96,239155,28.675659472422062
0.2,8340,2,239157,28.672461335571274
0.2,8341,-71,239086,28.66051306641093
0.2,8342,-77,239009,28.647848495744935
0.2,8343,-74,238935,28.635546500479386
0.2,8344,92,239027,28.643139604553625
0.2,8345,72,239099,28.648334531512102
0.2,8346,43,239142,28.650053911585
0.2,8347,11,239153,28.647939626257788
0.2,8348,86,239239,28.654808959156785
0.2,8349,14,239253,28.653053892215567
0.2,8350,80,239333,28.659202490719675
0.2,8351,88,239421,28.666307471264368
0.2,8352,91,239512,28.67376990302885
0.2,8353,72,239584,28.678956188652144
0.2,8354,94,239678,28.686774386594852
0.2,8355,90,239768,28.694112015318336
0.2,8356,-124,239644,28.675840612660046
0.2,8357,-12,239632,28.670973917205075
0.2,8358,69,239701,28.675798540495276
0.2,8359,-117,239584,28.658373205741626
0.2,8360,75,239659,28.66391579954551
0.2,8361,62,239721,28.667902415690026
0.2,8362,93,239814,28.6755948822193
0.2,8363,84,239898,28.682209469153516
0.2,8364,72,239970,28.687387925881648
0.2,8365,46,240016,28.689457327277072
0.2,8366,70,240086,28.694394645631647
0.2,8367,64,240150,28.6986137667304
0.2,8368,61,240211,28.702473413788983
0.2,8369,93,240304,28.71015531660693
0.2,8370,86,240390,28.716999163779715
0.2,8371,89,240479,28.724199713330147
0.2,8372,64,240543,28.728412755284843
0.2,8373,92,240635,28.735968473847624
0.2,8374,53,240688,28.73886567164179
0.2,8375,75,240763,28.744388729703918
0.2,8376,83,240846,28.750865464963592
0.2,8377,-53,240793,28.741107662926712
0.2,8378,-33,240760,28.73373910967896
0.2,8379,87,240847,28.740692124105014
0.2,8380,53,240900,28.743586684166566
0.2,8381,-23,240877,28.73741350513004
0.2,8382,-92,240785,28.723010855302398
0.2,8383,60,240845,28.72674141221374
0.2,8384,14,240859,28.72498509242695
0.2,8385,-19,240840,28.719294061531123
0.2,8386,-59,240781,28.708835101943485
0.2,8387,29,240810,28.70886981402003
0.2,8388,15,240825,28.707235665752773
0.2,8389,85,240910,28.71394517282479
0.2,8390,82,240992,28.720295554761055
0.2,8391,-11,240981,28.715562440419447
0.2,8392,-21,240960,28.70963898486834
0.2,8393,92,241052,28.717178937336193
0.2,8394,38,241090,28.718284693269805
0.2,8395,-61,241029,28.70759885659838
0.2,8396,-21,241008,28.701679171132547
0.2,8397,88,241096,28.708740176232435
0.2,8398,-190,240906,28.682700321466843
0.2,8399,91,240997,28.69011904761905
0.2,8400,-99,240898,28.674919652422332
0.2,8401,75,240973,28.68043323018329
0.2,8402,-3,240970,28.67666309651315
0.2,8403,17,240987,28.67527367920038
0.2,8404,94,241081,28.683045806067817
0.2,8405,19,241100,28.681893885320008
0.2,8406,92,241192,28.689425478767692
0.2,8407,-163,241029,28.66662702188392
0.2,8408,69,241098,28.67142347484838
0.2,8409,60,241158,28.67514863258026
0.2,8410,-32,241126,28.667934847223872
0.2,8411,93,241219,28.675582501188778
0.2,8412,94,241313,28.68334720076073
0.2,8413,78,241391,28.689208462087
0.2,8414,92,241483,28.696732026143792
0.2,8415,-12,241471,28.6918963878327
0.2,8416,13,241484,28.690032077937506
0.2,8417,-139,241345,28.670111665478736
0.2,8418,93,241438,28.677752702221166
0.2,8419,80,241518,28.683847980997626
0.2,8420,91,241609,28.69124807030044
0.2,8421,89,241698,28.698408928995487
0.2,8422,-65,241633,28.68728481538644
0.2,8423,92,241725,28.69480056980057
0.2,8424,63,241788,28.69887240356083
0.2,8425,-4,241784,28.694991692380725
0.2,8426,-4,241780,28.691111902219056
0.2,8427,-67,241713,28.679757949691506
0.2,8428,68,241781,28.684422825958002
0.2,8429,55,241836,28.687544483985764
0.2,8430,80,241916,28.69363064879611
0.2,8431,92,242008,28.701138519924097
0.2,8432,-99,241909,28.68599549389304
0.2,8433,25,241934,28.685558453877164
0.2,8434,13,241947,28.68369887374037
0.2,8435,-6,241941,28.679587482219063
0.2,8436,-109,241832,28.663268934455374
0.2,8437,86,241918,28.67006399620763
0.2,8438,-112,241806,28.653394952008533
0.2,8439,89,241895,28.66054502369668
0.2,8440,70,241965,28.665442483118113
0.2,8441,69,242034,28.670220326936747
0.2,8442,81,242115,28.676418334715148
0.2,8443,-23,242092,28.67029843675983
0.2,8444,59,242151,28.673889875666074
0.2,8445,89,242240,28.681032441392375
0.2,8446,-3,242237,28.677281875221972
0.2,8447,93,242330,28.684895833333332
0.2,8448,62,242392,28.68883891584803
0.2,8449,87,242479,28.695739644970413
0.2,8450,-215,242264,28.66690332505029
0.2,8451,84,242348,28.673450070989116
0.2,8452,68,242416,28.678102448834732
0.2,8453,5,242421,28.67530163236338
0.2,8454,70,242491,28.68018923713779
0.2,8455,16,242507,28.678689687795647
0.2,8456,69,242576,28.683457490835995
0.2,8457,46,242622,28.685504847481674
0.2,8458,75,242697,28.69098002127911
0.2,8459,39,242736,28.692198581560284
0.2,8460,74,242810,28.697553480676042
0.2,8461,-51,242759,28.688135192625857
0.2,8462,52,242811,28.690889755405884
0.2,8463,62,242873,28.69482514177694
0.2,8464,94,242967,28.70253987005316
0.2,8465,85,243052,28.709189699976378
0.2,8466,93,243145,28.71678280382662
0.2,8467,91,243236,28.724137931034484
0.2,8468,94,243330,28.73184555437478
0.2,8469,94,243424,28.739551357733177
0.2,8470,33,243457,28.74005430291583
0.2,8471,92,243549,28.747521246458923
0.2,8472,-90,243459,28.73350643219639
0.2,8473,86,243545,28.74026433797498
0.2,8474,-60,243485,28.729793510324484
0.2,8475,-44,243441,28.72121283624351
0.2,8476,-55,243386,28.711336557744485
0.2,8477,68,243454,28.71597074781788
0.2,8478,-64,243390,28.705035971223023
0.2,8479,27,243417,28.704834905660377
0.2,8480,45,243462,28.706756278740716
0.2,8481,0,243462,28.703371846262673
0.2,8482,-36,243426,28.695744430036545
0.2,8483,-58,243368,28.685525695426687
0.2,8484,30,243398,28.6856806128462
0.2,8485,-75,243323,28.67346217299081
0.2,8486,-82,243241,28.66042182160952
0.2,8487,46,243287,28.66246465598492
0.2,8488,-63,243224,28.651666862999175
0.2,8489,-76,243148,28.63934040047114
0.2,8490,-33,243115,28.632081026969733
0.2,8491,-55,243060,28.622232689590202
0.2,8492,89,243149,28.629341810903096
0.2,8493,71,243220,28.63433011537556
0.2,8494,75,243295,28.639788110653324
0.2,8495,88,243383,28.64677495291902
0.2,8496,94,243477,28.654466282217253
0.2,8497,85,243562,28.661096728642033
0.2,8498,80,243642,28.667137310271798
0.2,8499,-38,243604,28.659294117647057
0.2,8500,85,243689,28.66592165627573
0.2,8501,60,243749,28.66960715125853
0.2,8502,72,243821,28.67470304598377
0.2,8503,43,243864,28.676387582314206
0.2,8504,89,243953,28.683480305702528
0.2,8505,19,243972,28.682341876322596
0.2,8506,65,244037,28.686611026213708
0.2,8507,-55,243982,28.67677480018806
0.2,8508,0,243982,28.67340463039135
0.2,8509,-13,243969,28.668507638072857
0.2,8510,94,244063,28.676183762190107
0.2,8511,83,244146,28.682565789473685
0.2,8512,80,244226,28.688593915188534
0.2,8513,70,244296,28.693446088794925
0.2,8514,-20,244276,28.687727539635937
0.2,8515,-59,244217,28.67743071864725
0.2,8516,94,244311,28.685100387460373
0.2,8517,35,244346,28.68584174688894
0.2,8518,42,244388,28.68740462495598
0.2,8519,32,244420,28.687793427230048
0.2,8520,-52,244368,28.678324140359113
0.2,8521,37,244405,28.679300633654073
0.2,8522,18,244423,28.678047635808987
0.2,8523,-51,244372,28.668700140778977
0.2,8524,12,244384,28.66674486803519
0.2,8525,91,244475,28.674055829228244
0.2,8526,25,244500,28.67362495602205
0.2,8527,-18,244482,28.66815196998124
0.2,8528,-15,244467,28.663032008441785
0.2,8529,89,244556,28.67010550996483
0.2,8530,-88,244468,28.65642949243934
0.2,8531,84,244552,28.6629160806376
0.2,8532,94,244646,28.670573069260517
0.2,8533,91,244737,28.677876728380596
0.2,8534,60,244797,28.681546572934973
0.2,8535,42,244839,28.683106841611995
0.2,8536,70,244909,28.687946585451563
0.2,8537,83,244992,28.694307800421644
0.2,8538,36,245028,28.69516336807589
0.2,8539,87,245115,28.701990632318502
0.2,8540,-1,245114,28.698513054677438
0.2,8541,80,245194,28.704518848044955
0.2,8542,93,245287,28.71204494908112
0.2,8543,46,245333,28.714068352059925
0.2,8544,86,245419,28.720772381509654
0.2,8545,92,245511,28.728176924877136
0.2,8546,86,245597,28.734877734877735
0.2,8547,28,245625,28.734791764155357
0.2,8548,75,245700,28.74020353257691
0.2,8549,66,245766,28.744561403508772
0.2,8550,77,245843,28.750204654426383
0.2,8551,61,245904,28.75397567820393
0.2,8552,-5,245899,28.750029229510112
0.2,8553,-20,245879,28.74433013794716
0.2,8554,85,245964,28.750905902980712
0.2,8555,61,246025,28.754675081813932
0.2,8556,57,246082,28.75797592614234
0.2,8557,59,246141,28.761509698527693
0.2,8558,52,246193,28.76422479261596
0.2,8559,-48,246145,28.755257009345794
0.2,8560,12,246157,28.75329984814858
0.2,8561,-46,246111,28.74456902592852
0.2,8562,86,246197,28.75125540114446
0.2,8563,86,246283,28.757940214852873
0.2,8564,92,246375,28.765323992994745
0.2,8565,-62,246313,28.75472799439645
0.2,8566,64,246377,28.758842068402007
0.2,8567,77,246454,28.764472455648928
0.2,8568,-30,246424,28.757614657486286
0.2,8569,31,246455,28.757876312718786
0.2,8570,20,246475,28.756854509392138
0.2,8571,87,246562,28.763649090060664
0.2,8572,94,246656,28.771258602589526
0.2,8573,56,246712,28.774434336365758
0.2,8574,71,246783,28.77935860058309
0.2,8575,93,246876,28.786847014925375
0.2,8576,7,246883,28.784306867202986
0.2,8577,-34,246849,28.776987642807182
0.2,8578,73,246922,28.78214244084392
0.2,8579,84,247006,28.788578088578088
0.2,8580,93,247099,28.796061065143924
0.2,8581,70,247169,28.800862269867164
0.2,8582,89,247258,28.80787603402074
0.2,8583,-148,247110,28.78727865796831
0.2,8584,66,247176,28.791613278974957
0.2,8585,73,247249,28.796762170976006
0.2,8586,70,247319,28.801560498427857
0.2,8587,82,247401,28.807755006986493
0.2,8588,-56,247345,28.797881010594946
0.2,8589,-40,247305,28.78987194412107
0.2,8590,86,247391,28.79653125363753
0.2,8591,90,247481,28.803654562383613
0.2,8592,-119,247362,28.78645409053881
0.2,8593,63,247425,28.790435187340005
0.2,8594,78,247503,28.796160558464223
0.2,8595,86,247589,28.802815262912983
0.2,8596,-16,247573,28.7976038152844
0.2,8597,46,247619,28.799604559199814
0.2,8598,-5,247614,28.795673915571577
0.2,8599,86,247700,28.802325581395348
0.2,8600,-101,247599,28.78723404255319
0.2,8601,8,247607,28.784817484305975
0.2,8602,94,247701,28.792398000697432
0.2,8603,81,247782,28.798465829846585
0.2,8604,48,247830,28.800697269029634
0.2,8605,79,247909,28.806530327678363
0.2,8606,-67,247842,28.795399093760892
0.2,8607,72,247914,28.800418215613384
0.2,8608,89,248003,28.807410849111395
0.2,8609,47,248050,28.80952380952381
0.2,8610,-87,247963,28.79607478806178
0.2,8611,71,248034,28.800975383186252
0.2,8612,56,248090,28.804133286891908
0.2,8613,76,248166,28.80961225911307
0.2,8614,-91,248075,28.79570516540917
0.2,8615,68,248143,28.800255338904364
0.2,8616,-68,248075,28.789021701288153
0.2,8617,92,248167,28.796356463216522
0.2,8618,-32,248135,28.789302703329852
0.2,8619,70,248205,28.794083526682133
0.2,8620,80,248285,28.80002319916483
0.2,8621,82,248367,28.806193458594294
0.2,8622,-39,248328,28.798330047547257
0.2,8623,50,248378,28.80078849721707
0.2,8624,59,248437,28.804289855072465
0.2,8625,10,248447,28.802109900301414
0.2,8626,79,248526,28.807928596267534
0.2,8627,94,248620,28.815484469170144
0.2,8628,21,248641,28.81457874608877
0.2,8629,94,248735,28.82213209733488
0.2,8630,19,248754,28.820994091067085
0.2,8631,-116,248638,28.80421686746988
0.2,8632,76,248714,28.809683771574193
0.2,8633,38,248752,28.810748204771834
0.2,8634,-127,248625,28.79270411117545
0.2,8635,91,248716,28.79990736452061
0.2,8636,80,248796,28.805835359499827
0.2,8637,40,248836,28.80713128038898
0.2,8638,-119,248717,28.79002199328626
0.2,8639,15,248732,28.788425925925925
0.2,8640,94,248826,28.795972688346257
0.2,8641,28,248854,28.795880583198333
0.2,8642,-41,248813,28.787805160245284
0.2,8643,11,248824,28.785747339194817
0.2,8644,79,248903,28.791555812608443
0.2,8645,92,248995,28.79886652787416
0.2,8646,5,249000,28.796114259280674
0.2,8647,1,249001,28.792900092506937
0.2,8648,57,249058,28.796161405942883
0.2,8649,-44,249014,28.787745664739884
0.2,8650,67,249081,28.79216275575078
0.2,8651,86,249167,28.798774849745723
0.2,8652,67,249234,28.803189645209756
0.2,8653,91,249325,28.810376704414143
0.2,8654,-3,249322,28.80670132871173
0.2,8655,84,249406,28.81307763401109
0.2,8656,13,249419,28.81125101074275
0.2,8657,91,249510,28.818433818433817
0.2,8658,46,249556,28.820418062131886
0.2,8659,84,249640,28.82678983833718
0.2,8660,-242,249398,28.795520147788938
0.2,8661,32,249430,28.79589009466636
0.2,8662,19,249449,28.7947593212513
0.2,8663,37,249486,28.795706371191137
0.2,8664,93,249579,28.803115983843046
0.2,8665,-302,249277,28.764943457189016
0.2,8666,72,249349,28.769931925695165
0.2,8667,49,249398,28.77226580526073
0.2,8668,81,249479,28.7782904602607
0.2,8669,93,249572,28.78569780853518
0.2,8670,-132,249440,28.767154884096414
0.2,8671,7,249447,28.76464483394834
0.2,8672,49,249496,28.76697797763173
0.2,8673,89,249585,28.773922065944202
0.2,8674,17,249602,28.77256484149856
0.2,8675,81,249683,28.77858460119871
0.2,8676,-3,249680,28.774922208136452
0.2,8677,35,249715,28.775639548283014
0.2,8678,92,249807,28.782924300034566
0.2,8679,85,249892,28.789400921658988
0.2,8680,92,249984,28.796682409860615
0.2,8681,-48,249936,28.787836903939183
0.2,8682,58,249994,28.791201197742716
0.2,8683,80,250074,28.79709811146937
0.2,8684,12,250086,28.795164075993092
0.2,8685,82,250168,28.801289431268707
0.2,8686,90,250258,28.808334292621158
0.2,8687,61,250319,28.812039594843462
0.2,8688,78,250397,28.817700540913798
0.2,8689,-194,250203,28.79205983889528
0.2,8690,18,250221,28.790818087676907
0.2,8691,83,250304,28.79705476300046
0.2,8692,76,250380,28.802484757851143
0.2,8693,44,250424,28.804232804232804
0.2,8694,77,250501,28.80977573317999
0.2,8695,75,250576,28.81508739650414
0.2,8696,92,250668,28.82235253535702
0.2,8697,77,250745,28.82789146930329
0.2,8698,-29,250716,28.821243821128867
0.2,8699,43,250759,28.82287356321839
0.2,8700,-119,250640,28.80588438110562
0.2,8701,56,250696,28.809009423121122
0.2,8702,49,250745,28.811329426634494
0.2,8703,49,250794,28.813648897058822
0.2,8704,77,250871,28.819184376794947
0.2,8705,6,250877,28.816563289685273
0.2,8706,29,250906,28.816584357413575
0.2,8707,5,250911,28.813849333945797
0.2,8708,-12,250899,28.809162934894935
0.2,8709,-10,250889,28.804707233065443
0.2,8710,-88,250801,28.79129835839743
0.2,8711,81,250882,28.79729109274564
0.2,8712,56,250938,28.80041317571445
0.2,8713,82,251020,28.806518246499884
0.2,8714,72,251092,28.811474469305793
0.2,8715,81,251173,28.817462138595687
0.2,8716,24,251197,28.816909487208903
0.2,8717,-31,251166,28.8100481761872
0.2,8718,87,251253,28.81672210115839
0.2,8719,72,251325,28.821674311926607
0.2,8720,-19,251306,28.816190803806904
0.2,8721,80,251386,28.82205916074295
0.2,8722,32,251418,28.822423478161184
0.2,8723,-89,251329,28.808917927556166
0.2,8724,-11,251318,28.804355300859598
0.2,8725,94,251412,28.81182672473069
0.2,8726,-105,251307,28.796493640426263
0.2,8727,18,251325,28.79525664527956
0.2,8728,36,251361,28.796082025432465
0.2,8729,-47,251314,28.787399770904926
0.2,8730,62,251376,28.791203756728898
0.2,8731,64,251440,28.79523591387998
0.2,8732,32,251472,28.79560288560632
0.2,8733,-44,251428,28.78726814746966
0.2,8734,90,251518,28.794275901545507
0.2,8735,83,251601,28.80048076923077
0.2,8736,91,251692,28.807599862653085
0.2,8737,84,251776,28.813916227969788
0.2,8738,-226,251550,28.78475798146241
0.2,8739,55,251605,28.787757437070937
0.2,8740,35,251640,28.788468138656903
0.2,8741,83,251723,28.79466941203386
0.2,8742,-102,251621,28.779709481871212
0.2,8743,93,251714,28.787053979871914
0.2,8744,-78,251636,28.7748427672956
0.2,8745,-58,251578,28.764921106791675
0.2,8746,52,251630,28.767577455127473
0.2,8747,90,251720,28.774577046181985
0.2,8748,-97,251623,28.760201165847526
0.2,8749,-5,251618,28.756342857142858
0.2,8750,-94,251524,28.74231516398126
0.2,8751,89,251613,28.749200182815358
0.2,8752,25,251638,28.748771849651547
0.2,8753,70,251708,28.753484121544435
0.2,8754,54,251762,28.756367789834382
0.2,8755,-23,251739,28.75045682960256
0.2,8756,71,251810,28.75528148909444
0.2,8757,62,251872,28.759077414934918
0.2,8758,93,251965,28.766411690832285
0.2,8759,89,252054,28.773287671232875
0.2,8760,-12,252042,28.768633717612143
0.2,8761,83,252125,28.774823099748915
0.2,8762,66,252191,28.77907109437407
0.2,8763,23,252214,28.77841168416248
0.2,8764,12,252226,28.776497432972047
0.2,8765,53,252279,28.779260780287473
0.2,8766,93,252372,28.78658606136649
0.2,8767,86,252458,28.793111313868614
0.2,8768,92,252550,28.800319306648422
0.2,8769,93,252643,28.80763968072976
0.2,8770,86,252729,28.814160300991905
0.2,8771,77,252806,28.81965344277246
0.2,8772,-41,252765,28.811694973213267
0.2,8773,85,252850,28.818098928652837
0.2,8774,86,252936,28.824615384615385
0.2,8775,71,253007,28.829421148587056
0.2,8776,19,253026,28.82830124188219
0.2,8777,68,253094,28.83276372750057
0.2,8778,40,253134,28.83403576717166
0.2,8779,24,253158,28.83348519362187
0.2,8780,93,253251,28.840792620430474
0.2,8781,72,253323,28.84570712821681
0.2,8782,95,253418,28.85323921211431
0.2,8783,67,253485,28.857581967213115
0.2,8784,79,253564,28.86328969834946
0.2,8785,88,253652,28.87002048713863
0.2,8786,94,253746,28.87743257084329
0.2,8787,47,253793,28.879494765589442
0.2,8788,-163,253630,28.85766298782569
0.2,8789,91,253721,28.864732650739477
0.2,8790,-23,253698,28.85883289728131
0.2,8791,89,253787,28.865673339399454
0.2,8792,93,253880,28.872967132946663
0.2,8793,55,253935,28.875938139640663
0.2,8794,5,253940,28.87322342239909
0.2,8795,-5,253935,28.8693724420191
0.2,8796,81,254016,28.875298397180856
0.2,8797,-41,253975,28.86735621732212
0.2,8798,92,254067,28.874531196726902
0.2,8799,72,254139,28.879431818181818
0.2,8800,-36,254103,28.872059993182592
0.2,8801,53,254156,28.874801181549646
0.2,8802,80,254236,28.880608883335228
0.2,8803,87,254323,28.88721035892776
0.2,8804,88,254411,28.893923906871095
0.2,8805,69,254480,28.898478310243018
0.2,8806,87,254567,28.905075508118543
0.2,8807,-54,254513,28.895663033605814
0.2,8808,24,254537,28.895107276648883
0.2,8809,-43,254494,28.886946651532348
0.2,8810,-123,254371,28.869708319146522
0.2,8811,-275,254096,28.83522469359964
0.2,8812,58,254154,28.838533983887437
0.2,8813,71,254225,28.84331744951214
0.2,8814,90,254315,28.850255246738513
0.2,8815,87,254402,28.85685117967332
0.2,8816,47,254449,28.85890892593853
0.2,8817,87,254536,28.8655023814924
0.2,8818,74,254610,28.87062025172922
0.2,8819,29,254639,28.87063492063492
0.2,8820,80,254719,28.876431243623173
0.2,8821,86,254805,28.882906370437542
0.2,8822,-134,254671,28.864445200045335
0.2,8823,-53,254618,28.855167724388032
0.2,8824,51,254669,28.857677053824364
0.2,8825,3,254672,28.854747337412192
0.2,8826,-108,254564,28.83924323099581
0.2,8827,92,254656,28.84639782510195
0.2,8828,49,254705,28.848680484766113
0.2,8829,85,254790,28.855039637599095
0.2,8830,-10,254780,28.850639791643076
0.2,8831,85,254865,28.856997282608695
0.2,8832,80,254945,28.862787274991508
0.2,8833,31,254976,28.863029205342993
0.2,8834,77,255053,28.86847764572722
0.2,8835,82,255135,28.874490719782706
0.2,8836,94,255229,28.881860359850627
0.2,8837,34,255263,28.88243946594252
0.2,8838,-6,255257,28.878493042199345
0.2,8839,78,255335,28.884049773755656
0.2,8840,93,255428,28.89130188892659
0.2,8841,-23,255405,28.88543315991857
0.2,8842,73,255478,28.890421802555693
0.2,8843,39,255517,28.891564902758933
0.2,8844,86,255603,28.89802148106275
0.2,8845,94,255697,28.905380963147184
0.2,8846,86,255783,28.91183452017633
0.2,8847,35,255818,28.9125226039783
0.2,8848,13,255831,28.910724375635667
0.2,8849,45,255876,28.912542372881354
0.2,8850,59,255935,28.915941701502653
0.2,8851,30,255965,28.916064166290106
0.2,8852,58,256023,28.919349373093866
0.2,8853,73,256096,28.92432798735035
0.2,8854,75,256171,28.92953133822699
0.2,8855,90,256261,28.936427280939476
0.2,8856,7,256268,28.93395054758948
0.2,8857,7,256275,28.93147437344773
0.2,8858,-156,256119,28.91059939045039
0.2,8859,-144,255975,28.891083521444695
0.2,8860,38,256013,28.89211149983072
0.2,8861,62,256075,28.895847438501466
0.2,8862,86,256161,28.90229042085073
0.2,8863,87,256248,28.90884476534296
0.2,8864,-10,256238,28.904455724760293
0.2,8865,1,256239,28.901308369050305
0.2,8866,-55,256184,28.891846171196573
0.2,8867,32,256216,28.892196662156067
0.2,8868,64,256280,28.89615514714173
0.2,8869,63,256343,28.9
0.2,8870,80,256423,28.905760342689664
0.2,8871,86,256509,28.912195671776374
0.2,8872,9,256518,28.909951538374845
0.2,8873,17,256535,28.908609420779808
0.2,8874,74,256609,28.91369014084507
0.2,8875,-54,256555,28.904348805768365
0.2,8876,85,256640,28.91066801847471
0.2,8877,52,256692,28.913268754223925
0.2,8878,91,256783,28.92026129068589
0.2,8879,61,256844,28.923873873873873
0.2,8880,44,256888,28.925571444657134
0.2,8881,-120,256768,28.908804323350598
0.2,8882,-56,256712,28.89924575030958
0.2,8883,-60,256652,28.88923908149482
0.2,8884,1,256653,28.88610016882386
0.2,8885,58,256711,28.889376547377896
0.2,8886,-55,256656,28.879936986609653
0.2,8887,-51,256605,28.870949594959495
0.2,8888,85,256690,28.877264034199573
0.2,8889,70,256760,28.881889763779526
0.2,8890,87,256847,28.888426498706558
0.2,8891,-198,256649,28.862910481331532
0.2,8892,-32,256617,28.85606656921174
0.2,8893,87,256704,28.862604002698447
0.2,8894,-4,256700,28.858909499718944
0.2,8895,94,256794,28.86623201438849
0.2,8896,-10,256784,28.86186354951107
0.2,8897,88,256872,28.868509777478085
0.2,8898,67,256939,28.872794696033264
0.2,8899,25,256964,28.872359550561796
0.2,8900,29,256993,28.872373890574092
0.2,8901,1,256994,28.86924286677151
0.2,8902,69,257063,28.873750421206335
0.2,8903,42,257105,28.875224618149147
0.2,8904,-30,257075,28.868613138686133
0.2,8905,39,257114,28.869750729845048
0.2,8906,-56,257058,28.860222297069722
0.2,8907,51,257109,28.862707678491244
0.2,8908,48,257157,28.864855763834324
0.2,8909,73,257230,28.869809203142538
0.2,8910,-101,257129,28.855235102682077
0.2,8911,67,257196,28.85951526032316
0.2,8912,90,257286,28.866374957926624
0.2,8913,32,257318,28.866726497644155
0.2,8914,-241,257077,28.836455412226584
0.2,8915,58,257135,28.839726334679227
0.2,8916,60,257195,28.843220814175172
0.2,8917,92,257287,28.850302758466025
0.2,8918,24,257311,28.849758941585378
0.2,8919,82,257393,28.85571748878924
0.2,8920,47,257440,28.857751373164444
0.2,8921,-356,257084,28.81461555704999
0.2,8922,91,257175,28.821584668833353
0.2,8923,87,257262,28.828103989242493
0.2,8924,-15,257247,28.823193277310924
0.2,8925,42,257289,28.824669504817386
0.2,8926,-313,256976,28.786378402598856
0.2,8927,92,257068,28.793458781362006
0.2,8928,78,257146,28.798969649456826
0.2,8929,67,257213,28.803247480403137
0.2,8930,85,257298,28.809539805172992
0.2,8931,-50,257248,28.800716524854455
0.2,8932,90,257338,28.807567446546514
0.2,8933,-28,257310,28.801208865010075
0.2,8934,-42,257268,28.793284834918857
0.2,8935,21,257289,28.792412712623097
0.2,8936,69,257358,28.79691171534072
0.2,8937,79,257437,28.802528529872454
0.2,8938,77,257514,28.80792034903233
0.2,8939,80,257594,28.81364653243848
0.2,8940,62,257656,28.817358237333632
0.2,8941,84,257740,28.823529411764707
0.2,8942,71,257811,28.828245555182825
0.2,8943,87,257898,28.83474955277281
0.2,8944,89,257987,28.84147568474008
0.2,8945,-17,257970,28.836351441985244
0.2,8946,-11,257959,28.831898960545434
0.2,8947,48,258007,28.834041126508716
0.2,8948,39,258046,28.835177114761425
0.2,8949,-141,257905,28.816201117318435
0.2,8950,92,257997,28.823259970952964
0.2,8951,84,258081,28.8294235924933
0.2,8952,77,258158,28.834803976320785
0.2,8953,41,258199,28.836162608889882
0.2,8954,-13,258186,28.831490787269683
0.2,8955,52,258238,28.83407771326485
0.2,8956,93,258331,28.84124148710506
0.2,8957,21,258352,28.840366153159188
0.2,8958,62,258414,28.84406741823864
0.2,8959,94,258508,28.851339285714285
0.2,8960,47,258555,28.853364579845998
0.2,8961,-23,258532,28.847578665476455
0.2,8962,59,258591,28.85094276469932
0.2,8963,91,258682,28.857875948237393
0.2,8964,75,258757,28.863022866703847
0.2,8965,-10,258747,28.858688378318092
0.2,8966,81,258828,28.864503178320508
0.2,8967,13,258841,28.862734165923282
0.2,8968,93,258934,28.86988515999554
0.2,8969,57,258991,28.873021181716833
0.2,8970,77,259068,28.878385910154943
0.2,8971,66,259134,28.882523406152476
0.2,8972,74,259208,28.887551543519447
0.2,8973,-17,259191,28.882438154669043
0.2,8974,60,259251,28.88590529247911
0.2,8975,52,259303,28.88848039215686
0.2,8976,94,259397,28.89573354127214
0.2,8977,-100,259297,28.88137669859657
0.2,8978,42,259339,28.882837732486912
0.2,8979,88,259427,28.889420935412026
0.2,8980,91,259518,28.89633671083398
0.2,8981,61,259579,28.899910932977065
0.2,8982,7,259586,28.897473004564176
0.2,8983,60,259646,28.90093499554764
0.2,8984,93,259739,28.90806900389538
0.2,8985,84,259823,28.914199866458937
0.2,8986,13,259836,28.91242906420385
0.2,8987,88,259924,28.919003115264797
0.2,8988,81,260005,28.92479697407943
0.2,8989,86,260091,28.93114571746385
0.2,8990,-74,260017,28.91969747525303
0.2,8991,82,260099,28.925600533807827
0.2,8992,71,260170,28.930279105971312
0.2,8993,53,260223,28.93295530353569
0.2,8994,84,260307,28.939077265147304
0.2,8995,-120,260187,28.922521120498
0.2,8996,57,260244,28.925641880626877
0.2,8997,78,260322,28.93109579906646
0.2,8998,-13,260309,28.926436270696744
0.2,8999,89,260398,28.93311111111111
0.2,9000,94,260492,28.94033996222642
0.2,9001,-45,260447,28.932126194179073
0.2,9002,-85,260362,28.91947128734866
0.2,9003,-188,260174,28.89537983118614
0.2,9004,72,260246,28.900166574125485
0.2,9005,-24,260222,28.894292693759716
0.2,9006,-136,260086,28.875985344731877
0.2,9007,7,260093,28.873556838365896
0.2,9008,-301,259792,28.836940836940837
0.2,9009,27,259819,28.836736958934516
0.2,9010,79,259898,28.842303850848964
0.2,9011,34,259932,28.842876165113182
0.2,9012,-136,259796,28.824586708088315
0.2,9013,76,259872,28.82982027956512
0.2,9014,36,259908,28.830615640599003
0.2,9015,95,260003,28.83795474711624
0.2,9016,82,260085,28.84385050460242
0.2,9017,69,260154,28.848303393213573
0.2,9018,84,260238,28.85441844993902
0.2,9019,88,260326,28.860975609756096
0.2,9020,91,260417,28.867863873184792
0.2,9021,-290,260127,28.83252050543117
0.2,9022,10,260137,28.830433337027596
0.2,9023,18,260155,28.82923315602837
0.2,9024,78,260233,28.834681440443212
0.2,9025,80,260313,28.840350099711944
0.2,9026,90,260403,28.847125290794285
0.2,9027,91,260494,28.85400974745237
0.2,9028,86,260580,28.86033890796323
0.2,9029,52,260632,28.862901439645626
0.2,9030,76,260708,28.86812091684199
0.2,9031,41,260749,28.8694641275465
0.2,9032,81,260830,28.875235248533155
0.2,9033,91,260921,28.882112021253043
0.2,9034,23,260944,28.88146098505811
0.2,9035,-129,260815,28.863988490482516
0.2,9036,87,260902,28.870421600088523
0.2,9037,-203,260699,28.844766541270193
0.2,9038,91,260790,28.851642880849653
0.2,9039,-73,260717,28.84037610619469
0.2,9040,13,260730,28.838624046012608
0.2,9041,94,260824,28.845830568458307
0.2,9042,7,260831,28.843414795974788
0.2,9043,92,260923,28.850398053958425
0.2,9044,-87,260836,28.837589828634606
0.2,9045,15,260851,28.836060137077162
0.2,9046,-14,260837,28.83132530120482
0.2,9047,45,260882,28.83311229000884
0.2,9048,32,260914,28.833462261023318
0.2,9049,94,261008,28.840662983425414
0.2,9050,31,261039,28.84090155783891
0.2,9051,37,261076,28.841802916482546
0.2,9052,67,261143,28.84601789462057
0.2,9053,34,261177,28.846587143803845
0.2,9054,71,261248,28.851242407509663
0.2,9055,-41,261207,28.843529151943464
0.2,9056,52,261259,28.846085900408525
0.2,9057,85,261344,28.852285272687126
0.2,9058,92,261436,28.859255988519703
0.2,9059,-75,261361,28.847792494481237
0.2,9060,16,261377,28.84637457234301
0.2,9061,93,261470,28.853453983668064
0.2,9062,56,261526,28.856449299349002
0.2,9063,38,261564,28.857458075904677
0.2,9064,87,261651,28.863872035300606
0.2,9065,2,261653,28.860908890359585
0.2,9066,36,261689,28.86169626116687
0.2,9067,63,261752,28.865460961623292
0.2,9068,78,261830,28.87087881795126
0.2,9069,-40,261790,28.863285556780596
0.2,9070,49,261839,28.86550545695072
0.2,9071,-287,261552,28.83068783068783
0.2,9072,-52,261500,28.82177890444175
0.2,9073,13,261513,28.820035265594004
0.2,9074,6,261519,28.817520661157026
0.2,9075,-40,261479,28.80993829881005
0.2,9076,53,261532,28.812603283023027
0.2,9077,-19,261513,28.807336417713152
0.2,9078,75,261588,28.8124242758013
0.2,9079,79,261667,28.81795154185022
0.2,9080,-49,261618,28.809382226627022
0.2,9081,38,261656,28.810394186302577
0.2,9082,23,261679,28.809754486403172
0.2,9083,91,261770,28.816600616468516
0.2,9084,26,261796,28.816290588882772
0.2,9085,69,261865,28.820713185119963
0.2,9086,94,261959,28.82788599097612
0.2,9087,62,262021,28.831536091549296
0.2,9088,80,262101,28.837165804819012
0.2,9089,-58,262043,28.82761276127613
0.2,9090,71,262114,28.832251677483224
0.2,9091,71,262185,28.83688957325121
0.2,9092,82,262267,28.842736170680745
0.2,9093,72,262339,28.8474818561689
0.2,9094,-46,262293,28.8392523364486
0.2,9095,-65,262228,28.828935795954266
0.2,9096,-23,262205,28.82323843025173
0.2,9097,72,262277,28.82798417234557
0.2,9098,73,262350,28.83283877349159
0.2,9099,-6,262344,28.82901098901099
0.2,9100,75,262419,28.834084166575103
0.2,9101,55,262474,28.836958910129642
0.2,9102,94,262568,28.844117323959136
0.2,9103,-81,262487,28.832051845342708
0.2,9104,69,262556,28.836463481603513
0.2,9105,77,262633,28.841752690533713
0.2,9106,-67,262566,28.831228725156475
0.2,9107,-12,262554,28.826745718050066
0.2,9108,85,262639,28.83291250411681
0.2,9109,64,262703,28.836772777167948
0.2,9110,84,262787,28.84282735155307
0.2,9111,90,262877,28.849539069359086
0.2,9112,58,262935,28.85273784703171
0.2,9113,6,262941,28.850230414746544
0.2,9114,24,262965,28.849698299506308
0.2,9115,61,263026,28.853225098727513
0.2,9116,87,263113,28.85960293956345
0.2,9117,-15,263098,28.85479271770125
0.2,9118,-53,263045,28.84581642723983
0.2,9119,1,263046,28.842763157894737
0.2,9120,30,263076,28.8428900339875
0.2,9121,82,263158,28.84871738653804
0.2,9122,1,263159,28.845664803244546
0.2,9123,81,263240,28.851380973257342
0.2,9124,7,263247,28.848986301369862
0.2,9125,85,263332,28.85513916283147
0.2,9126,22,263354,28.85438807932508
0.2,9127,69,263423,28.85878615249781
0.2,9128,72,263495,28.863511885201007
0.2,9129,-44,263451,28.855531215772178
0.2,9130,-9,263442,28.851385390428213
0.2,9131,73,263515,28.85621988611476
0.2,9132,-43,263472,28.848352129639768
0.2,9133,54,263526,28.851105758703746
0.2,9134,19,263545,28.850027367268748
0.2,9135,31,263576,28.850262697022767
0.2,9136,87,263663,28.856626901608845
0.2,9137,-215,263448,28.82994090610637
0.2,9138,64,263512,28.833789254841886
0.2,9139,90,263602,28.840481400437636
0.2,9140,23,263625,28.83984246800131
0.2,9141,61,263686,28.843360315029535
0.2,9142,93,263779,28.850377337854095
0.2,9143,-8,263771,28.84634733158355
0.2,9144,42,263813,28.847785675232366
0.2,9145,88,263901,28.85425322545375
0.2,9146,79,263980,28.8597354323822
0.2,9147,58,264038,28.862920857017926
0.2,9148,-113,263925,28.84741501803476
0.2,9149,45,263970,28.84918032786885
0.2,9150,35,264005,28.84985247513933
0.2,9151,31,264036,28.850087412587413
0.2,9152,-36,264000,28.84300229432973
0.2,9153,60,264060,28.846405942757265
0.2,9154,91,264151,28.853194975423268
0.2,9155,87,264238,28.859545653123636
0.2,9156,-66,264172,28.84918641476466
0.2,9157,-38,264134,28.84188687486351
0.2,9158,-1,264133,28.83862867125232
0.2,9159,68,264201,28.842903930131005
0.2,9160,93,264294,28.8499072153695
0.2,9161,88,264382,28.856363239467367
0.2,9162,88,264470,28.862817854414494
0.2,9163,74,264544,28.867743343518114
0.2,9164,66,264610,28.871794871794872
0.2,9165,66,264676,28.87584551603753
0.2,9166,94,264770,28.882949710919604
0.2,9167,19,264789,28.881871727748692
0.2,9168,51,264840,28.884284000436253
0.2,9169,81,264921,28.889967284623772
0.2,9170,79,265000,28.895431250681497
0.2,9171,33,265033,28.895878761447886
0.2,9172,-87,264946,28.883244303935463
0.2,9173,93,265039,28.89023326793111
0.2,9174,-8,265031,28.886212534059947
0.2,9175,39,265070,28.88731473408893
0.2,9176,-4,265066,28.883731066797427
0.2,9177,19,265085,28.882654173022445
0.2,9178,-170,264915,28.860987035624795
0.2,9179,-191,264724,28.83703703703704
0.2,9180,93,264817,28.844025705260865
0.2,9181,10,264827,28.841973426268787
0.2,9182,92,264919,28.84885113797234
0.2,9183,2,264921,28.845927700348433
0.2,9184,81,265002,28.85160587915079
0.2,9185,82,265084,28.857391682995864
0.2,9186,81,265165,28.86306737781648
0.2,9187,84,265249,28.869068350021767
0.2,9188,91,265340,28.87582979649581
0.2,9189,-1,265339,28.872578890097934
0.2,9190,-53,265286,28.863670982482862
0.2,9191,87,265373,28.869995648389903
0.2,9192,65,265438,28.873925813118678
0.2,9193,3,265441,28.871111594518165
0.2,9194,89,265530,28.877650897226754
0.2,9195,83,265613,28.88353632013919
0.2,9196,86,265699,28.88974665651843
0.2,9197,51,265750,28.892150467492932
0.2,9198,33,265783,28.892597021415373
0.2,9199,93,265876,28.899565217391306
0.2,9200,89,265965,28.90609716335181
0.2,9201,35,266000,28.906759400130408
0.2,9202,51,266051,28.909160056503314
0.2,9203,93,266144,28.916123424598002
0.2,9204,9,266153,28.9139598044541
0.2,9205,91,266244,28.920703888768195
0.2,9206,43,266287,28.922233083523405
0.2,9207,-124,266163,28.90562554300608
0.2,9208,37,266200,28.906504506461072
0.2,9209,-67,266133,28.896091205211725
0.2,9210,17,266150,28.894799696015635
0.2,9211,29,266179,28.894811115935735
0.2,9212,12,266191,28.892977314664062
0.2,9213,-9,266182,28.88886477100065
0.2,9214,30,266212,28.88898534997287
0.2,9215,73,266285,28.89377170138889
0.2,9216,85,266370,28.899858956276447
0.2,9217,-5,266365,28.89618138424821
0.2,9218,77,266442,28.901399284087212
0.2,9219,86,266528,28.90759219088937
0.2,9220,24,266552,28.90705997180349
0.2,9221,85,266637,28.913142485361092
0.2,9222,66,266703,28.917163612707363
0.2,9223,51,266754,28.919557675628795
0.2,9224,6,266760,28.917073170731708
0.2,9225,95,266855,28.92423585519185
0.2,9226,-103,266752,28.909938224775118
0.2,9227,84,266836,28.915908105765062
0.2,9228,47,266883,28.91786759128833
0.2,9229,15,266898,28.916359696641386
0.2,9230,-177,266721,28.894052648683783
0.2,9231,29,266750,28.894064124783363
0.2,9232,43,266793,28.8955918986245
0.2,9233,62,266855,28.89917695473251
0.2,9234,-24,266831,28.89344883595019
0.2,9235,17,266848,28.892161108705068
0.2,9236,89,266937,28.89866839883079
0.2,9237,80,267017,28.904200043299415
0.2,9238,60,267077,28.907565753869466
0.2,9239,84,267161,28.91352813852814
0.2,9240,77,267238,28.918731738989287
0.2,9241,12,267250,28.916901103657217
0.2,9242,-53,267197,28.908038515633454
0.2,9243,56,267253,28.910969277369105
0.2,9244,9,267262,28.90881557598702
0.2,9245,-17,267245,28.903850313649144
0.2,9246,82,267327,28.90959230020547
0.2,9247,91,267418,28.916306228373703
0.2,9248,67,267485,28.9204238296032
0.2,9249,61,267546,28.92389189189189
0.2,9250,-130,267416,28.906712787806725
0.2,9251,4,267420,28.90402075226978
0.2,9252,-332,267088,28.865016751323896
0.2,9253,-4,267084,28.861465312297383
0.2,9254,84,267168,28.86742301458671
0.2,9255,87,267255,28.873703543647363
0.2,9256,84,267339,28.879658636707358
0.2,9257,7,267346,28.877295312162452
0.2,9258,2,267348,28.874392482989524
0.2,9259,3,267351,28.87159827213823
0.2,9260,80,267431,28.877119101608898
0.2,9261,89,267520,28.883610451306414
0.2,9262,73,267593,28.888373097268705
0.2,9263,46,267639,28.890220207253886
0.2,9264,89,267728,28.89670804101457
0.2,9265,86,267814,28.90287071012303
0.2,9266,65,267879,28.90676594367109
0.2,9267,94,267973,28.913789382822614
0.2,9268,-18,267955,28.908728018124933
0.2,9269,-15,267940,28.903991370010786
0.2,9270,-23,267917,28.898392837881566
0.2,9271,8,267925,28.89613891285591
0.2,9272,-17,267908,28.891189474819367
0.2,9273,72,267980,28.89583782618072
0.2,9274,28,268008,28.895741239892182
0.2,9275,40,268048,28.896938335489434
0.2,9276,-206,267842,28.871617979950415
0.2,9277,12,267854,28.869799525759863
0.2,9278,87,267941,28.87606423105938
0.2,9279,93,268034,28.882974137931033
0.2,9280,-186,267848,28.859821139963366
0.2,9281,76,267924,28.864899806076277
0.2,9282,70,267994,28.86933103522568
0.2,9283,70,268064,28.873761309780267
0.2,9284,-128,267936,28.85686591276252
0.2,9285,87,268023,28.863127288391127
0.2,9286,-49,267974,28.854743189404545
0.2,9287,17,267991,28.853466838931954
0.2,9288,40,268031,28.854666810205618
0.2,9289,21,268052,28.853821313240044
0.2,9290,88,268140,28.86018727801098
0.2,9291,88,268228,28.86655187257856
0.2,9292,-60,268168,28.856989131604433
0.2,9293,90,268258,28.86356789326447
0.2,9294,55,268313,28.866379774072083
0.2,9295,86,268399,28.87252581755594
0.2,9296,80,268479,28.878025169409486
0.2,9297,91,268570,28.88470638847064
0.2,9298,87,268657,28.890956016776
0.2,9299,93,268750,28.897849462365592
0.2,9300,40,268790,28.899043113643692
0.2,9301,-184,268606,28.87615566544829
0.2,9302,91,268697,28.882833494571642
0.2,9303,55,268752,28.885640584694755
0.2,9304,26,268778,28.885330467490597
0.2,9305,18,268796,28.88416075650118
0.2,9306,88,268884,28.890512517459975
0.2,9307,16,268900,28.88912763214439
0.2,9308,82,268982,28.8948329573531
0.2,9309,73,269055,28.899570354457573
0.2,9310,33,269088,28.900010739984964
0.2,9311,92,269180,28.906786941580755
0.2,9312,91,269271,28.913454311177922
0.2,9313,74,269345,28.918295039725145
0.2,9314,89,269434,28.924745034889963
0.2,9315,-29,269405,28.918527264920566
0.2,9316,86,269491,28.924653858538157
0.2,9317,90,269581,28.93120841382271
0.2,9318,82,269663,28.936903101191113
0.2,9319,32,269695,28.93723175965665
0.2,9320,-33,269662,28.930586846904838
0.2,9321,-88,269574,28.918043338339412
0.2,9322,52,269626,28.920519146197577
0.2,9323,-56,269570,28.91141141141141
0.2,9324,-83,269487,28.89941018766756
0.2,9325,49,269536,28.901565515762385
0.2,9326,-20,269516,28.896322504556665
0.2,9327,82,269598,28.902015437392794
0.2,9328,95,269693,28.909100653875015
0.2,9329,-8,269685,28.905144694533764
0.2,9330,74,269759,28.909977494373592
0.2,9331,-65,269694,28.899914273467637
0.2,9332,51,269745,28.902282224365155
0.2,9333,15,269760,28.90079280051425
0.2,9334,62,269822,28.904338510980182
0.2,9335,94,269916,28.911311053984576
0.2,9336,41,269957,28.912605762022064
0.2,9337,-29,269928,28.9064039408867
0.2,9338,-128,269800,28.889602741192846
0.2,9339,62,269862,28.893147751605994
0.2,9340,88,269950,28.89947543089605
0.2,9341,80,270030,28.90494540783558
0.2,9342,-5,270025,28.901316493631597
0.2,9343,69,270094,28.905607876712327
0.2,9344,14,270108,28.904012841091493
0.2,9345,79,270187,28.909372993794136
0.2,9346,80,270267,28.914838985770835
0.2,9347,84,270351,28.920731707317074
0.2,9348,47,270398,28.922665525724675
0.2,9349,13,270411,28.92096256684492
0.2,9350,55,270466,28.92375147043097
0.2,9351,62,270528,28.927288280581692
0.2,9352,84,270612,28.933176520902386
0.2,9353,20,270632,28.932221509514648
0.2,9354,15,270647,28.930732228754678
0.2,9355,92,270739,28.937473279179137
0.2,9356,-184,270555,28.914716255210003
0.2,9357,-151,270404,28.895490489420816
0.2,9358,-20,270384,28.890266054065606
0.2,9359,83,270467,28.896047008547008
0.2,9360,90,270557,28.902574511270164
0.2,9361,88,270645,28.90888698995941
0.2,9362,6,270651,28.906440243511696
0.2,9363,23,270674,28.90580948312687
0.2,9364,63,270737,28.909450080085424
0.2,9365,41,270778,28.910740978005553
0.2,9366,93,270871,28.917583004163554
0.2,9367,92,270963,28.92431682322801
0.2,9368,-158,270805,28.904365460561426
0.2,9369,-11,270794,28.900106723585914
0.2,9370,-14,270780,28.895528758937147
0.2,9371,63,270843,28.899167733674776
0.2,9372,-39,270804,28.891923610370213
0.2,9373,-62,270742,28.882227437593343
0.2,9374,19,270761,28.881173333333333
0.2,9375,-70,270691,28.870627133105803
0.2,9376,-114,270577,28.85539084995201
0.2,9377,-68,270509,28.845062913201108
0.2,9378,75,270584,28.849984006823757
0.2,9379,62,270646,28.853518123667378
0.2,9380,58,270704,28.85662509327364
0.2,9381,10,270714,28.85461522063526
0.2,9382,75,270789,28.85953319833742
0.2,9383,89,270878,28.865942028985508
0.2,9384,50,270928,28.868193926478423
0.2,9385,-86,270842,28.85595567867036
0.2,9386,55,270897,28.858740811760946
0.2,9387,85,270982,28.86472092032382
0.2,9388,53,271035,28.867291511343062
0.2,9389,-88,270947,28.854845580404685
0.2,9390,62,271009,28.85837503993185
0.2,9391,21,271030,28.857538330494037
0.2,9392,86,271116,28.863621846055572
0.2,9393,24,271140,28.86310410900575
0.2,9394,74,271214,28.867908461947845
0.2,9395,41,271255,28.869199659429544
0.2,9396,60,271315,28.872512503990635
0.2,9397,-67,271248,28.862311130027667
0.2,9398,93,271341,28.86913501436323
0.2,9399,-38,271303,28.862021276595744
0.2,9400,-24,271279,28.856398255504732
0.2,9401,75,271354,28.861306105084026
0.2,9402,37,271391,28.862171647346592
0.2,9403,-20,271371,28.856975754997872
0.2,9404,66,271437,28.86092503987241
0.2,9405,13,271450,28.85923878375505
0.2,9406,72,271522,28.863824811310725
0.2,9407,76,271598,28.868835034013607
0.2,9408,28,271626,28.86874269316612
0.2,9409,89,271715,28.875132837407016
0.2,9410,-276,271439,28.84273722239932
0.2,9411,73,271512,28.847428814279642
0.2,9412,58,271570,28.85052586847976
0.2,9413,89,271659,28.85691523263225
0.2,9414,-137,271522,28.839298990971855
0.2,9415,-101,271421,28.82550977060323
0.2,9416,83,271504,28.83126261017309
0.2,9417,74,271578,28.8360586111701
0.2,9418,93,271671,28.84287079307782
0.2,9419,88,271759,28.849150743099788
0.2,9420,-14,271745,28.844602483812757
0.2,9421,92,271837,28.85130545531734
0.2,9422,88,271925,28.85758251087764
0.2,9423,6,271931,28.855157045840407
0.2,9424,86,272017,28.861220159151195
0.2,9425,-153,271864,28.841926586038618
0.2,9426,63,271927,28.845550015911744
0.2,9427,86,272013,28.85161221892236
0.2,9428,70,272083,28.855976243504085
0.2,9429,82,272165,28.861611876988334
0.2,9430,4,272169,28.85897571837557
0.2,9431,69,272238,28.86323155216285
0.2,9432,-82,272156,28.851478850842785
0.2,9433,88,272244,28.857748569005725
0.2,9434,77,272321,28.8628510863805
0.2,9435,69,272390,28.867104705383635
0.2,9436,78,272468,28.872311115820704
0.2,9437,54,272522,28.87497351133715
0.2,9438,79,272601,28.880283928382244
0.2,9439,80,272681,28.885699152542372
0.2,9440,-10,272671,28.881580341065565
0.2,9441,-105,272566,28.867400974369836
0.2,9442,-15,272551,28.86275548024992
0.2,9443,11,272562,28.860864040660736
0.2,9444,-108,272454,28.846373742721017
0.2,9445,74,272528,28.851153927588395
0.2,9446,-41,272487,28.843759923785328
0.2,9447,-85,272402,28.831710414902624
0.2,9448,67,272469,28.835749814795218
0.2,9449,-151,272318,28.816719576719578
0.2,9450,-40,272278,28.809438154692625
0.2,9451,-419,271859,28.762060939483707
0.2,9452,77,271936,28.767163863323812
0.2,9453,94,272030,28.77406388830125
0.2,9454,73,272103,28.77874140666314
0.2,9455,-129,271974,28.76205583756345
0.2,9456,82,272056,28.767685312466956
0.2,9457,85,272141,28.773630788750264
0.2,9458,73,272214,28.778306374881065
0.2,9459,90,272304,28.78477801268499
0.2,9460,15,272319,28.783321002008243
0.2,9461,82,272401,28.788945254703023
0.2,9462,14,272415,28.787382436859346
0.2,9463,77,272492,28.792476754015215
0.2,9464,59,272551,28.79566825145272
0.2,9465,63,272614,28.79928163955208
0.2,9466,89,272703,28.805640646456112
0.2,9467,88,272791,28.811892691170257
0.2,9468,72,272863,28.816453690991658
0.2,9469,47,272910,28.818373812038015
0.2,9470,57,272967,28.821349382324993
0.2,9471,79,273046,28.82664695945946
0.2,9472,-18,273028,28.821703789718146
0.2,9473,-51,272977,28.813278446274012
0.2,9474,90,273067,28.819736147757254
0.2,9475,65,273132,28.82355424229633
0.2,9476,90,273222,28.830009496676162
0.2,9477,-48,273174,28.821903355138215
0.2,9478,-48,273126,28.813798923937124
0.2,9479,90,273216,28.820253164556963
0.2,9480,45,273261,28.821959708891466
0.2,9481,25,273286,28.821556633621597
0.2,9482,87,273373,28.82769165875778
0.2,9483,-25,273348,28.82201602699283
0.2,9484,39,273387,28.823089088033736
0.2,9485,42,273429,28.82447817836812
0.2,9486,-34,273395,28.817856013492147
0.2,9487,83,273478,28.823566610455313
0.2,9488,-51,273427,28.815154389292864
0.2,9489,79,273506,28.820442571127504
0.2,9490,18,273524,28.81930249710252
0.2,9491,56,273580,28.822166034555416
0.2,9492,-60,273520,28.812809438533655
0.2,9493,-58,273462,28.803665472930273
0.2,9494,-68,273394,28.793470247498682
0.2,9495,82,273476,28.799073294018534
0.2,9496,64,273540,28.80277982520796
0.2,9497,91,273631,28.809328279637818
0.2,9498,16,273647,28.807979787346035
0.2,9499,8,273655,28.80578947368421
0.2,9500,-172,273483,28.784654246921377
0.2,9501,69,273552,28.78888655019996
0.2,9502,-197,273355,28.765126802062507
0.2,9503,76,273431,28.770096801346803
0.2,9504,87,273518,28.776223040505
0.2,9505,73,273591,28.780875236692616
0.2,9506,42,273633,28.78226569895866
0.2,9507,-117,273516,28.766933108960874
0.2,9508,35,273551,28.767588600273424
0.2,9509,51,273602,28.769926393270243
0.2,9510,-238,273364,28.741877825675534
0.2,9511,38,273402,28.742851135407907
0.2,9512,84,273486,28.74865972879218
0.2,9513,64,273550,28.75236493588396
0.2,9514,78,273628,28.757540725170784
0.2,9515,-105,273523,28.743484657419085
0.2,9516,85,273608,28.749395818009877
0.2,9517,-109,273499,28.734923303214963
0.2,9518,-23,273476,28.729488391637776
0.2,9519,73,273549,28.734138655462186
0.2,9520,-35,273514,28.727444596155866
0.2,9521,-283,273231,28.69470699432892
0.2,9522,73,273304,28.699359445552872
0.2,9523,93,273397,28.706110877782443
0.2,9524,93,273490,28.712860892388452
0.2,9525,76,273566,28.717824900272937
0.2,9526,94,273660,28.724677233126904
0.2,9527,14,273674,28.723131821998322
0.2,9528,18,273692,28.722006506453983
0.2,9529,35,273727,28.722665267576076
0.2,9530,-111,273616,28.70800545588081
0.2,9531,69,273685,28.712232480067144
0.2,9532,42,273727,28.713626350571698
0.2,9533,22,273749,28.712922173274595
0.2,9534,86,273835,28.718930256948084
0.2,9535,92,273927,28.725566275167786
0.2,9536,62,273989,28.729055258467024
0.2,9537,86,274075,28.735059760956176
0.2,9538,79,274154,28.74032917496593
0.2,9539,93,274247,28.74706498951782
0.2,9540,-99,274148,28.733675715333824
0.2,9541,93,274241,28.740410815342695
0.2,9542,90,274331,28.746830137273395
0.2,9543,65,274396,28.75062866722548
0.2,9544,-41,274355,28.743321110529074
0.2,9545,-73,274282,28.732662895453593
0.2,9546,89,274371,28.73897559442757
0.2,9547,10,274381,28.73701298701299
0.2,9548,-72,274309,28.726463504031837
0.2,9549,66,274375,28.730366492146597
0.2,9550,51,274426,28.732698146790913
0.2,9551,94,274520,28.73953098827471
0.2,9552,-8,274512,28.735685125091596
0.2,9553,66,274578,28.739585513920872
0.2,9554,-48,274530,28.73155416012559
0.2,9555,-26,274504,28.725826705734615
0.2,9556,-46,274458,28.71800774301559
0.2,9557,29,274487,28.718037246285835
0.2,9558,87,274574,28.724134323674026
0.2,9559,-15,274559,28.719560669456065
0.2,9560,93,274652,28.726283861520763
0.2,9561,-109,274543,28.711880359757373
0.2,9562,31,274574,28.712119627731884
0.2,9563,-46,274528,28.7043078209954
0.2,9564,33,274561,28.70475692629378
0.2,9565,-31,274530,28.69851557599833
0.2,9566,-58,274472,28.689453329152293
0.2,9567,70,274542,28.693770903010034
0.2,9568,90,274632,28.700177657017452
0.2,9569,-112,274520,28.685475444096134
0.2,9570,40,274560,28.686657611534844
0.2,9571,-88,274472,28.6744671959883
0.2,9572,66,274538,28.678366238378775
0.2,9573,91,274629,28.684875705034468
0.2,9574,85,274714,28.69075718015666
0.2,9575,29,274743,28.69078947368421
0.2,9576,42,274785,28.692179179283702
0.2,9577,63,274848,28.695761119231573
0.2,9578,83,274931,28.701430211921913
0.2,9579,93,275024,28.708141962421713
0.2,9580,58,275082,28.71119924851268
0.2,9581,-10,275072,28.707159256940095
0.2,9582,61,275133,28.710529061880415
0.2,9583,-26,275107,28.704820534223707
0.2,9584,30,275137,28.704955659885236
0.2,9585,29,275166,28.70498643855623
0.2,9586,62,275228,28.70845937206634
0.2,9587,65,275293,28.712244472256987
0.2,9588,93,275386,28.71894879549484
0.2,9589,56,275442,28.72179353493222
0.2,9590,58,275500,28.72484620998853
0.2,9591,88,275588,28.731025854879064
0.2,9592,51,275639,28.733347232356927
0.2,9593,77,275716,28.7383781530123
0.2,9594,93,275809,28.745075560187598
0.2,9595,19,275828,28.74406002501042
0.2,9596,75,275903,28.748879858289047
0.2,9597,88,275991,28.755053136070014
0.2,9598,-66,275925,28.745181789769767
0.2,9599,54,275979,28.7478125
0.2,9600,50,276029,28.750026038954275
0.2,9601,-74,275955,28.73932514059571
0.2,9602,58,276013,28.742372175361865
0.2,9603,56,276069,28.74521032902957
0.2,9604,3,276072,28.742529932326914
0.2,9605,84,276156,28.748282323547784
0.2,9606,-10,276146,28.74424898511502
0.2,9607,-11,276135,28.74011240632806
0.2,9608,88,276223,28.74627952960766
0.2,9609,44,276267,28.74786680541103
0.2,9610,60,276327,28.751118510040577
0.2,9611,39,276366,28.752184769038703
0.2,9612,67,276433,28.75616352855508
0.2,9613,91,276524,28.76263781984606
0.2,9614,70,276594,28.766926677067083
0.2,9615,90,276684,28.773294509151416
0.2,9616,-79,276605,28.76208796922117
0.2,9617,-45,276560,28.75441879808692
0.2,9618,17,276577,28.753196798003952
0.2,9619,14,276591,28.751663201663202
0.2,9620,88,276679,28.757821432283546
0.2,9621,77,276756,28.762835169403452
0.2,9622,87,276843,28.76888704146316
0.2,9623,-220,276623,28.743038237738986
0.2,9624,-45,276578,28.735376623376624
0.2,9625,25,276603,28.734988572615833
0.2,9626,45,276648,28.73667809286382
0.2,9627,-163,276485,28.71676360614873
0.2,9628,68,276553,28.720843285907154
0.2,9629,-49,276504,28.712772585669782
0.2,9630,-153,276351,28.693905098120652
0.2,9631,8,276359,28.69175664451827
0.2,9632,15,276374,28.69033530571992
0.2,9633,-131,276243,28.673759601411668
0.2,9634,87,276330,28.679813181110536
0.2,9635,70,276400,28.684101286841013
0.2,9636,82,276482,28.68963370343468
0.2,9637,-48,276434,28.681676696410044
0.2,9638,89,276523,28.68793443303247
0.2,9639,-79,276444,28.676763485477178
0.2,9640,-19,276425,28.671818276112436
0.2,9641,93,276518,28.678489939846504
0.2,9642,86,276604,28.68443430467697
0.2,9643,9,276613,28.68239319784322
0.2,9644,65,276678,28.686158631415243
0.2,9645,21,276699,28.685361808003318
0.2,9646,80,276779,28.690681040738053
0.2,9647,47,276826,28.692578772802655
0.2,9648,-183,276643,28.670639444502022
0.2,9649,86,276729,28.67658031088083
0.2,9650,42,276771,28.677960833074295
0.2,9651,92,276863,28.684521342726896
0.2,9652,91,276954,28.690976898373563
0.2,9653,64,277018,28.6946343484566
0.2,9654,56,277074,28.69746245468669
0.2,9655,93,277167,28.704121789560894
0.2,9656,64,277231,28.7077767422595
0.2,9657,43,277274,28.70925657486022
0.2,9658,49,277323,28.711357283362666
0.2,9659,-88,277235,28.69927536231884
0.2,9660,49,277284,28.701376669081874
0.2,9661,55,277339,28.704098530324984
0.2,9662,-86,277253,28.692228086515573
0.2,9663,77,277330,28.697226821192054
0.2,9664,-3,277327,28.693947232281428
0.2,9665,6,277333,28.6915994206497
0.2,9666,-154,277179,28.67270094134685
0.2,9667,85,277264,28.678527099710386
0.2,9668,70,277334,28.68280070327852
0.2,9669,86,277420,28.688728024819028
0.2,9670,-39,277381,28.68172888015717
0.2,9671,81,277462,28.687138130686517
0.2,9672,56,277518,28.6899617491988
0.2,9673,-94,277424,28.67727930535456
0.2,9674,82,277506,28.68279069767442
0.2,9675,26,277532,28.682513435303843
0.2,9676,-59,277473,28.673452516275706
0.2,9677,84,277557,28.67916924984501
0.2,9678,94,277651,28.6859179667321
0.2,9679,50,277701,28.688119834710744
0.2,9680,91,277792,28.694556347484763
0.2,9681,22,277814,28.693864903945467
0.2,9682,29,277843,28.693896519673654
0.2,9683,64,277907,28.69754233787691
0.2,9684,-107,277800,28.683531233866805
0.2,9685,-21,277779,28.678401817055544
0.2,9686,24,277803,28.677918860328276
0.2,9687,-202,277601,28.654108175061932
0.2,9688,-157,277444,28.63494684693983
0.2,9689,-51,277393,28.62672858617131
0.2,9690,18,277411,28.625632029718297
0.2,9691,-214,277197,28.600598431696245
0.2,9692,35,277232,28.601258640255853
0.2,9693,6,277238,28.598927171446256
0.2,9694,84,277322,28.60464156781846
0.2,9695,94,277416,28.611386138613863
0.2,9696,17,277433,28.610188718160256
0.2,9697,-34,277399,28.603732728397606
0.2,9698,-37,277362,28.596968759665945
0.2,9699,92,277454,28.603505154639176
0.2,9700,12,277466,28.601793629522728
0.2,9701,-136,277330,28.584827870542156
0.2,9702,92,277422,28.591363495826034
0.2,9703,52,277474,28.593775762572136
0.2,9704,-12,277462,28.58959299330242
0.2,9705,72,277534,28.594065526478467
0.2,9706,87,277621,28.60008241475224
0.2,9707,-45,277576,28.592501030078285
0.2,9708,72,277648,28.596971881759192
0.2,9709,43,277691,28.598455200823892
0.2,9710,70,277761,28.602718566573987
0.2,9711,85,277846,28.6085255354201
0.2,9712,-101,277745,28.595181715227014
0.2,9713,86,277831,28.60109120856496
0.2,9714,69,277900,28.60524961399897
0.2,9715,-27,277873,28.599526554137505
0.2,9716,83,277956,28.60512503859216
0.2,9717,39,277995,28.606194690265486
0.2,9718,56,278051,28.60901327297047
0.2,9719,94,278145,28.61574074074074
0.2,9720,44,278189,28.617323320646022
0.2,9721,-229,277960,28.590824933141327
0.2,9722,88,278048,28.59693510233467
0.2,9723,89,278137,28.603146853146853
0.2,9724,55,278192,28.60586118251928
0.2,9725,88,278280,28.611967921036396
0.2,9726,55,278335,28.614680785442584
0.2,9727,53,278388,28.6171875
0.2,9728,25,278413,28.616815705622365
0.2,9729,57,278470,28.619732785200412
0.2,9730,35,278505,28.620388449285787
0.2,9731,92,278597,28.626900945334977
0.2,9732,88,278685,28.633001130175693
0.2,9733,42,278727,28.63437435792069
0.2,9734,89,278816,28.640575243965074
0.2,9735,15,278831,28.63917419884963
0.2,9736,94,278925,28.645886823456916
0.2,9737,87,279012,28.651879235982747
0.2,9738,95,279107,28.658691857480235
0.2,9739,58,279165,28.66170431211499
0.2,9740,67,279232,28.665640078020736
0.2,9741,-90,279142,28.653459248614247
0.2,9742,93,279235,28.660063635430564
0.2,9743,48,279283,28.662048440065682
0.2,9744,94,279377,28.668753206772703
0.2,9745,18,279395,28.667658526575003
0.2,9746,64,279459,28.671283471837487
0.2,9747,92,279551,28.67778005744768
0.2,9748,94,279645,28.68448045953431
0.2,9749,-1,279644,28.681435897435897
0.2,9750,88,279732,28.687519228797047
0.2,9751,90,279822,28.69380639868745
0.2,9752,57,279879,28.69670870501384
0.2,9753,50,279929,28.698892761943817
0.2,9754,-52,279877,28.690620194771913
0.2,9755,47,279924,28.692496924969248
0.2,9756,50,279974,28.694680742031363
0.2,9757,74,280048,28.69932363189178
0.2,9758,74,280122,28.703965570242854
0.2,9759,92,280214,28.710450819672133
0.2,9760,79,280293,28.715602909537957
0.2,9761,88,280381,28.721675886088917
0.2,9762,93,280474,28.72825975622247
0.2,9763,48,280522,28.730233510856205
0.2,9764,68,280590,28.73425499231951
0.2,9765,46,280636,28.73602293671923
0.2,9766,-65,280571,28.726425719258728
0.2,9767,25,280596,28.726044226044227
0.2,9768,-19,280577,28.721158767529943
0.2,9769,92,280669,28.72763561924258
0.2,9770,-46,280623,28.719987718759594
0.2,9771,66,280689,28.723802701596398
0.2,9772,-45,280644,28.71625908114192
0.2,9773,32,280676,28.71659504808676
0.2,9774,53,280729,28.719079283887467
0.2,9775,-2,280727,28.715936988543373
0.2,9776,31,280758,28.716170604479903
0.2,9777,78,280836,28.721210881570872
0.2,9778,89,280925,28.727374987217505
0.2,9779,46,280971,28.729141104294477
0.2,9780,50,281021,28.731315816378693
0.2,9781,90,281111,28.73757922715191
0.2,9782,83,281194,28.743125830522334
0.2,9783,79,281273,28.748262469337693
0.2,9784,84,281357,28.7539090444558
0.2,9785,18,281375,28.752810136930307
0.2,9786,7,281382,28.75058751404925
0.2,9787,90,281472,28.756845116469147
0.2,9788,40,281512,28.7579936663602
0.2,9789,69,281581,28.762104187946886
0.2,9790,76,281657,28.766928812174445
0.2,9791,-45,281612,28.7593954248366
0.2,9792,12,281624,28.757684060042887
0.2,9793,75,281699,28.762405554421075
0.2,9794,80,281779,28.767636549259826
0.2,9795,52,281831,28.77000816659861
0.2,9796,89,281920,28.776155966112075
0.2,9797,46,281966,28.777913859971424
0.2,9798,15,281981,28.776507806919074
0.2,9799,92,282073,28.78295918367347
0.2,9800,84,282157,28.78859300071421
0.2,9801,86,282243,28.79442970822281
0.2,9802,65,282308,28.798123023564216
0.2,9803,-39,282269,28.791207670338636
0.2,9804,54,282323,28.793778684344723
0.2,9805,81,282404,28.799102590250868
0.2,9806,-88,282316,28.787192821454063
0.2,9807,68,282384,28.791190864600328
0.2,9808,88,282472,28.797227036395146
0.2,9809,81,282553,28.802548419979612
0.2,9810,78,282631,28.807562939557638
0.2,9811,56,282687,28.81033428454953
0.2,9812,68,282755,28.81432793233466
0.2,9813,23,282778,28.813735479926635
0.2,9814,63,282841,28.81721854304636
0.2,9815,4,282845,28.81469030154849
0.2,9816,-170,282675,28.7944382194153
0.2,9817,64,282739,28.798024037482175
0.2,9818,85,282824,28.803747835828496
0.2,9819,79,282903,28.80885947046843
0.2,9820,86,282989,28.814682822523164
0.2,9821,89,283078,28.82081042557524
0.2,9822,90,283168,28.82703858291764
0.2,9823,72,283240,28.8314332247557
0.2,9824,84,283324,28.83704834605598
0.2,9825,66,283390,28.84083044982699
0.2,9826,94,283484,28.847461076625624
0.2,9827,88,283572,28.853479853479854
0.2,9828,78,283650,28.85848000813918
0.2,9829,84,283734,28.864089521871822
0.2,9830,51,283785,28.866341165700337
0.2,9831,58,283843,28.869304312449145
0.2,9832,85,283928,28.875012712295334
0.2,9833,87,284015,28.88092332723205
0.2,9834,73,284088,28.88540925266904
0.2,9835,83,284171,28.89091093940626
0.2,9836,-40,284131,28.8839076954356
0.2,9837,59,284190,28.886968896117097
0.2,9838,81,284271,28.89226547413355
0.2,9839,-62,284209,28.883028455284553
0.2,9840,-70,284139,28.872980388171932
0.2,9841,79,284218,28.87807356228409
0.2,9842,71,284289,28.88235294117647
0.2,9843,60,284349,28.885514018691588
0.2,9844,88,284437,28.891518537328594
0.2,9845,-19,284418,28.886654478976233
0.2,9846,55,284473,28.889306387732304
0.2,9847,78,284551,28.894293257514217
0.2,9848,91,284642,28.900599045588386
0.2,9849,46,284688,28.90233502538071
0.2,9850,82,284770,28.90772510405035
0.2,9851,4,284774,28.905196914332116
0.2,9852,73,284847,28.909672181061605
0.2,9853,53,284900,28.912116906839863
0.2,9854,-56,284844,28.90350076103501
0.2,9855,8,284852,28.90137987012987
0.2,9856,87,284939,28.907274018464037
0.2,9857,88,285027,28.913268411442484
0.2,9858,7,285034,28.911045745004564
0.2,9859,61,285095,28.914300202839758
0.2,9860,-75,285020,28.903762295913193
0.2,9861,82,285102,28.90914621780572
0.2,9862,44,285146,28.910676264828144
0.2,9863,88,285234,28.916666666666668
0.2,9864,49,285283,28.91870248352762
0.2,9865,62,285345,28.922055544293535
0.2,9866,89,285434,28.928144319448666
0.2,9867,1,285435,28.925314146736927
0.2,9868,-129,285306,28.909311987030094
0.2,9869,29,285335,28.90932117527862
0.2,9870,73,285408,28.913787863438355
0.2,9871,-43,285365,28.906503241491087
0.2,9872,83,285448,28.91198217360478
0.2,9873,54,285502,28.91452298966984
0.2,9874,83,285585,28.92
0.2,9875,-1,285584,28.916970433373837
0.2,9876,94,285678,28.923559785359927
0.2,9877,-23,285655,28.91830330026321
0.2,9878,-88,285567,28.906468266018827
0.2,9879,84,285651,28.912044534412956
0.2,9880,-28,285623,28.90628478898897
0.2,9881,7,285630,28.90406800242866
0.2,9882,59,285689,28.907113224729333
0.2,9883,80,285769,28.91228247673007
0.2,9884,2,285771,28.90955993930197
0.2,9885,-157,285614,28.890754602468135
0.2,9886,-56,285558,28.88216850409629
0.2,9887,92,285650,28.888551779935273
0.2,9888,48,285698,28.890484376580037
0.2,9889,40,285738,28.891607684529827
0.2,9890,93,285831,28.898089171974522
0.2,9891,63,285894,28.901536595228468
0.2,9892,57,285951,28.90437683210351
0.2,9893,49,286000,28.90640792399434
0.2,9894,-23,285977,28.901162203132895
0.2,9895,92,286069,28.907538399353275
0.2,9896,82,286151,28.912902899868648
0.2,9897,-42,286109,28.905738533036978
0.2,9898,92,286201,28.912112334579252
0.2,9899,90,286291,28.918282828282827
0.2,9900,94,286385,28.924856075143925
0.2,9901,21,286406,28.924055746313876
0.2,9902,92,286498,28.930425123699887
0.2,9903,-133,286365,28.914075121163165
0.2,9904,27,286392,28.913881877839476
0.2,9905,13,286405,28.91227538865334
0.2,9906,73,286478,28.916725547592613
0.2,9907,-16,286462,28.912192167945094
0.2,9908,89,286551,28.91825613079019
0.2,9909,90,286641,28.92441977800202
0.2,9910,49,286690,28.926445363737262
0.2,9911,-48,286642,28.91868442292171
0.2,9912,90,286732,28.924846161605974
0.2,9913,-107,286625,28.911135767601372
0.2,9914,-84,286541,28.899747856782653
0.2,9915,85,286626,28.905405405405407
0.2,9916,91,286717,28.911666834728244
0.2,9917,65,286782,28.915305505142165
0.2,9918,-10,286772,28.911382195785865
0.2,9919,7,286779,28.909173387096775
0.2,9920,-210,286569,28.885092228605988
0.2,9921,93,286662,28.89155412215279
0.2,9922,49,286711,28.893580570392018
0.2,9923,72,286783,28.897924224103186
0.2,9924,76,286859,28.902670025188918
0.2,9925,86,286945,28.90842232520653
0.2,9926,22,286967,28.907726402740003
0.2,9927,7,286974,28.905519742143433
0.2,9928,89,287063,28.911572162352705
0.2,9929,37,287100,28.91238670694864
0.2,9930,85,287185,28.918034437619575
0.2,9931,-116,287069,28.90344341522352
0.2,9932,94,287163,28.909996979764422
0.2,9933,39,287202,28.911012683712503
0.2,9934,-92,287110,28.898842476094615
0.2,9935,87,287197,28.90469001610306
0.2,9936,84,287281,28.9102344772064
0.2,9937,83,287364,28.915677198631517
0.2,9938,88,287452,28.921621893550657
0.2,9939,-33,287419,28.915392354124748
0.2,9940,21,287440,28.914596117090834
0.2,9941,68,287508,28.91852745926373
0.2,9942,-10,287498,28.91461329578598
0.2,9943,39,287537,28.915627514078842
0.2,9944,58,287595,28.918552036199095
0.2,9945,29,287624,28.91856022521617
0.2,9946,-136,287488,28.90198049663215
0.2,9947,88,287576,28.907921190188983
0.2,9948,48,287624,28.90984018494321
0.2,9949,-7,287617,28.906231155778894
0.2,9950,67,287684,28.910059290523566
0.2,9951,-60,287624,28.90112540192926
0.2,9952,90,287714,28.907264141464886
0.2,9953,-29,287685,28.901446654611213
0.2,9954,70,287755,28.90557508789553
0.2,9955,6,287761,28.903274407392527
0.2,9956,-78,287683,28.89253791302601
0.2,9957,91,287774,28.89877485438843
0.2,9958,65,287839,28.9023998393413
0.2,9959,-105,287734,28.888955823293173
0.2,9960,66,287800,28.892681457684972
0.2,9961,84,287884,28.898213210198755
0.2,9962,87,287971,28.90404496637559
0.2,9963,-198,287773,28.881272581292652
0.2,9964,74,287847,28.88580030105369
0.2,9965,84,287931,28.891330523780855
0.2,9966,92,288023,28.89766228554229
0.2,9967,93,288116,28.90409309791332
0.2,9968,29,288145,28.904102718427126
0.2,9969,70,288215,28.908224674022065
0.2,9970,-14,288201,28.90392137197874
0.2,9971,28,288229,28.903830726032893
0.2,9972,94,288323,28.910357966509576
0.2,9973,94,288417,28.91688389813515
0.2,9974,-9,288408,28.913082706766918
0.2,9975,-80,288328,28.902165196471532
0.2,9976,18,288346,28.901072466673348
0.2,9977,92,288438,28.907396271797957
0.2,9978,38,288476,28.908307445635835
0.2,9979,46,288522,28.91002004008016
0.2,9980,-28,288494,28.90431820458872
0.2,9981,83,288577,28.909737527549588
0.2,9982,-231,288346,28.883702293899628
0.2,9983,25,288371,28.88331330128205
0.2,9984,84,288455,28.88883324987481
0.2,9985,93,288548,28.895253354696575
0.2,9986,43,288591,28.896665665364974
0.2,9987,10,288601,28.89477372847417
0.2,9988,33,288634,28.89518470317349
0.2,9989,-51,288583,28.887187187187187
0.2,9990,92,288675,28.893504153738366
0.2,9991,81,288756,28.898718975180145
0.2,9992,-11,288745,28.89472630841589
0.2,9993,92,288837,28.901040624374623
0.2,9994,-124,288713,28.885742871435717
0.2,9995,83,288796,28.891156462585034
0.2,9996,88,288884,28.89706912073622
0.2,9997,-10,288874,28.893178635727146
0.2,9998,65,288939,28.896789678967895
0.2,9999,-60,288879,28.8879
