0.05,0,63,63,63.0
0.05,1,82,145,72.5
0.05,2,-85,60,20.0
0.05,3,-59,1,0.25
0.05,4,-73,-72,-14.4
0.05,5,63,-9,-1.5
0.05,6,18,9,1.2857142857142858
0.05,7,79,88,11.0
0.05,8,75,163,18.11111111111111
0.05,9,56,219,21.9
0.05,10,86,305,27.727272727272727
0.05,11,68,373,31.083333333333332
0.05,12,92,465,35.76923076923077
0.05,13,-127,338,24.142857142857142
0.05,14,-4,334,22.266666666666666
0.05,15,73,407,25.4375
0.05,16,82,489,28.764705882352942
0.05,17,7,496,27.555555555555557
0.05,18,76,572,30.105263157894736
0.05,19,61,633,31.65
0.05,20,37,670,31.904761904761905
0.05,21,44,714,32.45454545454545
0.05,22,2,716,31.130434782608695
0.05,23,79,795,33.125
0.05,24,48,843,33.72
0.05,25,-35,808,31.076923076923077
0.05,26,-7,801,29.666666666666668
0.05,27,48,849,30.321428571428573
0.05,28,59,908,31.310344827586206
0.05,29,88,996,33.2
0.05,30,89,1085,35.0
0.05,31,63,1148,35.875
0.05,32,78,1226,37.15151515151515
0.05,33,65,1291,37.970588235294116
0.05,34,93,1384,39.542857142857144
0.05,35,40,1424,39.55555555555556
0.05,36,-6,1418,38.32432432432432
0.05,37,-188,1230,32.36842105263158
0.05,38,94,1324,33.94871794871795
0.05,39,80,1404,35.1
0.05,40,61,1465,35.73170731707317
0.05,41,24,1489,35.45238095238095
0.05,42,63,1552,36.093023255813954
0.05,43,33,1585,36.02272727272727
0.05,44,93,1678,37.28888888888889
0.05,45,88,1766,38.391304347826086
0.05,46,87,1853,39.42553191489362
0.05,47,94,1947,40.5625
0.05,48,93,2040,41.63265306122449
0.05,49,26,2066,41.32
0.05,50,-129,1937,37.98039215686274
0.05,51,-19,1918,36.88461538461539
0.05,52,-211,1707,32.20754716981132
0.05,53,-21,1686,31.22222222222222
0.05,54,88,1774,32.25454545454546
0.05,55,71,1845,32.94642857142857
0.05,56,92,1937,33.98245614035088
0.05,57,79,2016,34.758620689655174
0.05,58,-32,1984,33.6271186440678
0.05,59,64,2048,34.13333333333333
0.05,60,-34,2014,33.01639344262295
0.05,61,37,2051,33.08064516129032
0.05,62,77,2128,33.77777777777778
0.05,63,-68,2060,32.1875
0.05,64,-23,2037,31.338461538461537
0.05,65,48,2085,31.59090909090909
0.05,66,-1,2084,31.104477611940297
0.05,67,74,2158,31.735294117647058
0.05,68,-44,2114,30.63768115942029
0.05,69,90,2204,31.485714285714284
0.05,70,75,2279,32.098591549295776
0.05,71,83,2362,32.80555555555556
0.05,72,39,2401,32.89041095890411
0.05,73,94,2495,33.71621621621622
0.05,74,48,2543,33.906666666666666
0.05,75,20,2563,33.723684210526315
0.05,76,28,2591,33.64935064935065
0.05,77,36,2627,33.67948717948718
0.05,78,82,2709,34.29113924050633
0.05,79,91,2800,35.0
0.05,80,94,2894,35.72839506172839
0.05,81,27,2921,35.6219512195122
0.05,82,-103,2818,33.95180722891566
0.05,83,14,2832,33.714285714285715
0.05,84,-29,2803,32.976470588235294
0.05,85,-36,2767,32.174418604651166
0.05,86,92,2859,32.86206896551724
0.05,87,56,2915,33.125
0.05,88,88,3003,33.741573033707866
0.05,89,85,3088,34.31111111111111
0.05,90,84,3172,34.857142857142854
0.05,91,-17,3155,34.29347826086956
0.05,92,48,3203,34.44086021505376
0.05,93,-163,3040,32.340425531914896
0.05,94,34,3074,32.357894736842105
0.05,95,84,3158,32.895833333333336
0.05,96,85,3243,33.43298969072165
0.05,97,67,3310,33.775510204081634
0.05,98,9,3319,33.525252525252526
0.05,99,90,3409,34.09
0.05,100,-45,3364,33.306930693069305
0.05,101,70,3434,33.666666666666664
0.05,102,82,3516,34.13592233009709
0.05,103,73,3589,34.50961538461539
0.05,104,92,3681,35.05714285714286
0.05,105,62,3743,35.31132075471698
0.05,106,89,3832,35.81308411214953
0.05,107,63,3895,36.06481481481482
0.05,108,77,3972,36.440366972477065
0.05,109,-193,3779,34.35454545454545
0.05,110,76,3855,34.729729729729726
0.05,111,90,3945,35.223214285714285
0.05,112,82,4027,35.63716814159292
0.05,113,60,4087,35.85087719298246
0.05,114,73,4160,36.17391304347826
0.05,115,17,4177,36.008620689655174
0.05,116,75,4252,36.34188034188034
0.05,117,-65,4187,35.483050847457626
0.05,118,64,4251,35.72268907563025
0.05,119,51,4302,35.85
0.05,120,52,4354,35.98347107438016
0.05,121,83,4437,36.368852459016395
0.05,122,90,4527,36.80487804878049
0.05,123,16,4543,36.63709677419355
0.05,124,80,4623,36.984
0.05,125,59,4682,37.15873015873016
0.05,126,10,4692,36.94488188976378
0.05,127,-40,4652,36.34375
0.05,128,79,4731,36.674418604651166
0.05,129,68,4799,36.91538461538462
0.05,130,94,4893,37.35114503816794
0.05,131,76,4969,37.64393939393939
0.05,132,81,5050,37.96992481203007
0.05,133,93,5143,38.38059701492537
0.05,134,-62,5081,37.63703703703704
0.05,135,37,5118,37.63235294117647
0.05,136,23,5141,37.52554744525548
0.05,137,89,5230,37.89855072463768
0.05,138,12,5242,37.71223021582734
0.05,139,-3,5239,37.42142857142857
0.05,140,-33,5206,36.92198581560284
0.05,141,86,5292,37.267605633802816
0.05,142,21,5313,37.15384615384615
0.05,143,-35,5278,36.65277777777778
0.05,144,94,5372,37.04827586206896
0.05,145,87,5459,37.39041095890411
0.05,146,37,5496,37.38775510204081
0.05,147,36,5532,37.37837837837838
0.05,148,69,5601,37.59060402684564
0.05,149,88,5689,37.92666666666667
0.05,150,91,5780,38.27814569536424
0.05,151,68,5848,38.473684210526315
0.05,152,77,5925,38.72549019607843
0.05,153,25,5950,38.63636363636363
0.05,154,88,6038,38.95483870967742
0.05,155,81,6119,39.22435897435897
0.05,156,74,6193,39.445859872611464
0.05,157,87,6280,39.74683544303797
0.05,158,72,6352,39.9496855345912
0.05,159,65,6417,40.10625
0.05,160,-32,6385,39.6583850931677
0.05,161,43,6428,39.67901234567901
0.05,162,86,6514,39.96319018404908
0.05,163,83,6597,40.22560975609756
0.05,164,90,6687,40.527272727272724
0.05,165,85,6772,40.795180722891565
0.05,166,-182,6590,39.461077844311376
0.05,167,91,6681,39.767857142857146
0.05,168,13,6694,39.6094674556213
0.05,169,61,6755,39.73529411764706
0.05,170,93,6848,40.046783625730995
0.05,171,82,6930,40.2906976744186
0.05,172,91,7021,40.58381502890173
0.05,173,-71,6950,39.94252873563219
0.05,174,91,7041,40.23428571428571
0.05,175,92,7133,40.52840909090909
0.05,176,35,7168,40.49717514124294
0.05,177,59,7227,40.60112359550562
0.05,178,29,7256,40.53631284916201
0.05,179,67,7323,40.68333333333333
0.05,180,86,7409,40.93370165745856
0.05,181,71,7480,41.0989010989011
0.05,182,-184,7296,39.868852459016395
0.05,183,13,7309,39.72282608695652
0.05,184,89,7398,39.98918918918919
0.05,185,25,7423,39.90860215053763
0.05,186,-110,7313,39.106951871657756
0.05,187,82,7395,39.33510638297872
0.05,188,28,7423,39.27513227513227
0.05,189,-34,7389,38.88947368421053
0.05,190,15,7404,38.76439790575916
0.05,191,13,7417,38.630208333333336
0.05,192,60,7477,38.740932642487046
0.05,193,29,7506,38.69072164948454
0.05,194,-12,7494,38.43076923076923
0.05,195,92,7586,38.704081632653065
0.05,196,62,7648,38.82233502538071
0.05,197,-192,7456,37.656565656565654
0.05,198,70,7526,37.81909547738694
0.05,199,83,7609,38.045
0.05,200,55,7664,38.12935323383085
0.05,201,-195,7469,36.975247524752476
0.05,202,19,7488,36.88669950738916
0.05,203,-105,7383,36.19117647058823
0.05,204,-68,7315,35.68292682926829
0.05,205,94,7409,35.96601941747573
0.05,206,66,7475,36.111111111111114
0.05,207,71,7546,36.27884615384615
0.05,208,90,7636,36.535885167464116
0.05,209,-37,7599,36.18571428571428
0.05,210,72,7671,36.355450236966824
0.05,211,88,7759,36.59905660377358
0.05,212,63,7822,36.72300469483568
0.05,213,25,7847,36.66822429906542
0.05,214,57,7904,36.76279069767442
0.05,215,61,7965,36.875
0.05,216,22,7987,36.806451612903224
0.05,217,-29,7958,36.5045871559633
0.05,218,92,8050,36.757990867579906
0.05,219,66,8116,36.89090909090909
0.05,220,82,8198,37.09502262443439
0.05,221,-18,8180,36.846846846846844
0.05,222,-32,8148,36.53811659192825
0.05,223,91,8239,36.78125
0.05,224,-36,8203,36.45777777777778
0.05,225,14,8217,36.35840707964602
0.05,226,47,8264,36.40528634361233
0.05,227,93,8357,36.65350877192982
0.05,228,66,8423,36.78165938864629
0.05,229,20,8443,36.708695652173915
0.05,230,44,8487,36.74025974025974
0.05,231,15,8502,36.64655172413793
0.05,232,92,8594,36.88412017167382
0.05,233,15,8609,36.79059829059829
0.05,234,-61,8548,36.374468085106386
0.05,235,73,8621,36.529661016949156
0.05,236,81,8702,36.71729957805907
0.05,237,93,8795,36.95378151260504
0.05,238,11,8806,36.84518828451883
0.05,239,88,8894,37.05833333333333
0.05,240,90,8984,37.27800829875519
0.05,241,73,9057,37.425619834710744
0.05,242,33,9090,37.407407407407405
0.05,243,-262,8828,36.18032786885246
0.05,244,63,8891,36.289795918367346
0.05,245,25,8916,36.24390243902439
0.05,246,57,8973,36.32793522267207
0.05,247,80,9053,36.50403225806452
0.05,248,10,9063,36.397590361445786
0.05,249,11,9074,36.296
0.05,250,50,9124,36.35059760956175
0.05,251,73,9197,36.49603174603175
0.05,252,10,9207,36.391304347826086
0.05,253,25,9232,36.346456692913385
0.05,254,69,9301,36.47450980392157
0.05,255,-4,9297,36.31640625
0.05,256,-55,9242,35.961089494163424
0.05,257,14,9256,35.87596899224806
0.05,258,-82,9174,35.42084942084942
0.05,259,84,9258,35.60769230769231
0.05,260,54,9312,35.67816091954023
0.05,261,65,9377,35.79007633587786
0.05,262,-19,9358,35.58174904942966
0.05,263,45,9403,35.61742424242424
0.05,264,81,9484,35.78867924528302
0.05,265,94,9578,36.00751879699248
0.05,266,89,9667,36.2059925093633
0.05,267,-40,9627,35.92164179104478
0.05,268,55,9682,35.99256505576208
0.05,269,67,9749,36.10740740740741
0.05,270,57,9806,36.18450184501845
0.05,271,54,9860,36.25
0.05,272,54,9914,36.315018315018314
0.05,273,89,10003,36.50729927007299
0.05,274,-92,9911,36.04
0.05,275,35,9946,36.03623188405797
0.05,276,91,10037,36.234657039711195
0.05,277,90,10127,36.42805755395683
0.05,278,37,10164,36.43010752688172
0.05,279,40,10204,36.44285714285714
0.05,280,66,10270,36.54804270462633
0.05,281,87,10357,36.726950354609926
0.05,282,61,10418,36.812720848056536
0.05,283,94,10512,37.014084507042256
0.05,284,79,10591,37.16140350877193
0.05,285,-149,10442,36.51048951048951
0.05,286,34,10476,36.501742160278745
0.05,287,-28,10448,36.27777777777778
0.05,288,88,10536,36.45674740484429
0.05,289,88,10624,36.63448275862069
0.05,290,59,10683,36.71134020618557
0.05,291,1,10684,36.58904109589041
0.05,292,-171,10513,35.88054607508533
0.05,293,86,10599,36.05102040816327
0.05,294,87,10686,36.22372881355932
0.05,295,24,10710,36.182432432432435
0.05,296,91,10801,36.36700336700337
0.05,297,86,10887,36.533557046979865
0.05,298,75,10962,36.66220735785953
0.05,299,-56,10906,36.35333333333333
0.05,300,83,10989,36.50830564784053
0.05,301,56,11045,36.5728476821192
0.05,302,-13,11032,36.40924092409241
0.05,303,94,11126,36.598684210526315
0.05,304,-4,11122,36.4655737704918
0.05,305,-64,11058,36.13725490196079
0.05,306,68,11126,36.241042345276874
0.05,307,76,11202,36.37012987012987
0.05,308,46,11248,36.40129449838188
0.05,309,56,11304,36.464516129032255
0.05,310,-17,11287,36.29260450160772
0.05,311,-38,11249,36.05448717948718
0.05,312,17,11266,35.99361022364217
0.05,313,54,11320,36.05095541401274
0.05,314,-202,11118,35.2952380952381
0.05,315,-8,11110,35.15822784810127
0.05,316,91,11201,35.33438485804417
0.05,317,76,11277,35.4622641509434
0.05,318,51,11328,35.510971786833856
0.05,319,63,11391,35.596875
0.05,320,-59,11332,35.30218068535826
0.05,321,-64,11268,34.993788819875775
0.05,322,81,11349,35.136222910216716
0.05,323,-65,11284,34.82716049382716
0.05,324,10,11294,34.75076923076923
0.05,325,85,11379,34.90490797546012
0.05,326,65,11444,34.99694189602447
0.05,327,9,11453,34.917682926829265
0.05,328,89,11542,35.08206686930091
0.05,329,-24,11518,34.903030303030306
0.05,330,93,11611,35.0785498489426
0.05,331,-32,11579,34.876506024096386
0.05,332,-78,11501,34.53753753753754
0.05,333,60,11561,34.61377245508982
0.05,334,94,11655,34.791044776119406
0.05,335,83,11738,34.93452380952381
0.05,336,87,11825,35.089020771513354
0.05,337,88,11913,35.24556213017752
0.05,338,68,11981,35.342182890855455
0.05,339,93,12074,35.51176470588236
0.05,340,39,12113,35.52199413489736
0.05,341,82,12195,35.6578947368421
0.05,342,87,12282,35.80758017492711
0.05,343,86,12368,35.95348837209303
0.05,344,-62,12306,35.6695652173913
0.05,345,77,12383,35.78901734104046
0.05,346,-67,12316,35.49279538904899
0.05,347,4,12320,35.40229885057471
0.05,348,86,12406,35.54727793696275
0.05,349,70,12476,35.645714285714284
0.05,350,83,12559,35.78062678062678
0.05,351,8,12567,35.70170454545455
0.05,352,85,12652,35.8413597733711
0.05,353,-64,12588,35.559322033898304
0.05,354,84,12672,35.695774647887326
0.05,355,16,12688,35.640449438202246
0.05,356,-113,12575,35.22408963585434
0.05,357,-14,12561,35.08659217877095
0.05,358,70,12631,35.183844011142064
0.05,359,73,12704,35.28888888888889
0.05,360,-154,12550,34.76454293628809
0.05,361,-87,12463,34.42817679558011
0.05,362,40,12503,34.4435261707989
0.05,363,46,12549,34.47527472527472
0.05,364,83,12632,34.608219178082194
0.05,365,88,12720,34.75409836065574
0.05,366,76,12796,34.86648501362398
0.05,367,10,12806,34.79891304347826
0.05,368,-6,12800,34.68834688346883
0.05,369,8,12808,34.616216216216216
0.05,370,87,12895,34.757412398921836
0.05,371,89,12984,34.903225806451616
0.05,372,81,13065,35.02680965147453
0.05,373,83,13148,35.155080213903744
0.05,374,-101,13047,34.792
0.05,375,-39,13008,34.59574468085106
0.05,376,94,13102,34.753315649867375
0.05,377,46,13148,34.783068783068785
0.05,378,8,13156,34.71240105540897
0.05,379,79,13235,34.828947368421055
0.05,380,92,13327,34.979002624671914
0.05,381,20,13347,34.93979057591623
0.05,382,93,13440,35.09138381201044
0.05,383,29,13469,35.075520833333336
0.05,384,89,13558,35.215584415584416
0.05,385,74,13632,35.3160621761658
0.05,386,-47,13585,35.10335917312661
0.05,387,82,13667,35.22422680412371
0.05,388,-12,13655,35.102827763496144
0.05,389,10,13665,35.03846153846154
0.05,390,24,13689,35.010230179028135
0.05,391,92,13781,35.15561224489796
0.05,392,72,13853,35.24936386768448
0.05,393,78,13931,35.357868020304565
0.05,394,90,14021,35.49620253164557
0.05,395,20,14041,35.457070707070706
0.05,396,75,14116,35.55667506297229
0.05,397,10,14126,35.49246231155779
0.05,398,37,14163,35.49624060150376
0.05,399,24,14187,35.4675
0.05,400,14,14201,35.413965087281795
0.05,401,45,14246,35.43781094527363
0.05,402,-55,14191,35.21339950372209
0.05,403,92,14283,35.353960396039604
0.05,404,75,14358,35.45185185185185
0.05,405,56,14414,35.50246305418719
0.05,406,90,14504,35.63636363636363
0.05,407,24,14528,35.6078431372549
0.05,408,67,14595,35.68459657701712
0.05,409,-102,14493,35.34878048780488
0.05,410,61,14554,35.41119221411192
0.05,411,44,14598,35.432038834951456
0.05,412,33,14631,35.426150121065376
0.05,413,-3,14628,35.333333333333336
0.05,414,-88,14540,35.036144578313255
0.05,415,76,14616,35.13461538461539
0.05,416,79,14695,35.23980815347722
0.05,417,-37,14658,35.066985645933016
0.05,418,91,14749,35.20047732696897
0.05,419,-66,14683,34.95952380952381
0.05,420,0,14683,34.87648456057007
0.05,421,90,14773,35.007109004739334
0.05,422,83,14856,35.12056737588652
0.05,423,10,14866,35.06132075471698
0.05,424,-14,14852,34.945882352941176
0.05,425,92,14944,35.07981220657277
0.05,426,63,15007,35.14519906323185
0.05,427,94,15101,35.282710280373834
0.05,428,-106,14995,34.95337995337995
0.05,429,87,15082,35.074418604651164
0.05,430,26,15108,35.05336426914153
0.05,431,88,15196,35.175925925925924
0.05,432,90,15286,35.302540415704385
0.05,433,-75,15211,35.04838709677419
0.05,434,94,15305,35.18390804597701
0.05,435,13,15318,35.13302752293578
0.05,436,78,15396,35.23112128146453
0.05,437,64,15460,35.29680365296804
0.05,438,3,15463,35.22323462414579
0.05,439,84,15547,35.33409090909091
0.05,440,-52,15495,35.136054421768705
0.05,441,-57,15438,34.92760180995475
0.05,442,70,15508,35.00677200902935
0.05,443,79,15587,35.10585585585586
0.05,444,11,15598,35.051685393258424
0.05,445,61,15659,35.10986547085202
0.05,446,-26,15633,34.97315436241611
0.05,447,6,15639,34.908482142857146
0.05,448,-47,15592,34.7260579064588
0.05,449,7,15599,34.66444444444444
0.05,450,-29,15570,34.52328159645233
0.05,451,86,15656,34.63716814159292
0.05,452,82,15738,34.741721854304636
0.05,453,88,15826,34.859030837004404
0.05,454,66,15892,34.927472527472524
0.05,455,94,15986,35.05701754385965
0.05,456,-69,15917,34.82932166301969
0.05,457,57,15974,34.877729257641924
0.05,458,71,16045,34.95642701525055
0.05,459,54,16099,34.99782608695652
0.05,460,-257,15842,34.364425162689805
0.05,461,30,15872,34.35497835497836
0.05,462,2,15874,34.28509719222462
0.05,463,16,15890,34.24568965517241
0.05,464,-196,15694,33.7505376344086
0.05,465,86,15780,33.862660944206006
0.05,466,-60,15720,33.66167023554604
0.05,467,49,15769,33.69444444444444
0.05,468,56,15825,33.74200426439232
0.05,469,92,15917,33.86595744680851
0.05,470,25,15942,33.847133757961785
0.05,471,-334,15608,33.067796610169495
0.05,472,-52,15556,32.887949260042284
0.05,473,63,15619,32.95147679324894
0.05,474,94,15713,33.08
0.05,475,88,15801,33.195378151260506
0.05,476,19,15820,33.16561844863732
0.05,477,47,15867,33.19456066945607
0.05,478,-15,15852,33.093945720250524
0.05,479,-132,15720,32.75
0.05,480,44,15764,32.773388773388774
0.05,481,90,15854,32.892116182572614
0.05,482,88,15942,33.006211180124225
0.05,483,70,16012,33.082644628099175
0.05,484,64,16076,33.14639175257732
0.05,485,-14,16062,33.04938271604938
0.05,486,79,16141,33.143737166324435
0.05,487,-190,15951,32.68647540983606
0.05,488,74,16025,32.77096114519427
0.05,489,69,16094,32.844897959183676
0.05,490,-90,16004,32.59470468431772
0.05,491,91,16095,32.71341463414634
0.05,492,-23,16072,32.60040567951319
0.05,493,-44,16028,32.445344129554655
0.05,494,-180,15848,32.01616161616162
0.05,495,86,15934,32.125
0.05,496,30,15964,32.12072434607646
0.05,497,-28,15936,32.0
0.05,498,60,15996,32.056112224448896
0.05,499,67,16063,32.126
0.05,500,80,16143,32.221556886227546
0.05,501,-145,15998,31.868525896414344
0.05,502,-9,15989,31.78727634194831
0.05,503,29,16018,31.78174603174603
0.05,504,53,16071,31.823762376237624
0.05,505,-64,16007,31.634387351778656
0.05,506,73,16080,31.715976331360945
0.05,507,16,16096,31.68503937007874
0.05,508,-20,16076,31.583497053045186
0.05,509,54,16130,31.627450980392158
0.05,510,-303,15827,30.972602739726028
0.05,511,50,15877,31.009765625
0.05,512,-132,15745,30.692007797270954
0.05,513,42,15787,30.714007782101167
0.05,514,94,15881,30.836893203883495
0.05,515,41,15922,30.856589147286822
0.05,516,-279,15643,30.25725338491296
0.05,517,12,15655,30.22200772200772
0.05,518,94,15749,30.344894026974952
0.05,519,76,15825,30.432692307692307
0.05,520,-34,15791,30.309021113243762
0.05,521,59,15850,30.3639846743295
0.05,522,17,15867,30.338432122370936
0.05,523,90,15957,30.452290076335878
0.05,524,4,15961,30.401904761904763
0.05,525,69,16030,30.475285171102662
0.05,526,88,16118,30.584440227703986
0.05,527,-87,16031,30.361742424242426
0.05,528,82,16113,30.4593572778828
0.05,529,81,16194,30.554716981132074
0.05,530,38,16232,30.56873822975518
0.05,531,13,16245,30.535714285714285
0.05,532,-24,16221,30.433395872420263
0.05,533,88,16309,30.54119850187266
0.05,534,-180,16129,30.14766355140187
0.05,535,91,16220,30.261194029850746
0.05,536,83,16303,30.359404096834265
0.05,537,-103,16200,30.111524163568774
0.05,538,6,16206,30.06679035250464
0.05,539,16,16222,30.04074074074074
0.05,540,90,16312,30.151571164510166
0.05,541,-95,16217,29.920664206642066
0.05,542,89,16306,30.029465930018418
0.05,543,88,16394,30.136029411764707
0.05,544,68,16462,30.205504587155964
0.05,545,50,16512,30.24175824175824
0.05,546,18,16530,30.219378427787934
0.05,547,-9,16521,30.1478102189781
0.05,548,41,16562,30.16757741347905
0.05,549,48,16610,30.2
0.05,550,54,16664,30.243194192377494
0.05,551,66,16730,30.307971014492754
0.05,552,47,16777,30.338155515370705
0.05,553,48,16825,30.370036101083034
0.05,554,-75,16750,30.18018018018018
0.05,555,9,16759,30.142086330935253
0.05,556,32,16791,30.145421903052064
0.05,557,62,16853,30.20250896057348
0.05,558,82,16935,30.295169946332738
0.05,559,90,17025,30.401785714285715
0.05,560,-159,16866,30.06417112299465
0.05,561,-55,16811,29.912811387900355
0.05,562,66,16877,29.97690941385435
0.05,563,36,16913,29.98758865248227
0.05,564,6,16919,29.945132743362834
0.05,565,73,16992,30.021201413427562
0.05,566,10,17002,29.98589065255732
0.05,567,79,17081,30.072183098591548
0.05,568,34,17115,30.079086115992972
0.05,569,89,17204,30.182456140350876
0.05,570,-51,17153,30.04028021015762
0.05,571,77,17230,30.122377622377623
0.05,572,-52,17178,29.979057591623036
0.05,573,-65,17113,29.813588850174217
0.05,574,44,17157,29.838260869565218
0.05,575,63,17220,29.895833333333332
0.05,576,85,17305,29.991334488734836
0.05,577,83,17388,30.08304498269896
0.05,578,90,17478,30.186528497409327
0.05,579,42,17520,30.20689655172414
0.05,580,91,17611,30.311531841652325
0.05,581,75,17686,30.388316151202748
0.05,582,86,17772,30.483704974271014
0.05,583,33,17805,30.488013698630137
0.05,584,91,17896,30.591452991452993
0.05,585,43,17939,30.612627986348123
0.05,586,86,18025,30.706984667802384
0.05,587,92,18117,30.81122448979592
0.05,588,91,18208,30.913412563667233
0.05,589,-266,17942,30.410169491525423
0.05,590,63,18005,30.465313028764804
0.05,591,60,18065,30.5152027027027
0.05,592,91,18156,30.617200674536257
0.05,593,16,18172,30.59259259259259
0.05,594,11,18183,30.55966386554622
0.05,595,29,18212,30.55704697986577
0.05,596,-35,18177,30.44723618090452
0.05,597,54,18231,30.486622073578594
0.05,598,-132,18099,30.215358931552586
0.05,599,93,18192,30.32
0.05,600,88,18280,30.41597337770383
0.05,601,71,18351,30.483388704318937
0.05,602,92,18443,30.58540630182421
0.05,603,-65,18378,30.427152317880793
0.05,604,23,18401,30.41487603305785
0.05,605,93,18494,30.51815181518152
0.05,606,10,18504,30.484349258649093
0.05,607,41,18545,30.501644736842106
0.05,608,50,18595,30.53366174055829
0.05,609,-15,18580,30.459016393442624
0.05,610,-101,18479,30.243862520458265
0.05,611,-39,18440,30.130718954248366
0.05,612,-123,18317,29.880913539967374
0.05,613,63,18380,29.93485342019544
0.05,614,79,18459,30.014634146341464
0.05,615,19,18478,29.996753246753247
0.05,616,47,18525,30.024311183144246
0.05,617,-246,18279,29.57766990291262
0.05,618,89,18368,29.67366720516963
0.05,619,68,18436,29.73548387096774
0.05,620,-267,18169,29.25764895330113
0.05,621,83,18252,29.344051446945336
0.05,622,89,18341,29.43980738362761
0.05,623,-20,18321,29.360576923076923
0.05,624,8,18329,29.3264
0.05,625,86,18415,29.416932907348244
0.05,626,-31,18384,29.320574162679424
0.05,627,66,18450,29.378980891719745
0.05,628,86,18536,29.46899841017488
0.05,629,-145,18391,29.192063492063493
0.05,630,55,18446,29.23296354992076
0.05,631,81,18527,29.314873417721518
0.05,632,59,18586,29.36176935229068
0.05,633,93,18679,29.462145110410095
0.05,634,78,18757,29.538582677165355
0.05,635,70,18827,29.602201257861637
0.05,636,67,18894,29.660910518053374
0.05,637,77,18971,29.735109717868337
0.05,638,29,19000,29.7339593114241
0.05,639,8,19008,29.7
0.05,640,94,19102,29.8003120124805
0.05,641,57,19159,29.842679127725855
0.05,642,-17,19142,29.76982892690513
0.05,643,68,19210,29.82919254658385
0.05,644,-29,19181,29.73798449612403
0.05,645,1,19182,29.693498452012385
0.05,646,48,19230,29.72179289026275
0.05,647,87,19317,29.810185185185187
0.05,648,7,19324,29.775038520801232
0.05,649,-300,19024,29.267692307692307
0.05,650,-64,18960,29.12442396313364
0.05,651,68,19028,29.1840490797546
0.05,652,83,19111,29.26646248085758
0.05,653,-21,19090,29.189602446483182
0.05,654,22,19112,29.178625954198473
0.05,655,60,19172,29.225609756097562
0.05,656,-65,19107,29.08219178082192
0.05,657,39,19146,29.09726443768997
0.05,658,-230,18916,28.704097116843702
0.05,659,25,18941,28.69848484848485
0.05,660,-2,18939,28.652042360060513
0.05,661,-29,18910,28.564954682779454
0.05,662,92,19002,28.660633484162897
0.05,663,91,19093,28.754518072289155
0.05,664,-14,19079,28.690225563909774
0.05,665,82,19161,28.77027027027027
0.05,666,77,19238,28.842578710644677
0.05,667,89,19327,28.932634730538922
0.05,668,-124,19203,28.704035874439462
0.05,669,13,19216,28.68059701492537
0.05,670,69,19285,28.740685543964233
0.05,671,-155,19130,28.467261904761905
0.05,672,-38,19092,28.368499257057948
0.05,673,40,19132,28.385756676557865
0.05,674,16,19148,28.36740740740741
0.05,675,76,19224,28.437869822485208
0.05,676,-336,18888,27.899556868537665
0.05,677,90,18978,27.991150442477878
0.05,678,16,18994,27.973490427098675
0.05,679,76,19070,28.044117647058822
0.05,680,94,19164,28.140969162995596
0.05,681,23,19187,28.133431085043988
0.05,682,11,19198,28.10834553440703
0.05,683,88,19286,28.195906432748536
0.05,684,86,19372,28.28029197080292
0.05,685,94,19466,28.37609329446064
0.05,686,63,19529,28.426491994177585
0.05,687,81,19610,28.502906976744185
0.05,688,-40,19570,28.403483309143688
0.05,689,87,19657,28.48840579710145
0.05,690,79,19736,28.56150506512301
0.05,691,-36,19700,28.46820809248555
0.05,692,-65,19635,28.333333333333332
0.05,693,66,19701,28.387608069164266
0.05,694,-39,19662,28.29064748201439
0.05,695,53,19715,28.326149425287355
0.05,696,22,19737,28.317073170731707
0.05,697,83,19820,28.39541547277937
0.05,698,-160,19660,28.125894134477825
0.05,699,-13,19647,28.06714285714286
0.05,700,66,19713,28.121255349500714
0.05,701,-87,19626,27.957264957264957
0.05,702,-99,19527,27.776671408250355
0.05,703,64,19591,27.828125
0.05,704,88,19679,27.913475177304964
0.05,705,5,19684,27.88101983002833
0.05,706,8,19692,27.852899575671852
0.05,707,94,19786,27.94632768361582
0.05,708,87,19873,28.029619181946405
0.05,709,92,19965,28.119718309859156
0.05,710,-78,19887,27.970464135021096
0.05,711,-49,19838,27.8623595505618
0.05,712,-62,19776,27.73632538569425
0.05,713,86,19862,27.817927170868348
0.05,714,42,19904,27.837762237762238
0.05,715,82,19986,27.91340782122905
0.05,716,90,20076,28.0
0.05,717,64,20140,28.050139275766018
0.05,718,27,20167,28.048678720445064
0.05,719,94,20261,28.14027777777778
0.05,720,-313,19948,27.667128987517337
0.05,721,-73,19875,27.52770083102493
0.05,722,-115,19760,27.330567081604425
0.05,723,88,19848,27.414364640883978
0.05,724,56,19904,27.453793103448277
0.05,725,66,19970,27.506887052341597
0.05,726,79,20049,27.577716643741404
0.05,727,-4,20045,27.53434065934066
0.05,728,23,20068,27.5281207133059
0.05,729,-42,20026,27.432876712328767
0.05,730,76,20102,27.499316005471957
0.05,731,-9,20093,27.44945355191257
0.05,732,90,20183,27.534788540245565
0.05,733,-33,20150,27.452316076294277
0.05,734,47,20197,27.47891156462585
0.05,735,88,20285,27.561141304347824
0.05,736,77,20362,27.628222523744913
0.05,737,92,20454,27.715447154471544
0.05,738,0,20454,27.677943166441136
0.05,739,67,20521,27.731081081081083
0.05,740,41,20562,27.748987854251013
0.05,741,87,20649,27.828840970350406
0.05,742,64,20713,27.877523553162852
0.05,743,90,20803,27.961021505376344
0.05,744,52,20855,27.993288590604028
0.05,745,89,20944,28.075067024128685
0.05,746,92,21036,28.160642570281123
0.05,747,55,21091,28.196524064171122
0.05,748,81,21172,28.26702269692924
0.05,749,90,21262,28.349333333333334
0.05,750,-66,21196,28.2237017310253
0.05,751,31,21227,28.227393617021278
0.05,752,79,21306,28.294820717131476
0.05,753,93,21399,28.380636604774537
0.05,754,-219,21180,28.05298013245033
0.05,755,43,21223,28.072751322751323
0.05,756,93,21316,28.158520475561428
0.05,757,-71,21245,28.027704485488126
0.05,758,26,21271,28.025032938076418
0.05,759,-16,21255,27.967105263157894
0.05,760,-8,21247,27.919842312746386
0.05,761,73,21320,27.979002624671917
0.05,762,62,21382,28.023591087811273
0.05,763,41,21423,28.040575916230367
0.05,764,17,21440,28.026143790849673
0.05,765,-10,21430,27.97650130548303
0.05,766,26,21456,27.97392438070404
0.05,767,65,21521,28.022135416666668
0.05,768,-40,21481,27.93368010403121
0.05,769,86,21567,28.009090909090908
0.05,770,17,21584,27.994811932555123
0.05,771,-19,21565,27.933937823834196
0.05,772,68,21633,27.985769728331178
0.05,773,92,21725,28.06847545219638
0.05,774,-143,21582,27.84774193548387
0.05,775,85,21667,27.92139175257732
0.05,776,93,21760,28.005148005148005
0.05,777,60,21820,28.046272493573266
0.05,778,-238,21582,27.70474967907574
0.05,779,-51,21531,27.603846153846153
0.05,780,-35,21496,27.52368758002561
0.05,781,79,21575,27.589514066496164
0.05,782,92,21667,27.67177522349936
0.05,783,18,21685,27.659438775510203
0.05,784,31,21716,27.663694267515922
0.05,785,87,21803,27.739185750636132
0.05,786,94,21897,27.823379923761117
0.05,787,21,21918,27.814720812182742
0.05,788,-50,21868,27.716096324461343
0.05,789,-32,21836,27.640506329113926
0.05,790,-22,21814,27.577749683944376
0.05,791,39,21853,27.592171717171716
0.05,792,89,21942,27.669609079445145
0.05,793,58,22000,27.707808564231737
0.05,794,53,22053,27.739622641509435
0.05,795,92,22145,27.82035175879397
0.05,796,56,22201,27.855708908406523
0.05,797,91,22292,27.93483709273183
0.05,798,62,22354,27.97747183979975
0.05,799,31,22385,27.98125
0.05,800,84,22469,28.05118601747815
0.05,801,-16,22453,27.996259351620946
0.05,802,54,22507,28.028642590286427
0.05,803,73,22580,28.084577114427862
0.05,804,88,22668,28.159006211180124
0.05,805,43,22711,28.177419354838708
0.05,806,41,22752,28.193308550185872
0.05,807,71,22823,28.246287128712872
0.05,808,75,22898,28.30407911001236
0.05,809,65,22963,28.349382716049384
0.05,810,-82,22881,28.213316892725032
0.05,811,63,22944,28.25615763546798
0.05,812,-14,22930,28.204182041820417
0.05,813,-95,22835,28.052825552825553
0.05,814,84,22919,28.121472392638037
0.05,815,14,22933,28.104166666666668
0.05,816,64,22997,28.148102815177477
0.05,817,-180,22817,27.89364303178484
0.05,818,0,22817,27.85958485958486
0.05,819,-37,22780,27.78048780487805
0.05,820,92,22872,27.858708891595615
0.05,821,46,22918,27.880778588807786
0.05,822,58,22976,27.91737545565006
0.05,823,-25,22951,27.853155339805824
0.05,824,85,23036,27.922424242424242
0.05,825,93,23129,28.001210653753027
0.05,826,-116,23013,27.827085852478838
0.05,827,93,23106,27.905797101449274
0.05,828,76,23182,27.96381182147165
0.05,829,36,23218,27.973493975903615
0.05,830,3,23221,27.94344163658243
0.05,831,63,23284,27.985576923076923
0.05,832,-39,23245,27.90516206482593
0.05,833,93,23338,27.983213429256594
0.05,834,83,23421,28.049101796407186
0.05,835,86,23507,28.11842105263158
0.05,836,76,23583,28.17562724014337
0.05,837,89,23672,28.24821002386635
0.05,838,78,23750,28.30750893921335
0.05,839,3,23753,28.277380952380952
0.05,840,94,23847,28.35552913198573
0.05,841,45,23892,28.375296912114013
0.05,842,37,23929,28.38552787663108
0.05,843,81,24010,28.4478672985782
0.05,844,74,24084,28.501775147928996
0.05,845,93,24177,28.578014184397162
0.05,846,53,24230,28.606847697756788
0.05,847,-11,24219,28.56014150943396
0.05,848,85,24304,28.626619552414606
0.05,849,50,24354,28.651764705882353
0.05,850,-87,24267,28.515863689776733
0.05,851,80,24347,28.576291079812208
0.05,852,87,24434,28.644783118405627
0.05,853,94,24528,28.721311475409838
0.05,854,-106,24422,28.56374269005848
0.05,855,-8,24414,28.52102803738318
0.05,856,87,24501,28.58926487747958
0.05,857,88,24589,28.65850815850816
0.05,858,74,24663,28.71129220023283
0.05,859,64,24727,28.75232558139535
0.05,860,26,24753,28.749128919860627
0.05,861,76,24829,28.803944315545245
0.05,862,62,24891,28.842410196987252
0.05,863,-77,24814,28.71990740740741
0.05,864,94,24908,28.79537572254335
0.05,865,94,25002,28.87066974595843
0.05,866,69,25071,28.91695501730104
0.05,867,-126,24945,28.73847926267281
0.05,868,78,25023,28.795166858457996
0.05,869,78,25101,28.851724137931033
0.05,870,74,25175,28.903559127439724
0.05,871,82,25257,28.964449541284402
0.05,872,52,25309,28.990836197021764
0.05,873,85,25394,29.054919908466818
0.05,874,76,25470,29.10857142857143
0.05,875,-18,25452,29.054794520547944
0.05,876,74,25526,29.106043329532497
0.05,877,27,25553,29.103644646924828
0.05,878,77,25630,29.158134243458477
0.05,879,92,25722,29.229545454545455
0.05,880,43,25765,29.245175936435867
0.05,881,88,25853,29.311791383219955
0.05,882,-17,25836,29.25934314835787
0.05,883,-26,25810,29.19683257918552
0.05,884,-26,25784,29.134463276836158
0.05,885,-48,25736,29.047404063205416
0.05,886,88,25824,29.113866967305523
0.05,887,58,25882,29.146396396396398
0.05,888,-257,25625,28.824521934758156
0.05,889,-11,25614,28.779775280898875
0.05,890,21,25635,28.77104377104377
0.05,891,90,25725,28.83968609865471
0.05,892,72,25797,28.888017917133258
0.05,893,68,25865,28.931767337807607
0.05,894,73,25938,28.98100558659218
0.05,895,93,26031,29.052455357142858
0.05,896,1,26032,29.02118171683389
0.05,897,94,26126,29.093541202672604
0.05,898,22,26148,29.085650723025584
0.05,899,-7,26141,29.045555555555556
0.05,900,88,26229,29.110987791342954
0.05,901,94,26323,29.182926829268293
0.05,902,-52,26271,29.093023255813954
0.05,903,77,26348,29.146017699115045
0.05,904,-210,26138,28.881767955801106
0.05,905,92,26230,28.951434878587197
0.05,906,11,26241,28.931642778390298
0.05,907,81,26322,28.98898678414097
0.05,908,93,26415,29.059405940594058
0.05,909,91,26506,29.127472527472527
0.05,910,43,26549,29.142700329308454
0.05,911,62,26611,29.17872807017544
0.05,912,92,26703,29.247535596933186
0.05,913,66,26769,29.287746170678336
0.05,914,93,26862,29.35737704918033
0.05,915,91,26953,29.42467248908297
0.05,916,10,26963,29.40348964013086
0.05,917,94,27057,29.473856209150327
0.05,918,92,27149,29.541893362350383
0.05,919,-10,27139,29.49891304347826
0.05,920,77,27216,29.550488599348533
0.05,921,-45,27171,29.469631236442517
0.05,922,-19,27152,29.41711809317443
0.05,923,-47,27105,29.334415584415584
0.05,924,21,27126,29.325405405405405
0.05,925,73,27199,29.372570194384448
0.05,926,86,27285,29.433656957928804
0.05,927,36,27321,29.44073275862069
0.05,928,42,27363,29.454251883745965
0.05,929,94,27457,29.523655913978494
0.05,930,-112,27345,29.371643394199786
0.05,931,89,27434,29.435622317596568
0.05,932,50,27484,29.457663451232584
0.05,933,47,27531,29.47644539614561
0.05,934,-80,27451,29.359358288770053
0.05,935,18,27469,29.34722222222222
0.05,936,-16,27453,29.298826040554964
0.05,937,-14,27439,29.252665245202557
0.05,938,41,27480,29.26517571884984
0.05,939,81,27561,29.320212765957447
0.05,940,-97,27464,29.185972369819343
0.05,941,-32,27432,29.121019108280255
0.05,942,81,27513,29.176033934252384
0.05,943,92,27605,29.242584745762713
0.05,944,76,27681,29.29206349206349
0.05,945,26,27707,29.288583509513742
0.05,946,46,27753,29.30623020063358
0.05,947,65,27818,29.343881856540083
0.05,948,88,27906,29.40569020021075
0.05,949,80,27986,29.458947368421054
0.05,950,-175,27811,29.243953732912722
0.05,951,-6,27805,29.206932773109244
0.05,952,65,27870,29.24449108079748
0.05,953,92,27962,29.31027253668763
0.05,954,22,27984,29.30261780104712
0.05,955,-84,27900,29.184100418410043
0.05,956,-23,27877,29.12957157784744
0.05,957,94,27971,29.197286012526096
0.05,958,57,28028,29.226277372262775
0.05,959,-165,27863,29.023958333333333
0.05,960,-18,27845,28.975026014568158
0.05,961,68,27913,29.015592515592516
0.05,962,94,28007,29.08307372793354
0.05,963,39,28046,29.093360995850624
0.05,964,82,28128,29.14818652849741
0.05,965,34,28162,29.15320910973085
0.05,966,-93,28069,29.02688728024819
0.05,967,89,28158,29.08884297520661
0.05,968,69,28227,29.13003095975232
0.05,969,18,28245,29.11855670103093
0.05,970,89,28334,29.18022657054583
0.05,971,-43,28291,29.105967078189302
0.05,972,-1,28290,29.07502569373073
0.05,973,75,28365,29.12217659137577
0.05,974,-11,28354,29.08102564102564
0.05,975,-22,28332,29.028688524590162
0.05,976,10,28342,29.00921187308086
0.05,977,90,28432,29.07157464212679
0.05,978,94,28526,29.137895812053117
0.05,979,3,28529,29.11122448979592
0.05,980,17,28546,29.09887869520897
0.05,981,-69,28477,28.9989816700611
0.05,982,94,28571,29.065106815869786
0.05,983,16,28587,29.051829268292682
0.05,984,12,28599,29.034517766497462
0.05,985,91,28690,29.0973630831643
0.05,986,91,28781,29.160081053698075
0.05,987,-54,28727,29.07591093117409
0.05,988,69,28796,29.11627906976744
0.05,989,67,28863,29.154545454545456
0.05,990,-45,28818,29.079717457114025
0.05,991,88,28906,29.139112903225808
0.05,992,-13,28893,29.09667673716012
0.05,993,-8,28885,29.059356136820927
0.05,994,88,28973,29.11859296482412
0.05,995,51,29024,29.140562248995984
0.05,996,67,29091,29.17853560682046
0.05,997,1,29092,29.150300601202403
0.05,998,-234,28858,28.886886886886888
0.05,999,82,28940,28.94
0.05,1000,-35,28905,28.876123876123877
0.05,1001,28,28933,28.875249500998002
0.05,1002,86,29019,28.93220338983051
0.05,1003,82,29101,28.985059760956176
0.05,1004,90,29191,29.045771144278607
0.05,1005,82,29273,29.09840954274354
0.05,1006,-212,29061,28.858987090367428
0.05,1007,95,29156,28.924603174603174
0.05,1008,-16,29140,28.880079286422202
0.05,1009,94,29234,28.944554455445545
0.05,1010,95,29329,29.00989119683482
0.05,1011,2,29331,28.983201581027668
0.05,1012,34,29365,28.988153998025666
0.05,1013,61,29426,29.01972386587771
0.05,1014,19,29445,29.00985221674877
0.05,1015,74,29519,29.054133858267715
0.05,1016,-109,29410,28.918387413962634
0.05,1017,93,29503,28.981335952848724
0.05,1018,-82,29421,28.87242394504416
0.05,1019,94,29515,28.936274509803923
0.05,1020,56,29571,28.962781586679725
0.05,1021,61,29632,28.99412915851272
0.05,1022,-107,29525,28.86119257086999
0.05,1023,49,29574,28.880859375
0.05,1024,46,29620,28.897560975609757
0.05,1025,-179,29441,28.69493177387914
0.05,1026,67,29508,28.732229795520936
0.05,1027,14,29522,28.717898832684824
0.05,1028,62,29584,28.750242954324587
0.05,1029,15,29599,28.736893203883493
0.05,1030,85,29684,28.791464597478175
0.05,1031,1,29685,28.76453488372093
0.05,1032,-58,29627,28.68054211035818
0.05,1033,79,29706,28.729206963249517
0.05,1034,41,29747,28.74106280193237
0.05,1035,20,29767,28.732625482625483
0.05,1036,89,29856,28.790742526518805
0.05,1037,-344,29512,28.43159922928709
0.05,1038,3,29515,28.407122232916265
0.05,1039,-25,29490,28.35576923076923
0.05,1040,94,29584,28.41882804995197
0.05,1041,-38,29546,28.355086372360844
0.05,1042,14,29560,28.34132310642378
0.05,1043,91,29651,28.40134099616858
0.05,1044,86,29737,28.45645933014354
0.05,1045,62,29799,28.488527724665392
0.05,1046,64,29863,28.522445081184337
0.05,1047,88,29951,28.579198473282442
0.05,1048,74,30025,28.622497616777885
0.05,1049,44,30069,28.63714285714286
0.05,1050,24,30093,28.632730732635586
0.05,1051,86,30179,28.687262357414447
0.05,1052,56,30235,28.713200379867047
0.05,1053,70,30305,28.75237191650854
0.05,1054,60,30365,28.781990521327014
0.05,1055,92,30457,28.841856060606062
0.05,1056,85,30542,28.894985808893093
0.05,1057,35,30577,28.900756143667298
0.05,1058,78,30655,28.947119924457034
0.05,1059,81,30736,28.99622641509434
0.05,1060,-204,30532,28.776625824693685
0.05,1061,36,30568,28.783427495291903
0.05,1062,36,30604,28.790216368767638
0.05,1063,-9,30595,28.7546992481203
0.05,1064,13,30608,28.739906103286383
0.05,1065,20,30628,28.73170731707317
0.05,1066,34,30662,28.736644798500468
0.05,1067,88,30750,28.792134831460675
0.05,1068,19,30769,28.782974742750234
0.05,1069,83,30852,28.833644859813084
0.05,1070,-180,30672,28.638655462184875
0.05,1071,26,30698,28.636194029850746
0.05,1072,29,30727,28.636533084808946
0.05,1073,50,30777,28.656424581005588
0.05,1074,86,30863,28.709767441860464
0.05,1075,-100,30763,28.590148698884757
0.05,1076,74,30837,28.632311977715876
0.05,1077,60,30897,28.661410018552875
0.05,1078,-97,30800,28.544949026876736
0.05,1079,47,30847,28.562037037037037
0.05,1080,-24,30823,28.513413506012952
0.05,1081,74,30897,28.555452865064694
0.05,1082,91,30988,28.613111726685133
0.05,1083,92,31080,28.671586715867157
0.05,1084,76,31156,28.71520737327189
0.05,1085,36,31192,28.721915285451196
0.05,1086,91,31283,28.779208831646734
0.05,1087,53,31336,28.801470588235293
0.05,1088,17,31353,28.790633608815426
0.05,1089,-82,31271,28.688990825688073
0.05,1090,74,31345,28.730522456461962
0.05,1091,88,31433,28.784798534798536
0.05,1092,90,31523,28.840805123513267
0.05,1093,13,31536,28.82632541133455
0.05,1094,77,31613,28.870319634703197
0.05,1095,88,31701,28.9242700729927
0.05,1096,47,31748,28.940747493163173
0.05,1097,-12,31736,28.903460837887067
0.05,1098,9,31745,28.88535031847134
0.05,1099,84,31829,28.935454545454544
0.05,1100,91,31920,28.99182561307902
0.05,1101,-35,31885,28.933756805807622
0.05,1102,71,31956,28.971894832275613
0.05,1103,88,32044,29.02536231884058
0.05,1104,91,32135,29.081447963800905
0.05,1105,94,32229,29.140144665461122
0.05,1106,59,32288,29.167118337850045
0.05,1107,69,32357,29.20306859205776
0.05,1108,93,32450,29.26059513074842
0.05,1109,74,32524,29.3009009009009
0.05,1110,90,32614,29.355535553555356
0.05,1111,71,32685,29.39298561151079
0.05,1112,78,32763,29.4366576819407
0.05,1113,-24,32739,29.388689407540394
0.05,1114,73,32812,29.42780269058296
0.05,1115,89,32901,29.481182795698924
0.05,1116,93,32994,29.538048343777977
0.05,1117,21,33015,29.5304114490161
0.05,1118,84,33099,29.579088471849865
0.05,1119,-41,33058,29.51607142857143
0.05,1120,-2,33056,29.487957181088316
0.05,1121,66,33122,29.520499108734402
0.05,1122,-25,33097,29.471950133570793
0.05,1123,85,33182,29.52135231316726
0.05,1124,64,33246,29.552
0.05,1125,29,33275,29.55150976909414
0.05,1126,61,33336,29.57941437444543
0.05,1127,85,33421,29.62854609929078
0.05,1128,36,33457,29.634189548272808
0.05,1129,-146,33311,29.4787610619469
0.05,1130,9,33320,29.460654288240494
0.05,1131,53,33373,29.481448763250885
0.05,1132,61,33434,29.50926743159753
0.05,1133,75,33509,29.549382716049383
0.05,1134,83,33592,29.59647577092511
0.05,1135,92,33684,29.651408450704224
0.05,1136,82,33766,29.69744942832014
0.05,1137,19,33785,29.68804920913884
0.05,1138,37,33822,29.69446883230904
0.05,1139,89,33911,29.746491228070177
0.05,1140,88,33999,29.79754601226994
0.05,1141,51,34050,29.816112084063047
0.05,1142,74,34124,29.854768153980753
0.05,1143,13,34137,29.840034965034967
0.05,1144,59,34196,29.865502183406115
0.05,1145,17,34213,29.854275741710296
0.05,1146,81,34294,29.89886660854403
0.05,1147,93,34387,29.95383275261324
0.05,1148,-95,34292,29.84508268059182
0.05,1149,-7,34285,29.81304347826087
0.05,1150,88,34373,29.86359687228497
0.05,1151,69,34442,29.897569444444443
0.05,1152,79,34521,29.940156114483955
0.05,1153,69,34590,29.974003466204508
0.05,1154,-113,34477,29.85021645021645
0.05,1155,-22,34455,29.80536332179931
0.05,1156,32,34487,29.807260155574763
0.05,1157,54,34541,29.828151986183073
0.05,1158,95,34636,29.884383088869715
0.05,1159,88,34724,29.93448275862069
0.05,1160,61,34785,29.96124031007752
0.05,1161,51,34836,29.97934595524957
0.05,1162,93,34929,30.0335339638865
0.05,1163,92,35021,30.08676975945017
0.05,1164,91,35112,30.139055793991417
0.05,1165,55,35167,30.160377358490567
0.05,1166,-31,35136,30.10796915167095
0.05,1167,81,35217,30.151541095890412
0.05,1168,-60,35157,30.07442258340462
0.05,1169,94,35251,30.12905982905983
0.05,1170,-53,35198,30.05807002561913
0.05,1171,54,35252,30.07849829351536
0.05,1172,88,35340,30.127877237851663
0.05,1173,43,35383,30.138841567291312
0.05,1174,57,35440,30.161702127659574
0.05,1175,-101,35339,30.05017006802721
0.05,1176,87,35426,30.098555649957518
0.05,1177,61,35487,30.124787775891342
0.05,1178,-19,35468,30.08312128922816
0.05,1179,37,35505,30.088983050847457
0.05,1180,-74,35431,30.000846740050804
0.05,1181,70,35501,30.034686971235196
0.05,1182,84,35585,30.08030431107354
0.05,1183,-133,35452,29.94256756756757
0.05,1184,34,35486,29.945991561181433
0.05,1185,93,35579,29.999156829679595
0.05,1186,94,35673,30.0530749789385
0.05,1187,53,35726,30.07239057239057
0.05,1188,86,35812,30.11942809083263
0.05,1189,70,35882,30.152941176470588
0.05,1190,-64,35818,30.073887489504617
0.05,1191,-65,35753,29.994127516778523
0.05,1192,-5,35748,29.96479463537301
0.05,1193,73,35821,30.000837520938024
0.05,1194,-24,35797,29.955648535564855
0.05,1195,55,35852,29.976588628762542
0.05,1196,81,35933,30.01921470342523
0.05,1197,82,36015,30.062604340567614
0.05,1198,84,36099,30.107589658048372
0.05,1199,86,36185,30.154166666666665
0.05,1200,90,36275,30.20399666944213
0.05,1201,71,36346,30.237936772046588
0.05,1202,68,36414,30.26932668329177
0.05,1203,90,36504,30.31893687707641
0.05,1204,19,36523,30.30954356846473
0.05,1205,-23,36500,30.265339966832503
0.05,1206,86,36586,30.311516155758078
0.05,1207,27,36613,30.308774834437084
0.05,1208,80,36693,30.34987593052109
0.05,1209,83,36776,30.393388429752065
0.05,1210,90,36866,30.44260941370768
0.05,1211,-153,36713,30.291254125412543
0.05,1212,90,36803,30.34047815333883
0.05,1213,15,36818,30.327841845140032
0.05,1214,-354,36464,30.011522633744857
0.05,1215,78,36542,30.050986842105264
0.05,1216,85,36627,30.096138044371404
0.05,1217,-190,36437,29.91543513957307
0.05,1218,13,36450,29.901558654634947
0.05,1219,-42,36408,29.84262295081967
0.05,1220,91,36499,29.89271089271089
0.05,1221,49,36548,29.90834697217676
0.05,1222,83,36631,29.95175797219951
0.05,1223,-19,36612,29.91176470588235
0.05,1224,5,36617,29.89142857142857
0.05,1225,27,36644,29.889070146818923
0.05,1226,-193,36451,29.707416462917685
0.05,1227,38,36489,29.714169381107492
0.05,1228,56,36545,29.735557363710335
0.05,1229,89,36634,29.783739837398375
0.05,1230,9,36643,29.76685621445979
0.05,1231,93,36736,29.818181818181817
0.05,1232,-84,36652,29.725871857258717
0.05,1233,83,36735,29.76904376012966
0.05,1234,92,36827,29.819433198380565
0.05,1235,4,36831,29.79854368932039
0.05,1236,87,36918,29.844785772029102
0.05,1237,63,36981,29.87156704361874
0.05,1238,40,37021,29.879741727199356
0.05,1239,89,37110,29.927419354838708
0.05,1240,60,37170,29.951651893634168
0.05,1241,94,37264,30.003220611916262
0.05,1242,90,37354,30.051488334674175
0.05,1243,41,37395,30.060289389067524
0.05,1244,93,37488,30.110843373493974
0.05,1245,-6,37482,30.08186195826645
0.05,1246,5,37487,30.061748195669608
0.05,1247,55,37542,30.08173076923077
0.05,1248,85,37627,30.125700560448358
0.05,1249,-69,37558,30.0464
0.05,1250,94,37652,30.09752198241407
0.05,1251,79,37731,30.13658146964856
0.05,1252,93,37824,30.186751795690345
0.05,1253,89,37913,30.23365231259968
0.05,1254,75,37988,30.269322709163347
0.05,1255,13,38001,30.255573248407643
0.05,1256,82,38083,30.296738265712012
0.05,1257,72,38155,30.329888712241655
0.05,1258,6,38161,30.31056393963463
0.05,1259,50,38211,30.326190476190476
0.05,1260,-34,38177,30.275178429817604
0.05,1261,60,38237,30.298732171156892
0.05,1262,54,38291,30.317498020585905
0.05,1263,-27,38264,30.272151898734176
0.05,1264,78,38342,30.309881422924903
0.05,1265,70,38412,30.341232227488153
0.05,1266,84,38496,30.383583267561168
0.05,1267,23,38519,30.37776025236593
0.05,1268,90,38609,30.424743892829
0.05,1269,65,38674,30.451968503937007
0.05,1270,77,38751,30.48859166011015
0.05,1271,90,38841,30.535377358490567
0.05,1272,-32,38809,30.48625294579733
0.05,1273,-63,38746,30.41287284144427
0.05,1274,93,38839,30.461960784313725
0.05,1275,-167,38672,30.307210031347964
0.05,1276,94,38766,30.35708692247455
0.05,1277,70,38836,30.38810641627543
0.05,1278,90,38926,30.434714620797497
0.05,1279,1,38927,30.41171875
0.05,1280,94,39021,30.461358313817332
0.05,1281,93,39114,30.510140405616223
0.05,1282,77,39191,30.546375681995322
0.05,1283,21,39212,30.538940809968846
0.05,1284,-15,39197,30.503501945525294
0.05,1285,72,39269,30.535769828926906
0.05,1286,85,39354,30.57808857808858
0.05,1287,70,39424,30.608695652173914
0.05,1288,63,39487,30.633824670287044
0.05,1289,-43,39444,30.57674418604651
0.05,1290,70,39514,30.607281177381875
0.05,1291,93,39607,30.655572755417957
0.05,1292,77,39684,30.691415313225058
0.05,1293,-379,39305,30.374806800618238
0.05,1294,86,39391,30.417760617760617
0.05,1295,3,39394,30.396604938271604
0.05,1296,83,39477,30.43716268311488
0.05,1297,88,39565,30.481510015408322
0.05,1298,91,39656,30.52809853733641
0.05,1299,-8,39648,30.498461538461537
0.05,1300,55,39703,30.517294388931592
0.05,1301,84,39787,30.55837173579109
0.05,1302,44,39831,30.568687643898695
0.05,1303,91,39922,30.615030674846626
0.05,1304,91,40013,30.661302681992336
0.05,1305,58,40071,30.682235834609493
0.05,1306,-73,39998,30.602907421576127
0.05,1307,68,40066,30.631498470948014
0.05,1308,-230,39836,30.43239113827349
0.05,1309,32,39868,30.43358778625954
0.05,1310,87,39955,30.47673531655225
0.05,1311,21,39976,30.46951219512195
0.05,1312,74,40050,30.502665651180504
0.05,1313,39,40089,30.509132420091323
0.05,1314,86,40175,30.55133079847909
0.05,1315,39,40214,30.55775075987842
0.05,1316,80,40294,30.59529233105543
0.05,1317,-66,40228,30.522003034901367
0.05,1318,93,40321,30.56937073540561
0.05,1319,16,40337,30.558333333333334
0.05,1320,89,40426,30.602573807721424
0.05,1321,0,40426,30.57942511346445
0.05,1322,19,40445,30.570672713529856
0.05,1323,55,40500,30.589123867069485
0.05,1324,3,40503,30.568301886792455
0.05,1325,64,40567,30.593514328808446
0.05,1326,94,40661,30.641296156744538
0.05,1327,83,40744,30.680722891566266
0.05,1328,93,40837,30.727614747930776
0.05,1329,84,40921,30.76766917293233
0.05,1330,78,40999,30.803155522163788
0.05,1331,75,41074,30.836336336336338
0.05,1332,-92,40982,30.74418604651163
0.05,1333,81,41063,30.78185907046477
0.05,1334,-101,40962,30.68314606741573
0.05,1335,66,41028,30.709580838323355
0.05,1336,74,41102,30.741959611069557
0.05,1337,69,41171,30.77055306427504
0.05,1338,-39,41132,30.718446601941746
0.05,1339,78,41210,30.753731343283583
0.05,1340,43,41253,30.762863534675617
0.05,1341,2,41255,30.741430700447093
0.05,1342,-39,41216,30.689501116902456
0.05,1343,-16,41200,30.654761904761905
0.05,1344,11,41211,30.640148698884758
0.05,1345,-39,41172,30.58841010401189
0.05,1346,-218,40954,30.403860430586487
0.05,1347,85,41039,30.444362017804153
0.05,1348,32,41071,30.445515196441807
0.05,1349,90,41161,30.48962962962963
0.05,1350,6,41167,30.471502590673577
0.05,1351,88,41255,30.51405325443787
0.05,1352,-14,41241,30.481152993348115
0.05,1353,59,41300,30.50221565731167
0.05,1354,-76,41224,30.42361623616236
0.05,1355,78,41302,30.458702064896755
0.05,1356,-16,41286,30.424465733235078
0.05,1357,-45,41241,30.368924889543447
0.05,1358,50,41291,30.38337012509198
0.05,1359,-35,41256,30.33529411764706
0.05,1360,24,41280,30.330639235855987
0.05,1361,84,41364,30.370044052863435
0.05,1362,92,41456,30.415260454878943
0.05,1363,18,41474,30.40615835777126
0.05,1364,82,41556,30.443956043956042
0.05,1365,81,41637,30.480966325036604
0.05,1366,-21,41616,30.44330651060717
0.05,1367,59,41675,30.464181286549707
0.05,1368,90,41765,30.507669831994157
0.05,1369,-80,41685,30.427007299270073
0.05,1370,14,41699,30.415025528811086
0.05,1371,93,41792,30.46064139941691
0.05,1372,-64,41728,30.3918426802622
0.05,1373,75,41803,30.424308588064047
0.05,1374,74,41877,30.456
0.05,1375,69,41946,30.484011627906977
0.05,1376,84,42030,30.522875816993466
0.05,1377,68,42098,30.550072568940493
0.05,1378,73,42171,30.580855692530818
0.05,1379,-25,42146,30.54057971014493
0.05,1380,94,42240,30.586531498913832
0.05,1381,92,42332,30.63096960926194
0.05,1382,-37,42295,30.582067968185104
0.05,1383,17,42312,30.572254335260116
0.05,1384,78,42390,30.60649819494585
0.05,1385,60,42450,30.627705627705627
0.05,1386,82,42532,30.6647440519106
0.05,1387,-52,42480,30.605187319884728
0.05,1388,93,42573,30.65010799136069
0.05,1389,36,42609,30.653956834532373
0.05,1390,77,42686,30.687275341480948
0.05,1391,74,42760,30.7183908045977
0.05,1392,89,42849,30.760229720028715
0.05,1393,82,42931,30.796987087517934
0.05,1394,47,42978,30.808602150537634
0.05,1395,89,43067,30.85028653295129
0.05,1396,74,43141,30.88117394416607
0.05,1397,-186,42955,30.726037195994277
0.05,1398,93,43048,30.770550393137956
0.05,1399,6,43054,30.752857142857142
0.05,1400,-61,42993,30.687366167023555
0.05,1401,10,43003,30.672610556348076
0.05,1402,46,43049,30.68353528153956
0.05,1403,-170,42879,30.54059829059829
0.05,1404,56,42935,30.558718861209965
0.05,1405,88,43023,30.599573257467995
0.05,1406,38,43061,30.604832977967305
0.05,1407,69,43130,30.632102272727273
0.05,1408,12,43142,30.61887863733144
0.05,1409,88,43230,30.659574468085108
0.05,1410,-98,43132,30.568391211906448
0.05,1411,-49,43083,30.512039660056658
0.05,1412,-4,43079,30.487615003538572
0.05,1413,91,43170,30.53041018387553
0.05,1414,-100,43070,30.43816254416961
0.05,1415,1,43071,30.41737288135593
0.05,1416,89,43160,30.458715596330276
0.05,1417,62,43222,30.48095909732017
0.05,1418,-4,43218,30.456659619450317
0.05,1419,2,43220,30.43661971830986
0.05,1420,89,43309,30.47783251231527
0.05,1421,-101,43208,30.38537271448664
0.05,1422,-60,43148,30.32185523541813
0.05,1423,-8,43140,30.29494382022472
0.05,1424,4,43144,30.276491228070174
0.05,1425,89,43233,30.317671809256662
0.05,1426,65,43298,30.34197617379117
0.05,1427,70,43368,30.369747899159663
0.05,1428,-140,43228,30.250524842547236
0.05,1429,5,43233,30.23286713286713
0.05,1430,57,43290,30.251572327044027
0.05,1431,-95,43195,30.164106145251395
0.05,1432,94,43289,30.208653175157014
0.05,1433,-95,43194,30.12133891213389
0.05,1434,-177,43017,29.97700348432056
0.05,1435,84,43101,30.014623955431755
0.05,1436,-11,43090,29.986082115518442
0.05,1437,-97,42993,29.89777468706537
0.05,1438,36,43029,29.90201528839472
0.05,1439,-115,42914,29.801388888888887
0.05,1440,79,42993,29.835530881332406
0.05,1441,92,43085,29.87864077669903
0.05,1442,82,43167,29.914760914760915
0.05,1443,89,43256,29.95567867036011
0.05,1444,76,43332,29.987543252595156
0.05,1445,89,43421,30.028354080221302
0.05,1446,85,43506,30.06634416033172
0.05,1447,-90,43416,29.983425414364643
0.05,1448,18,43434,29.975155279503106
0.05,1449,85,43519,30.013103448275864
0.05,1450,-26,43493,29.974500344589938
0.05,1451,68,43561,30.00068870523416
0.05,1452,-16,43545,29.969029593943564
0.05,1453,68,43613,29.995185694635488
0.05,1454,-131,43482,29.884536082474227
0.05,1455,83,43565,29.921016483516482
0.05,1456,36,43601,29.92518874399451
0.05,1457,23,43624,29.920438957475994
0.05,1458,-20,43604,29.88622344071282
0.05,1459,-38,43566,29.839726027397262
0.05,1460,-81,43485,29.763860369609855
0.05,1461,82,43567,29.799589603283174
0.05,1462,70,43637,29.827067669172934
0.05,1463,93,43730,29.870218579234972
0.05,1464,90,43820,29.911262798634812
0.05,1465,-38,43782,29.86493860845839
0.05,1466,-293,43489,29.644853442399455
0.05,1467,15,43504,29.634877384196184
0.05,1468,60,43564,29.655547991831178
0.05,1469,-20,43544,29.621768707482993
0.05,1470,12,43556,29.609789259007478
0.05,1471,79,43635,29.643342391304348
0.05,1472,-2,43633,29.621860149355058
0.05,1473,91,43724,29.66350067842605
0.05,1474,25,43749,29.66033898305085
0.05,1475,61,43810,29.681571815718158
0.05,1476,-233,43577,29.50372376438727
0.05,1477,83,43660,29.539918809201623
0.05,1478,53,43713,29.55578093306288
0.05,1479,-3,43710,29.533783783783782
0.05,1480,77,43787,29.565833896016205
0.05,1481,72,43859,29.5944669365722
0.05,1482,22,43881,29.58934592043156
0.05,1483,9,43890,29.57547169811321
0.05,1484,77,43967,29.607407407407408
0.05,1485,90,44057,29.648048452220728
0.05,1486,84,44141,29.68459986550101
0.05,1487,90,44231,29.725134408602152
0.05,1488,71,44302,29.75285426460712
0.05,1489,47,44349,29.764429530201344
0.05,1490,-19,44330,29.73172367538565
0.05,1491,81,44411,29.76608579088472
0.05,1492,63,44474,29.788345612860013
0.05,1493,73,44547,29.81726907630522
0.05,1494,71,44618,29.844816053511707
0.05,1495,58,44676,29.863636363636363
0.05,1496,-86,44590,29.78623914495658
0.05,1497,-82,44508,29.711615487316422
0.05,1498,4,44512,29.694462975316878
0.05,1499,2,44514,29.676
0.05,1500,93,44607,29.718187874750168
0.05,1501,-46,44561,29.667776298268976
0.05,1502,55,44616,29.684630738522955
0.05,1503,92,44708,29.726063829787233
0.05,1504,88,44796,29.764784053156145
0.05,1505,-33,44763,29.723107569721115
0.05,1506,66,44829,29.747179827471797
0.05,1507,24,44853,29.74336870026525
0.05,1508,93,44946,29.785288270377734
0.05,1509,77,45023,29.81655629139073
0.05,1510,-34,44989,29.774321641297153
0.05,1511,-19,44970,29.74206349206349
0.05,1512,60,45030,29.762062128222077
0.05,1513,-109,44921,29.670409511228534
0.05,1514,61,44982,29.69108910891089
0.05,1515,-4,44978,29.6688654353562
0.05,1516,86,45064,29.70599868160844
0.05,1517,-61,45003,29.64624505928854
0.05,1518,25,45028,29.643186306780777
0.05,1519,-18,45010,29.611842105263158
0.05,1520,85,45095,29.6482577251808
0.05,1521,86,45181,29.685282522996058
0.05,1522,73,45254,29.713722915298753
0.05,1523,40,45294,29.72047244094488
0.05,1524,68,45362,29.745573770491802
0.05,1525,-18,45344,29.714285714285715
0.05,1526,86,45430,29.751146037982974
0.05,1527,72,45502,29.778795811518325
0.05,1528,87,45589,29.81621975147155
0.05,1529,75,45664,29.84575163398693
0.05,1530,79,45743,29.877857609405616
0.05,1531,-231,45512,29.70757180156658
0.05,1532,-92,45420,29.628180039138943
0.05,1533,82,45502,29.66232073011734
0.05,1534,45,45547,29.672312703583064
0.05,1535,50,45597,29.685546875
0.05,1536,75,45672,29.715029277813922
0.05,1537,70,45742,29.741222366710012
0.05,1538,71,45813,29.76803118908382
0.05,1539,-13,45800,29.74025974025974
0.05,1540,32,45832,29.74172615184945
0.05,1541,43,45875,29.750324254215304
0.05,1542,18,45893,29.742709008425145
0.05,1543,59,45952,29.761658031088082
0.05,1544,46,45998,29.772168284789643
0.05,1545,-38,45960,29.728331177231567
0.05,1546,87,46047,29.76535229476406
0.05,1547,-116,45931,29.671188630490956
0.05,1548,47,45978,29.682375726275016
0.05,1549,-127,45851,29.581290322580646
0.05,1550,90,45941,29.620245003223726
0.05,1551,-139,45802,29.51159793814433
0.05,1552,88,45890,29.5492594977463
0.05,1553,21,45911,29.543758043758043
0.05,1554,90,46001,29.58263665594855
0.05,1555,87,46088,29.619537275064268
0.05,1556,32,46120,29.62106615285806
0.05,1557,-12,46108,29.594351732991015
0.05,1558,-41,46067,29.549069916613213
0.05,1559,46,46113,29.559615384615384
0.05,1560,89,46202,29.597693786034593
0.05,1561,64,46266,29.619718309859156
0.05,1562,-4,46262,29.598208573256557
0.05,1563,43,46305,29.60677749360614
0.05,1564,74,46379,29.63514376996805
0.05,1565,74,46453,29.66347381864623
0.05,1566,-120,46333,29.567964262922782
0.05,1567,12,46345,29.556760204081634
0.05,1568,51,46396,29.5704270235819
0.05,1569,85,46481,29.605732484076434
0.05,1570,74,46555,29.633991088478677
0.05,1571,58,46613,29.65203562340967
0.05,1572,94,46707,29.692943420216146
0.05,1573,14,46721,29.682973316391358
0.05,1574,88,46809,29.72
0.05,1575,27,46836,29.718274111675125
0.05,1576,-88,46748,29.643627140139504
0.05,1577,93,46841,29.683776932826362
0.05,1578,43,46884,29.69221025965801
0.05,1579,76,46960,29.72151898734177
0.05,1580,91,47051,29.760278304870337
0.05,1581,-17,47034,29.7307206068268
0.05,1582,-93,46941,29.653190145293745
0.05,1583,39,46980,29.65909090909091
0.05,1584,-52,46928,29.60757097791798
0.05,1585,87,47015,29.6437578814628
0.05,1586,78,47093,29.674228103339633
0.05,1587,26,47119,29.67191435768262
0.05,1588,90,47209,29.709880427942103
0.05,1589,68,47277,29.733962264150943
0.05,1590,-38,47239,29.691389063482088
0.05,1591,87,47326,29.727386934673365
0.05,1592,-245,47081,29.554927809165097
0.05,1593,92,47173,29.594102885821833
0.05,1594,55,47228,29.610031347962384
0.05,1595,94,47322,29.650375939849624
0.05,1596,68,47390,29.674389480275515
0.05,1597,-29,47361,29.63767209011264
0.05,1598,-154,47207,29.522826766729207
0.05,1599,-76,47131,29.456875
0.05,1600,81,47212,29.489069331667707
0.05,1601,6,47218,29.474406991260924
0.05,1602,87,47305,29.51029320024953
0.05,1603,-43,47262,29.465087281795512
0.05,1604,65,47327,29.487227414330217
0.05,1605,-60,47267,29.431506849315067
0.05,1606,92,47359,29.470441817050403
0.05,1607,82,47441,29.503109452736318
0.05,1608,39,47480,29.509011808576755
0.05,1609,-65,47415,29.450310559006212
0.05,1610,85,47500,29.484792054624457
0.05,1611,20,47520,29.478908188585606
0.05,1612,80,47600,29.510229386236826
0.05,1613,41,47641,29.517348203221808
0.05,1614,17,47658,29.509597523219814
0.05,1615,-129,47529,29.411509900990097
0.05,1616,89,47618,29.448361162646876
0.05,1617,54,47672,29.46353522867738
0.05,1618,77,47749,29.49289684990735
0.05,1619,14,47763,29.483333333333334
0.05,1620,71,47834,29.50894509561999
0.05,1621,-25,47809,29.47533908754624
0.05,1622,8,47817,29.462107208872457
0.05,1623,71,47888,29.48768472906404
0.05,1624,2,47890,29.470769230769232
0.05,1625,88,47978,29.506765067650676
0.05,1626,-141,47837,29.4019668100799
0.05,1627,-58,47779,29.3482800982801
0.05,1628,0,47779,29.330263965623082
0.05,1629,-180,47599,29.201840490797547
0.05,1630,-67,47532,29.142857142857142
0.05,1631,94,47626,29.182598039215687
0.05,1632,74,47700,29.210042865890998
0.05,1633,69,47769,29.234394124847
0.05,1634,92,47861,29.272782874617736
0.05,1635,12,47873,29.262224938875306
0.05,1636,-149,47724,29.153329260843005
0.05,1637,38,47762,29.158730158730158
0.05,1638,86,47848,29.193410616229407
0.05,1639,92,47940,29.23170731707317
0.05,1640,54,47994,29.246800731261427
0.05,1641,-114,47880,29.159561510353228
0.05,1642,-55,47825,29.108338405356054
0.05,1643,79,47904,29.138686131386862
0.05,1644,-548,47356,28.787841945288754
0.05,1645,73,47429,28.814702308626973
0.05,1646,77,47506,28.843958712811173
0.05,1647,91,47597,28.881674757281555
0.05,1648,91,47688,28.919345057610673
0.05,1649,90,47778,28.956363636363637
0.05,1650,92,47870,28.994548758328285
0.05,1651,56,47926,29.01089588377724
0.05,1652,2,47928,28.994555353901998
0.05,1653,87,48015,29.029625151148732
0.05,1654,86,48101,29.06404833836858
0.05,1655,31,48132,29.065217391304348
0.05,1656,89,48221,29.101388050694027
0.05,1657,71,48292,29.126658624849217
0.05,1658,89,48381,29.1627486437613
0.05,1659,62,48443,29.18253012048193
0.05,1660,93,48536,29.220951234196267
0.05,1661,69,48605,29.24488567990373
0.05,1662,88,48693,29.280216476247745
0.05,1663,-319,48374,29.07091346153846
0.05,1664,12,48386,29.06066066066066
0.05,1665,53,48439,29.075030012004802
0.05,1666,87,48526,29.10977804439112
0.05,1667,-37,48489,29.070143884892087
0.05,1668,91,48580,29.107249850209705
0.05,1669,93,48673,29.145508982035928
0.05,1670,21,48694,29.14063435068821
0.05,1671,63,48757,29.160885167464116
0.05,1672,90,48847,29.197250448296472
0.05,1673,62,48909,29.2168458781362
0.05,1674,-53,48856,29.16776119402985
0.05,1675,76,48932,29.195704057279237
0.05,1676,76,49008,29.22361359570662
0.05,1677,-19,48989,29.19487485101311
0.05,1678,41,49030,29.201905896366885
0.05,1679,84,49114,29.23452380952381
0.05,1680,66,49180,29.25639500297442
0.05,1681,79,49259,29.285969084423307
0.05,1682,26,49285,29.284016636957812
0.05,1683,69,49354,29.307600950118765
0.05,1684,71,49425,29.33234421364985
0.05,1685,62,49487,29.351720047449586
0.05,1686,83,49570,29.38352104327208
0.05,1687,88,49658,29.41824644549763
0.05,1688,78,49736,29.447010065127294
0.05,1689,-21,49715,29.41715976331361
0.05,1690,81,49796,29.447664104080427
0.05,1691,84,49880,29.479905437352247
0.05,1692,-25,49855,29.44772593030124
0.05,1693,76,49931,29.475206611570247
0.05,1694,94,50025,29.513274336283185
0.05,1695,33,50058,29.515330188679247
0.05,1696,66,50124,29.536829699469653
0.05,1697,-87,50037,29.468197879858657
0.05,1698,87,50124,29.50206003531489
0.05,1699,48,50172,29.512941176470587
0.05,1700,-23,50149,29.48206937095826
0.05,1701,57,50206,29.498237367802584
0.05,1702,52,50258,29.51145038167939
0.05,1703,11,50269,29.500586854460092
0.05,1704,-62,50207,29.446920821114368
0.05,1705,86,50293,29.480070339976553
0.05,1706,79,50372,29.509080257762157
0.05,1707,38,50410,29.514051522248245
0.05,1708,3,50413,29.498537156231713
0.05,1709,0,50413,29.4812865497076
0.05,1710,-13,50400,29.45645821157218
0.05,1711,87,50487,29.490070093457945
0.05,1712,12,50499,29.47985989492119
0.05,1713,29,50528,29.479579929988333
0.05,1714,88,50616,29.513702623906706
0.05,1715,93,50709,29.5506993006993
0.05,1716,79,50788,29.579499126383226
0.05,1717,-23,50765,29.548894062863795
0.05,1718,88,50853,29.58289703315881
0.05,1719,5,50858,29.56860465116279
0.05,1720,94,50952,29.60604299825683
0.05,1721,86,51038,29.638792102206736
0.05,1722,95,51133,29.676726639582125
0.05,1723,65,51198,29.69721577726218
0.05,1724,-52,51146,29.64985507246377
0.05,1725,66,51212,29.670915411355736
0.05,1726,46,51258,29.680370584829184
0.05,1727,90,51348,29.71527777777778
0.05,1728,25,51373,29.71255060728745
0.05,1729,79,51452,29.741040462427744
0.05,1730,53,51505,29.754477180820334
0.05,1731,83,51588,29.785219399538107
0.05,1732,0,51588,29.76803231390652
0.05,1733,22,51610,29.763552479815456
0.05,1734,93,51703,29.8
0.05,1735,19,51722,29.793778801843317
0.05,1736,5,51727,29.77950489349453
0.05,1737,94,51821,29.81645569620253
0.05,1738,78,51899,29.84416331224842
0.05,1739,7,51906,29.83103448275862
0.05,1740,49,51955,29.842044801838025
0.05,1741,90,52045,29.876578645235362
0.05,1742,90,52135,29.911072862880093
0.05,1743,62,52197,29.92947247706422
0.05,1744,49,52246,29.940401146131805
0.05,1745,81,52327,29.96964490263459
0.05,1746,61,52388,29.987406983400113
0.05,1747,87,52475,30.020022883295194
0.05,1748,44,52519,30.028016009148086
0.05,1749,84,52603,30.058857142857143
0.05,1750,-288,52315,29.877213021130782
0.05,1751,-92,52223,29.807648401826484
0.05,1752,37,52260,29.811751283513978
0.05,1753,23,52283,29.8078677309008
0.05,1754,35,52318,29.81082621082621
0.05,1755,16,52334,29.802961275626423
0.05,1756,-70,52264,29.746158224245875
0.05,1757,-22,52242,29.716723549488055
0.05,1758,67,52309,29.737919272313814
0.05,1759,59,52368,29.754545454545454
0.05,1760,69,52437,29.776831345826235
0.05,1761,73,52510,29.801362088535754
0.05,1762,-12,52498,29.777651730005672
0.05,1763,33,52531,29.779478458049887
0.05,1764,93,52624,29.81529745042493
0.05,1765,74,52698,29.840317100792753
0.05,1766,91,52789,29.87492925863045
0.05,1767,75,52864,29.900452488687783
0.05,1768,54,52918,29.914075749010742
0.05,1769,-230,52688,29.767231638418078
0.05,1770,80,52768,29.795595708639187
0.05,1771,70,52838,29.818284424379232
0.05,1772,60,52898,29.835307388606882
0.05,1773,85,52983,29.866403607666292
0.05,1774,67,53050,29.887323943661972
0.05,1775,-40,53010,29.847972972972972
0.05,1776,66,53076,29.868317388857626
0.05,1777,19,53095,29.862204724409448
0.05,1778,90,53185,29.89600899381675
0.05,1779,80,53265,29.924157303370787
0.05,1780,38,53303,29.928691746209996
0.05,1781,-270,53033,29.76038159371493
0.05,1782,71,53104,29.783510936623667
0.05,1783,92,53196,29.818385650224215
0.05,1784,-38,53158,29.780392156862746
0.05,1785,-40,53118,29.741321388577827
0.05,1786,-7,53111,29.72076105204253
0.05,1787,62,53173,29.738814317673377
0.05,1788,50,53223,29.750139742873113
0.05,1789,-55,53168,29.702793296089386
0.05,1790,-23,53145,29.673366834170853
0.05,1791,94,53239,29.709263392857142
0.05,1792,26,53265,29.707194645844954
0.05,1793,2,53267,29.6917502787068
0.05,1794,75,53342,29.71699164345404
0.05,1795,72,53414,29.74053452115813
0.05,1796,-24,53390,29.710628825820812
0.05,1797,93,53483,29.74582869855395
0.05,1798,-64,53419,29.69371873262924
0.05,1799,65,53484,29.713333333333335
0.05,1800,51,53535,29.725152692948363
0.05,1801,93,53628,29.760266370699224
0.05,1802,63,53691,29.778702163061563
0.05,1803,49,53740,29.789356984478935
0.05,1804,84,53824,29.819390581717453
0.05,1805,49,53873,29.83001107419712
0.05,1806,47,53920,29.83951300498063
0.05,1807,91,54011,29.8733407079646
0.05,1808,92,54103,29.90768380320619
0.05,1809,82,54185,29.93646408839779
0.05,1810,-6,54179,29.916620651573716
0.05,1811,29,54208,29.916114790286976
0.05,1812,93,54301,29.950910093767238
0.05,1813,50,54351,29.9619625137817
0.05,1814,70,54421,29.984022038567492
0.05,1815,91,54512,30.01762114537445
0.05,1816,71,54583,30.04017611447441
0.05,1817,-23,54560,30.01100110011001
0.05,1818,69,54629,30.03243540406817
0.05,1819,-45,54584,29.99120879120879
0.05,1820,32,54616,29.99231191652938
0.05,1821,25,54641,29.989571899012073
0.05,1822,38,54679,29.993965990126167
0.05,1823,54,54733,30.007127192982455
0.05,1824,93,54826,30.041643835616437
0.05,1825,56,54882,30.055859802847756
0.05,1826,-34,54848,30.0207991242474
0.05,1827,29,54877,30.020240700218817
0.05,1828,1,54878,30.004373974849646
0.05,1829,16,54894,29.996721311475408
0.05,1830,-152,54742,29.897323866739487
0.05,1831,4,54746,29.883187772925766
0.05,1832,2,54748,29.86797599563557
0.05,1833,27,54775,29.866412213740457
0.05,1834,94,54869,29.901362397820165
0.05,1835,78,54947,29.92755991285403
0.05,1836,77,55024,29.953184540010888
0.05,1837,55,55079,29.966811751904245
0.05,1838,52,55131,29.97879282218597
0.05,1839,49,55180,29.98913043478261
0.05,1840,10,55190,29.97827267789245
0.05,1841,84,55274,30.007600434310532
0.05,1842,79,55353,30.03418339663592
0.05,1843,-18,55335,30.00813449023861
0.05,1844,-149,55186,29.91111111111111
0.05,1845,46,55232,29.91982665222102
0.05,1846,88,55320,29.951272333513806
0.05,1847,92,55412,29.984848484848484
0.05,1848,-150,55262,29.887506760411032
0.05,1849,36,55298,29.890810810810812
0.05,1850,93,55391,29.924905456509993
0.05,1851,20,55411,29.919546436285096
0.05,1852,13,55424,29.910415542363733
0.05,1853,-6,55418,29.891046386192016
0.05,1854,41,55459,29.897035040431266
0.05,1855,72,55531,29.919719827586206
0.05,1856,57,55588,29.934302638664512
0.05,1857,83,55671,29.96286329386437
0.05,1858,51,55722,29.97417966648736
0.05,1859,61,55783,29.990860215053765
0.05,1860,86,55869,30.020956475013435
0.05,1861,45,55914,30.029001074113857
0.05,1862,90,56004,30.061191626409016
0.05,1863,80,56084,30.087982832618025
0.05,1864,-1,56083,30.07131367292225
0.05,1865,-307,55776,29.890675241157556
0.05,1866,77,55853,29.915907873594
0.05,1867,-39,55814,29.879014989293363
0.05,1868,67,55881,29.89887640449438
0.05,1869,83,55964,29.927272727272726
0.05,1870,87,56051,29.957776590058792
0.05,1871,54,56105,29.97061965811966
0.05,1872,-11,56094,29.948745328350242
0.05,1873,80,56174,29.975453575240127
0.05,1874,18,56192,29.969066666666667
0.05,1875,92,56284,30.002132196162048
0.05,1876,27,56311,30.00053276505061
0.05,1877,-251,56060,29.850905218317358
0.05,1878,12,56072,29.84140500266099
0.05,1879,81,56153,29.868617021276595
0.05,1880,94,56247,29.902711323763956
0.05,1881,91,56338,29.935175345377257
0.05,1882,73,56411,29.958045671800317
0.05,1883,91,56502,29.99044585987261
0.05,1884,91,56593,30.022811671087535
0.05,1885,27,56620,30.02120890774125
0.05,1886,-147,56473,29.927397986221514
0.05,1887,77,56550,29.952330508474578
0.05,1888,75,56625,29.976177871889888
0.05,1889,40,56665,29.98148148148148
0.05,1890,-17,56648,29.956636700158647
0.05,1891,-3,56645,29.9392177589852
0.05,1892,53,56698,29.951399894347595
0.05,1893,22,56720,29.947201689545935
0.05,1894,63,56783,29.964643799472295
0.05,1895,84,56867,29.99314345991561
0.05,1896,94,56961,30.02688455455983
0.05,1897,5,56966,30.013698630136986
0.05,1898,89,57055,30.044760400210638
0.05,1899,94,57149,30.07842105263158
0.05,1900,83,57232,30.10625986322988
0.05,1901,-200,57032,29.98527865404837
0.05,1902,45,57077,29.993168681029953
0.05,1903,62,57139,30.00997899159664
0.05,1904,-421,56718,29.773228346456694
0.05,1905,20,56738,29.76810073452256
0.05,1906,4,56742,29.754588358678554
0.05,1907,-61,56681,29.707023060796647
0.05,1908,79,56760,29.732844421162913
0.05,1909,29,56789,29.732460732984293
0.05,1910,74,56863,29.7556253270539
0.05,1911,91,56954,29.78765690376569
0.05,1912,-27,56927,29.757971772085728
0.05,1913,36,56963,29.76123301985371
0.05,1914,60,57023,29.77702349869452
0.05,1915,77,57100,29.801670146137788
0.05,1916,63,57163,29.818988002086595
0.05,1917,89,57252,29.849843587069863
0.05,1918,-9,57243,29.82959874934862
0.05,1919,-246,56997,29.6859375
0.05,1920,-1,56996,29.669963560645495
0.05,1921,-114,56882,29.595213319458896
0.05,1922,92,56974,29.627665106604265
0.05,1923,51,57025,29.638773388773387
0.05,1924,70,57095,29.65974025974026
0.05,1925,8,57103,29.648494288681203
0.05,1926,88,57191,29.678775298391283
0.05,1927,-302,56889,29.50674273858921
0.05,1928,72,56961,29.52877138413686
0.05,1929,6,56967,29.51658031088083
0.05,1930,88,57055,29.54686690833765
0.05,1931,-34,57021,29.513975155279503
0.05,1932,-66,56955,29.46456285566477
0.05,1933,84,57039,29.492761116856258
0.05,1934,-64,56975,29.444444444444443
0.05,1935,2,56977,29.430268595041323
0.05,1936,72,57049,29.452245740836346
0.05,1937,-200,56849,29.333849329205368
0.05,1938,92,56941,29.36616812790098
0.05,1939,12,56953,29.35721649484536
0.05,1940,51,57004,29.36836682122617
0.05,1941,-88,56916,29.307929969104016
0.05,1942,-176,56740,29.202264539372106
0.05,1943,70,56810,29.223251028806583
0.05,1944,76,56886,29.247300771208227
0.05,1945,-3,56883,29.230729701952722
0.05,1946,31,56914,29.231638418079097
0.05,1947,74,56988,29.254620123203285
0.05,1948,-46,56942,29.21600820933812
0.05,1949,94,57036,29.24923076923077
0.05,1950,92,57128,29.281394156842644
0.05,1951,79,57207,29.30686475409836
0.05,1952,92,57299,29.338965693804404
0.05,1953,77,57376,29.36335721596725
0.05,1954,-49,57327,29.323273657289004
0.05,1955,94,57421,29.356339468302657
0.05,1956,68,57489,29.376085845682166
0.05,1957,71,57560,29.397344228804904
0.05,1958,90,57650,29.428279734558448
0.05,1959,76,57726,29.45204081632653
0.05,1960,81,57807,29.47832738398776
0.05,1961,-118,57689,29.40316004077472
0.05,1962,-21,57668,29.37748344370861
0.05,1963,-71,57597,29.326374745417514
0.05,1964,-31,57566,29.295674300254454
0.05,1965,75,57641,29.318921668362158
0.05,1966,-47,57594,29.280122013218097
0.05,1967,88,57682,29.309959349593495
0.05,1968,87,57769,29.33925850685627
0.05,1969,50,57819,29.349746192893402
0.05,1970,-34,57785,29.317605276509386
0.05,1971,65,57850,29.335699797160242
0.05,1972,66,57916,29.35428281804359
0.05,1973,-8,57908,29.335359675785206
0.05,1974,77,57985,29.359493670886074
0.05,1975,26,58011,29.357793522267208
0.05,1976,-38,57973,29.32372281234193
0.05,1977,3,57976,29.310414560161778
0.05,1978,87,58063,29.33956543708944
0.05,1979,0,58063,29.324747474747475
0.05,1980,-95,57968,29.26198889449773
0.05,1981,90,58058,29.29263370332997
0.05,1982,67,58125,29.311649016641454
0.05,1983,64,58189,29.329133064516128
0.05,1984,90,58279,29.359697732997482
0.05,1985,70,58349,29.380161127895267
0.05,1986,76,58425,29.40362355309512
0.05,1987,78,58503,29.428068410462778
0.05,1988,75,58578,29.45098039215686
0.05,1989,93,58671,29.48291457286432
0.05,1990,59,58730,29.49773982923154
0.05,1991,-46,58684,29.45983935742972
0.05,1992,37,58721,29.46362267937782
0.05,1993,13,58734,29.455366098294885
0.05,1994,76,58810,29.478696741854638
0.05,1995,-124,58686,29.40180360721443
0.05,1996,94,58780,29.43415122684026
0.05,1997,-171,58609,29.333833833833832
0.05,1998,49,58658,29.34367183591796
0.05,1999,-73,58585,29.2925
0.05,2000,57,58642,29.306346826586708
0.05,2001,0,58642,29.291708291708293
0.05,2002,-26,58616,29.26410384423365
0.05,2003,83,58699,29.290918163672654
0.05,2004,80,58779,29.316209476309226
0.05,2005,90,58869,29.346460618145564
0.05,2006,-95,58774,29.284504235176883
0.05,2007,75,58849,29.307270916334662
0.05,2008,80,58929,29.332503733200596
0.05,2009,85,59014,29.360199004975126
0.05,2010,9,59023,29.35007458975634
0.05,2011,67,59090,29.368787276341948
0.05,2012,88,59178,29.39791356184799
0.05,2013,83,59261,29.42452830188679
0.05,2014,93,59354,29.4560794044665
0.05,2015,22,59376,29.452380952380953
0.05,2016,47,59423,29.461080813088746
0.05,2017,16,59439,29.454410307234888
0.05,2018,15,59454,29.447251114413074
0.05,2019,80,59534,29.472277227722774
0.05,2020,43,59577,29.47897080653142
0.05,2021,93,59670,29.51038575667656
0.05,2022,37,59707,29.51408798813643
0.05,2023,2,59709,29.500494071146246
0.05,2024,92,59801,29.531358024691357
0.05,2025,-112,59689,29.461500493583415
0.05,2026,90,59779,29.49136655155402
0.05,2027,-103,59676,29.42603550295858
0.05,2028,78,59754,29.449975357318877
0.05,2029,89,59843,29.479310344827585
0.05,2030,90,59933,29.509108813392416
0.05,2031,76,60009,29.531988188976378
0.05,2032,-105,59904,29.46581406787998
0.05,2033,-41,59863,29.431170108161258
0.05,2034,42,59905,29.437346437346438
0.05,2035,38,59943,29.441552062868368
0.05,2036,-294,59649,29.282768777614137
0.05,2037,-8,59641,29.264474975466143
0.05,2038,-10,59631,29.24521824423737
0.05,2039,44,59675,29.252450980392158
0.05,2040,29,59704,29.25232729054385
0.05,2041,-89,59615,29.194417238001957
0.05,2042,-132,59483,29.115516397454723
0.05,2043,2,59485,29.10225048923679
0.05,2044,28,59513,29.101711491442543
0.05,2045,84,59597,29.128543499511242
0.05,2046,83,59680,29.15486077186126
0.05,2047,-78,59602,29.1025390625
0.05,2048,79,59681,29.126891166422645
0.05,2049,23,59704,29.12390243902439
0.05,2050,-177,59527,29.023403217942466
0.05,2051,89,59616,29.05263157894737
0.05,2052,76,59692,29.07549926936191
0.05,2053,-31,59661,29.046251217137293
0.05,2054,86,59747,29.073965936739658
0.05,2055,60,59807,29.089007782101167
0.05,2056,-1,59806,29.074380165289256
0.05,2057,81,59887,29.09961127308066
0.05,2058,-20,59867,29.07576493443419
0.05,2059,65,59932,29.093203883495146
0.05,2060,52,59984,29.104318292091218
0.05,2061,16,60000,29.09796314258002
0.05,2062,85,60085,29.12506059137179
0.05,2063,91,60176,29.155038759689923
0.05,2064,87,60263,29.183050847457626
0.05,2065,29,60292,29.18296224588577
0.05,2066,-235,60057,29.055152394775035
0.05,2067,-40,60017,29.021760154738878
0.05,2068,77,60094,29.044949250845818
0.05,2069,59,60153,29.059420289855073
0.05,2070,91,60244,29.08932882665379
0.05,2071,94,60338,29.12065637065637
0.05,2072,15,60353,29.113844669561022
0.05,2073,73,60426,29.13500482160077
0.05,2074,1,60427,29.12144578313253
0.05,2075,46,60473,29.12957610789981
0.05,2076,82,60555,29.155031295137217
0.05,2077,91,60646,29.184793070259865
0.05,2078,-117,60529,29.114478114478114
0.05,2079,73,60602,29.135576923076922
0.05,2080,48,60650,29.144641999038924
0.05,2081,-3,60647,29.12920268972142
0.05,2082,92,60739,29.15938550168027
0.05,2083,25,60764,29.157389635316697
0.05,2084,91,60855,29.18705035971223
0.05,2085,93,60948,29.2176414189837
0.05,2086,-123,60825,29.144705318639193
0.05,2087,91,60916,29.174329501915707
0.05,2088,77,60993,29.197223551938727
0.05,2089,94,61087,29.22822966507177
0.05,2090,48,61135,29.237207077953133
0.05,2091,84,61219,29.26338432122371
0.05,2092,62,61281,29.279025322503582
0.05,2093,64,61345,29.295606494746895
0.05,2094,85,61430,29.32219570405728
0.05,2095,46,61476,29.330152671755727
0.05,2096,73,61549,29.35097758702909
0.05,2097,45,61594,29.358436606291708
0.05,2098,87,61681,29.3858980466889
0.05,2099,93,61774,29.416190476190476
0.05,2100,-48,61726,29.379343169919085
0.05,2101,-21,61705,29.35537583254044
0.05,2102,30,61735,29.355682358535425
0.05,2103,-327,61408,29.186311787072242
0.05,2104,74,61482,29.207600950118763
0.05,2105,-9,61473,29.18945868945869
0.05,2106,-127,61346,29.11532985287138
0.05,2107,82,61428,29.140417457305503
0.05,2108,-104,61324,29.07728781412992
0.05,2109,91,61415,29.106635071090047
0.05,2110,11,61426,29.098057792515394
0.05,2111,61,61487,29.11316287878788
0.05,2112,76,61563,29.135352579271178
0.05,2113,-114,61449,29.06764427625355
0.05,2114,87,61536,29.095035460992907
0.05,2115,94,61630,29.12570888468809
0.05,2116,86,61716,29.15257439773264
0.05,2117,42,61758,29.158640226628894
0.05,2118,89,61847,29.18688060405852
0.05,2119,93,61940,29.21698113207547
0.05,2120,-235,61705,29.09240924092409
0.05,2121,94,61799,29.122997172478794
0.05,2122,60,61859,29.13754121526142
0.05,2123,40,61899,29.14265536723164
0.05,2124,-34,61865,29.11294117647059
0.05,2125,15,61880,29.106302916274693
0.05,2126,54,61934,29.118006582040433
0.05,2127,84,62018,29.143796992481203
0.05,2128,94,62112,29.174260216063878
0.05,2129,75,62187,29.195774647887323
0.05,2130,91,62278,29.224777099953073
0.05,2131,57,62335,29.23780487804878
0.05,2132,93,62428,29.26769807782466
0.05,2133,60,62488,29.282099343955014
0.05,2134,68,62556,29.300234192037472
0.05,2135,42,62598,29.3061797752809
0.05,2136,83,62681,29.331305568554047
0.05,2137,-136,62545,29.25397567820393
0.05,2138,87,62632,29.2809724170173
0.05,2139,-153,62479,29.195794392523364
0.05,2140,35,62514,29.19850537132181
0.05,2141,67,62581,29.216153127917835
0.05,2142,82,62663,29.24078394773682
0.05,2143,70,62733,29.259794776119403
0.05,2144,79,62812,29.282983682983684
0.05,2145,-13,62799,29.263280521901212
0.05,2146,-138,62661,29.185374941779227
0.05,2147,63,62724,29.201117318435752
0.05,2148,-58,62666,29.160539785946952
0.05,2149,92,62758,29.189767441860464
0.05,2150,70,62828,29.208740120874012
0.05,2151,89,62917,29.236524163568774
0.05,2152,86,63003,29.262888992104042
0.05,2153,86,63089,29.289229340761374
0.05,2154,41,63130,29.294663573085845
0.05,2155,84,63214,29.320037105751393
0.05,2156,31,63245,29.32081594807603
0.05,2157,91,63336,29.349397590361445
0.05,2158,93,63429,29.378879110699398
0.05,2159,-11,63418,29.360185185185184
0.05,2160,27,63445,29.359093012494217
0.05,2161,35,63480,29.361702127659573
0.05,2162,85,63565,29.387424872861764
0.05,2163,79,63644,29.410351201478743
0.05,2164,75,63719,29.431408775981524
0.05,2165,82,63801,29.45567867036011
0.05,2166,-103,63698,29.394554683894786
0.05,2167,22,63720,29.391143911439116
0.05,2168,90,63810,29.41908713692946
0.05,2169,45,63855,29.42626728110599
0.05,2170,75,63930,29.44725932749885
0.05,2171,93,64023,29.476519337016576
0.05,2172,37,64060,29.479981592268754
0.05,2173,-20,64040,29.457221711131556
0.05,2174,86,64126,29.4832183908046
0.05,2175,28,64154,29.482536764705884
0.05,2176,53,64207,29.493339457969682
0.05,2177,5,64212,29.482093663911847
0.05,2178,85,64297,29.50757228086278
0.05,2179,67,64364,29.524770642201833
0.05,2180,78,64442,29.54699679046309
0.05,2181,43,64485,29.553162236480294
0.05,2182,-43,64442,29.519926706367386
0.05,2183,94,64536,29.54945054945055
0.05,2184,93,64629,29.578489702517164
0.05,2185,91,64720,29.60658737419945
0.05,2186,85,64805,29.63191586648377
0.05,2187,77,64882,29.653564899451553
0.05,2188,35,64917,29.65600730927364
0.05,2189,89,65006,29.68310502283105
0.05,2190,27,65033,29.68188041989959
0.05,2191,65,65098,29.697992700729927
0.05,2192,2,65100,29.685362517099865
0.05,2193,-111,64989,29.621239744758434
0.05,2194,3,64992,29.609111617312074
0.05,2195,87,65079,29.635245901639344
0.05,2196,79,65158,29.65771506599909
0.05,2197,69,65227,29.675614194722474
0.05,2198,85,65312,29.700773078672125
0.05,2199,-24,65288,29.676363636363636
0.05,2200,20,65308,29.671967287596548
0.05,2201,92,65400,29.70027247956403
0.05,2202,73,65473,29.719927371765774
0.05,2203,60,65533,29.73366606170599
0.05,2204,93,65626,29.76235827664399
0.05,2205,90,65716,29.789664551223936
0.05,2206,-39,65677,29.758495695514274
0.05,2207,71,65748,29.777173913043477
0.05,2208,90,65838,29.80443639655953
0.05,2209,37,65875,29.807692307692307
0.05,2210,34,65909,29.80958842152872
0.05,2211,35,65944,29.811934900542497
0.05,2212,80,66024,29.834613646633528
0.05,2213,94,66118,29.863595302619693
0.05,2214,94,66212,29.89255079006772
0.05,2215,-17,66195,29.87138989169675
0.05,2216,93,66288,29.899864682002708
0.05,2217,19,66307,29.894950405770963
0.05,2218,72,66379,29.913925191527714
0.05,2219,-35,66344,29.884684684684686
0.05,2220,68,66412,29.90184601530842
0.05,2221,-13,66399,29.882538253825384
0.05,2222,-132,66267,29.809716599190285
0.05,2223,92,66359,29.83767985611511
0.05,2224,72,66431,29.856629213483146
0.05,2225,-14,66417,29.836927223719677
0.05,2226,84,66501,29.861248316120342
0.05,2227,67,66568,29.877917414721722
0.05,2228,85,66653,29.902646926873036
0.05,2229,57,66710,29.91479820627803
0.05,2230,-60,66650,29.87449574181981
0.05,2231,57,66707,29.886648745519715
0.05,2232,-6,66701,29.870577698163906
0.05,2233,-211,66490,29.762757385854968
0.05,2234,-35,66455,29.7337807606264
0.05,2235,69,66524,29.75134168157424
0.05,2236,91,66615,29.778721502011624
0.05,2237,47,66662,29.786416443252904
0.05,2238,70,66732,29.80437695399732
0.05,2239,88,66820,29.830357142857142
0.05,2240,65,66885,29.846050870147256
0.05,2241,-71,66814,29.80107047279215
0.05,2242,75,66889,29.821221578243424
0.05,2243,16,66905,29.8150623885918
0.05,2244,94,66999,29.843652561247215
0.05,2245,13,67012,29.836153161175424
0.05,2246,67,67079,29.852692478860703
0.05,2247,94,67173,29.881227758007118
0.05,2248,90,67263,29.90795909293019
0.05,2249,94,67357,29.936444444444444
0.05,2250,-97,67260,29.88005330964016
0.05,2251,-259,67001,29.75177619893428
0.05,2252,1,67002,29.73901464713715
0.05,2253,-32,66970,29.711623779946763
0.05,2254,-35,66935,29.682926829268293
0.05,2255,92,67027,29.71054964539007
0.05,2256,92,67119,29.738147984049622
0.05,2257,22,67141,29.734720992028343
0.05,2258,85,67226,29.759185480301017
0.05,2259,-12,67214,29.74070796460177
0.05,2260,87,67301,29.766032728881026
0.05,2261,-164,67137,29.680371352785144
0.05,2262,36,67173,29.683163941670347
0.05,2263,89,67262,29.709363957597173
0.05,2264,-33,67229,29.68167770419426
0.05,2265,-27,67202,29.656663724624888
0.05,2266,66,67268,29.672695191883548
0.05,2267,-35,67233,29.644179894179896
0.05,2268,11,67244,29.635962979286028
0.05,2269,93,67337,29.663876651982378
0.05,2270,79,67416,29.685601056803172
0.05,2271,76,67492,29.705985915492956
0.05,2272,84,67576,29.72987241531016
0.05,2273,-91,67485,29.676781002638524
0.05,2274,-228,67257,29.563516483516484
0.05,2275,91,67348,29.590509666080845
0.05,2276,15,67363,29.584101888449716
0.05,2277,37,67400,29.5873573309921
0.05,2278,6,67406,29.577007459412023
0.05,2279,-33,67373,29.549561403508772
0.05,2280,-31,67342,29.52301622095572
0.05,2281,57,67399,29.535056967572306
0.05,2282,63,67462,29.549715286903197
0.05,2283,31,67493,29.550350262697023
0.05,2284,40,67533,29.55492341356674
0.05,2285,89,67622,29.58092738407699
0.05,2286,90,67712,29.607345867949277
0.05,2287,84,67796,29.63111888111888
0.05,2288,89,67885,29.657055482743555
0.05,2289,-4,67881,29.64235807860262
0.05,2290,41,67922,29.64731558271497
0.05,2291,91,68013,29.67408376963351
0.05,2292,9,68022,29.665067597034454
0.05,2293,89,68111,29.690932868352224
0.05,2294,52,68163,29.700653594771243
0.05,2295,91,68254,29.727351916376307
0.05,2296,89,68343,29.753156290814104
0.05,2297,85,68428,29.777197563098348
0.05,2298,31,68459,29.77772944758591
0.05,2299,65,68524,29.79304347826087
0.05,2300,22,68546,29.789656671012605
0.05,2301,41,68587,29.794526498696786
0.05,2302,-70,68517,29.75119409465914
0.05,2303,36,68553,29.75390625
0.05,2304,-24,68529,29.73058568329718
0.05,2305,91,68620,29.757155247181267
0.05,2306,-10,68610,29.739921976592978
0.05,2307,64,68674,29.75476603119584
0.05,2308,81,68755,29.776959722823733
0.05,2309,60,68815,29.79004329004329
0.05,2310,92,68907,29.816962353959326
0.05,2311,27,68934,29.81574394463668
0.05,2312,-10,68924,29.798530047557286
0.05,2313,74,68998,29.817631806395852
0.05,2314,69,69067,29.834557235421165
0.05,2315,30,69097,29.8346286701209
0.05,2316,37,69134,29.837721191195513
0.05,2317,78,69212,29.858498705780846
0.05,2318,83,69295,29.88141440275981
0.05,2319,7,69302,29.87155172413793
0.05,2320,77,69379,29.89185695820767
0.05,2321,69,69448,29.90869939707149
0.05,2322,47,69495,29.91605682307361
0.05,2323,75,69570,29.935456110154906
0.05,2324,85,69655,29.959139784946238
0.05,2325,-62,69593,29.919604471195186
0.05,2326,-20,69573,29.898152127202408
0.05,2327,5,69578,29.88745704467354
0.05,2328,-12,69566,29.869471876341777
0.05,2329,94,69660,29.896995708154506
0.05,2330,93,69753,29.924066924066924
0.05,2331,47,69800,29.93138936535163
0.05,2332,-73,69727,29.887269609944276
0.05,2333,47,69774,29.894601542416453
0.05,2334,48,69822,29.90235546038544
0.05,2335,11,69833,29.894263698630137
0.05,2336,-53,69780,29.858793324775352
0.05,2337,71,69851,29.87639007698888
0.05,2338,74,69925,29.89525438221462
0.05,2339,81,70006,29.917094017094016
0.05,2340,94,70100,29.944468175993165
0.05,2341,3,70103,29.932963279248504
0.05,2342,7,70110,29.923175416133162
0.05,2343,-10,70100,29.906143344709896
0.05,2344,90,70190,29.931769722814497
0.05,2345,-14,70176,29.91304347826087
0.05,2346,63,70239,29.927141031103538
0.05,2347,10,70249,29.918654173764907
0.05,2348,0,70249,29.90591741166454
0.05,2349,24,70273,29.90340425531915
0.05,2350,78,70351,29.9238621863037
0.05,2351,-23,70328,29.901360544217688
0.05,2352,92,70420,29.927751806204846
0.05,2353,33,70453,29.929056924384028
0.05,2354,-4,70449,29.91464968152866
0.05,2355,92,70541,29.94100169779287
0.05,2356,67,70608,29.956724649978785
0.05,2357,50,70658,29.965224766751483
0.05,2358,-47,70611,29.93259855871132
0.05,2359,68,70679,29.94872881355932
0.05,2360,-5,70674,29.933926302414232
0.05,2361,-33,70641,29.90728196443692
0.05,2362,28,70669,29.906474820143885
0.05,2363,14,70683,29.8997461928934
0.05,2364,90,70773,29.925158562367866
0.05,2365,23,70796,29.922231614539307
0.05,2366,-25,70771,29.899028305872413
0.05,2367,93,70864,29.925675675675677
0.05,2368,-72,70792,29.88265090755593
0.05,2369,52,70844,29.89198312236287
0.05,2370,86,70930,29.91564740615774
0.05,2371,37,70967,29.918634064080944
0.05,2372,82,71049,29.940581542351453
0.05,2373,50,71099,29.949031171019378
0.05,2374,64,71163,29.963368421052632
0.05,2375,67,71230,29.97895622895623
0.05,2376,76,71306,29.998317206562895
0.05,2377,83,71389,30.020605550883094
0.05,2378,-33,71356,29.994115174443042
0.05,2379,90,71446,30.01932773109244
0.05,2380,-72,71374,29.97648047039059
0.05,2381,-86,71288,29.927791771620488
0.05,2382,39,71327,29.93159882501049
0.05,2383,73,71400,29.949664429530202
0.05,2384,13,71413,29.942557651991613
0.05,2385,88,71501,29.966890192791283
0.05,2386,82,71583,29.988688730624215
0.05,2387,39,71622,29.992462311557787
0.05,2388,41,71663,29.997069903725407
0.05,2389,69,71732,30.01338912133891
0.05,2390,33,71765,30.014638226683395
0.05,2391,88,71853,30.038879598662206
0.05,2392,89,71942,30.06351859590472
0.05,2393,94,72036,30.090225563909776
0.05,2394,83,72119,30.11231732776618
0.05,2395,78,72197,30.132303839732888
0.05,2396,-89,72108,30.082603254067585
0.05,2397,14,72122,30.075896580483736
0.05,2398,76,72198,30.095039599833264
0.05,2399,46,72244,30.101666666666667
0.05,2400,-2,72242,30.088296543107038
0.05,2401,12,72254,30.080766028309743
0.05,2402,55,72309,30.091136079900124
0.05,2403,10,72319,30.08277870216306
0.05,2404,23,72342,30.07983367983368
0.05,2405,63,72405,30.09351620947631
0.05,2406,-115,72290,30.03323639385127
0.05,2407,94,72384,30.059800664451828
0.05,2408,-105,72279,30.00373599003736
0.05,2409,-18,72261,29.98381742738589
0.05,2410,73,72334,30.001659062629614
0.05,2411,24,72358,29.999170812603648
0.05,2412,70,72428,30.015748031496063
0.05,2413,-7,72421,30.000414250207125
0.05,2414,91,72512,30.02567287784679
0.05,2415,-36,72476,29.998344370860927
0.05,2416,-17,72459,29.978899462143154
0.05,2417,80,72539,29.999586435070306
0.05,2418,79,72618,30.01984291029351
0.05,2419,77,72695,30.039256198347108
0.05,2420,91,72786,30.06443618339529
0.05,2421,-14,72772,30.046242774566473
0.05,2422,94,72866,30.07263722657862
0.05,2423,-138,72728,30.003300330033003
0.05,2424,-16,72712,29.984329896907216
0.05,2425,94,72806,30.010717230008243
0.05,2426,-238,72568,29.900288421920067
0.05,2427,56,72624,29.911037891268535
0.05,2428,57,72681,29.922190201729105
0.05,2429,65,72746,29.936625514403293
0.05,2430,42,72788,29.941587823940765
0.05,2431,60,72848,29.95394736842105
0.05,2432,5,72853,29.943690916563913
0.05,2433,51,72904,29.952341824157767
0.05,2434,-317,72587,29.809856262833677
0.05,2435,-77,72510,29.766009852216747
0.05,2436,82,72592,29.78744357816988
0.05,2437,59,72651,29.799425758818703
0.05,2438,20,72671,29.79540795407954
0.05,2439,84,72755,29.817622950819672
0.05,2440,-12,72743,29.80049160180254
0.05,2441,81,72824,29.821457821457823
0.05,2442,-85,72739,29.77445763405649
0.05,2443,30,72769,29.77454991816694
0.05,2444,-28,72741,29.750920245398774
0.05,2445,-3,72738,29.737530662305804
0.05,2446,4,72742,29.727012668573764
0.05,2447,83,72825,29.748774509803923
0.05,2448,-199,72626,29.655369538587177
0.05,2449,93,72719,29.68122448979592
0.05,2450,-7,72712,29.66625866993064
0.05,2451,89,72801,29.690456769983687
0.05,2452,-379,72422,29.523848348960456
0.05,2453,45,72467,29.530154849225752
0.05,2454,-5,72462,29.516089613034623
0.05,2455,36,72498,29.51872964169381
0.05,2456,-110,72388,29.46194546194546
0.05,2457,93,72481,29.48779495524817
0.05,2458,94,72575,29.514030093533957
0.05,2459,-16,72559,29.495528455284553
0.05,2460,73,72632,29.513206013815523
0.05,2461,88,72720,29.536961819658814
0.05,2462,67,72787,29.55217214778725
0.05,2463,71,72858,29.568993506493506
0.05,2464,8,72866,29.56024340770791
0.05,2465,-229,72637,29.455393349553933
0.05,2466,93,72730,29.481151195784353
0.05,2467,18,72748,29.47649918962723
0.05,2468,86,72834,29.49939246658566
0.05,2469,21,72855,29.495951417004047
0.05,2470,80,72935,29.51639012545528
0.05,2471,-142,72793,29.44700647249191
0.05,2472,43,72836,29.452486858067125
0.05,2473,-106,72730,29.397736459175423
0.05,2474,93,72823,29.423434343434344
0.05,2475,38,72861,29.426898222940228
0.05,2476,-10,72851,29.410981025433994
0.05,2477,90,72941,29.43543179983858
0.05,2478,-241,72700,29.326341266639773
0.05,2479,92,72792,29.351612903225806
0.05,2480,-146,72646,29.280935106811768
0.05,2481,88,72734,29.304593070104755
0.05,2482,23,72757,29.302053966975432
0.05,2483,-202,72555,29.208937198067634
0.05,2484,43,72598,29.214486921529176
0.05,2485,82,72680,29.235720032180208
0.05,2486,90,72770,29.260152794531564
0.05,2487,-134,72636,29.194533762057876
0.05,2488,77,72713,29.213740458015266
0.05,2489,-61,72652,29.17751004016064
0.05,2490,65,72717,29.19189080690486
0.05,2491,36,72753,29.1946227929374
0.05,2492,-16,72737,29.1764941837144
0.05,2493,84,72821,29.19847634322374
0.05,2494,92,72913,29.223647294589178
0.05,2495,-91,72822,29.17548076923077
0.05,2496,31,72853,29.176211453744493
0.05,2497,86,72939,29.198959167333868
0.05,2498,-19,72920,29.179671868747498
0.05,2499,91,73011,29.2044
0.05,2500,-129,72882,29.141143542582967
0.05,2501,-34,72848,29.115907274180657
0.05,2502,89,72937,29.13983220135837
0.05,2503,88,73025,29.163338658146966
0.05,2504,85,73110,29.18562874251497
0.05,2505,79,73189,29.205506783719073
0.05,2506,83,73272,29.226964499401674
0.05,2507,1,73273,29.215709728867623
0.05,2508,53,73326,29.225189318453566
0.05,2509,87,73413,29.248207171314743
0.05,2510,-156,73257,29.174432497013143
0.05,2511,85,73342,29.196656050955415
0.05,2512,-21,73321,29.1766812574612
0.05,2513,64,73385,29.190533015115353
0.05,2514,-10,73375,29.174950298210735
0.05,2515,91,73466,29.19952305246423
0.05,2516,71,73537,29.216130313865712
0.05,2517,-213,73324,29.119936457505958
0.05,2518,-57,73267,29.08574831282255
0.05,2519,13,73280,29.07936507936508
0.05,2520,93,73373,29.10472034906783
0.05,2521,55,73428,29.114988104678826
0.05,2522,13,73441,29.108600871977803
0.05,2523,78,73519,29.12797147385103
0.05,2524,69,73588,29.143762376237625
0.05,2525,48,73636,29.151227236737924
0.05,2526,-10,73626,29.13573407202216
0.05,2527,-12,73614,29.119462025316455
0.05,2528,6,73620,29.110320284697508
0.05,2529,83,73703,29.131620553359685
0.05,2530,56,73759,29.14223627024891
0.05,2531,84,73843,29.16390205371248
0.05,2532,1,73844,29.15278326095539
0.05,2533,18,73862,29.148382004735595
0.05,2534,-165,73697,29.07179487179487
0.05,2535,25,73722,29.070189274447948
0.05,2536,91,73813,29.094599921166733
0.05,2537,86,73899,29.117021276595743
0.05,2538,-105,73794,29.064198503347775
0.05,2539,85,73879,29.086220472440946
0.05,2540,93,73972,29.111373475009838
0.05,2541,72,74044,29.128245476003148
0.05,2542,-28,74016,29.10578057412505
0.05,2543,-172,73844,29.02672955974843
0.05,2544,-1,73843,29.014931237721022
0.05,2545,80,73923,29.034956794972505
0.05,2546,22,73945,29.03219473890852
0.05,2547,-20,73925,29.012951334379906
0.05,2548,7,73932,29.004315417810908
0.05,2549,-131,73801,28.94156862745098
0.05,2550,90,73891,28.96550372402979
0.05,2551,-7,73884,28.95141065830721
0.05,2552,91,73975,28.975714845280063
0.05,2553,76,74051,28.99412685982772
0.05,2554,-11,74040,28.978473581213308
0.05,2555,76,74116,28.996870109546165
0.05,2556,-27,74089,28.974970668752444
0.05,2557,77,74166,28.99374511336982
0.05,2558,-32,74134,28.96991012114107
0.05,2559,70,74204,28.9859375
0.05,2560,94,74298,29.011323701679032
0.05,2561,56,74354,29.02185792349727
0.05,2562,-119,74235,28.964104564962934
0.05,2563,-149,74086,28.894695787831512
0.05,2564,-263,73823,28.780896686159846
0.05,2565,86,73909,28.80319563522993
0.05,2566,-102,73807,28.752239968835216
0.05,2567,84,73891,28.773753894080997
0.05,2568,77,73968,28.792526274815103
0.05,2569,-103,73865,28.74124513618677
0.05,2570,72,73937,28.758070789576042
0.05,2571,83,74020,28.779160186625194
0.05,2572,-71,73949,28.740380878352116
0.05,2573,77,74026,28.75912975912976
0.05,2574,63,74089,28.772427184466018
0.05,2575,44,74133,28.77833850931677
0.05,2576,63,74196,28.79161816065192
0.05,2577,-332,73864,28.65166795965865
0.05,2578,88,73952,28.674680108569213
0.05,2579,89,74041,28.698062015503876
0.05,2580,-110,73931,28.644323905463
0.05,2581,63,73994,28.6576297443842
0.05,2582,0,73994,28.64653503677894
0.05,2583,-184,73810,28.564241486068113
0.05,2584,52,73862,28.57330754352031
0.05,2585,78,73940,28.59242072699149
0.05,2586,-87,73853,28.547738693467338
0.05,2587,-100,73753,28.49806800618238
0.05,2588,88,73841,28.521050598686752
0.05,2589,93,73934,28.545945945945945
0.05,2590,24,73958,28.544191431879582
0.05,2591,-6,73952,28.530864197530864
0.05,2592,43,73995,28.536444273042807
0.05,2593,93,74088,28.56129529683886
0.05,2594,66,74154,28.5757225433526
0.05,2595,90,74244,28.599383667180277
0.05,2596,65,74309,28.61340007701194
0.05,2597,93,74402,28.638183217859893
0.05,2598,21,74423,28.635244324740285
0.05,2599,39,74462,28.639230769230767
0.05,2600,56,74518,28.64975009611688
0.05,2601,15,74533,28.644504227517295
0.05,2602,76,74609,28.662696888205915
0.05,2603,62,74671,28.675499231950845
0.05,2604,-36,74635,28.65067178502879
0.05,2605,89,74724,28.673829623944744
0.05,2606,-13,74711,28.657844265439202
0.05,2607,67,74778,28.67254601226994
0.05,2608,-9,74769,28.65810655423534
0.05,2609,89,74858,28.681226053639847
0.05,2610,86,74944,28.703178858674836
0.05,2611,4,74948,28.693721286370597
0.05,2612,38,74986,28.697282816685803
0.05,2613,22,75008,28.694720734506504
0.05,2614,34,75042,28.69674952198853
0.05,2615,6,75048,28.68807339449541
0.05,2616,-72,74976,28.64959877722583
0.05,2617,15,74991,28.644385026737968
0.05,2618,90,75081,28.667812142038947
0.05,2619,53,75134,28.677099236641222
0.05,2620,86,75220,28.698969858832506
0.05,2621,75,75295,28.716628527841344
0.05,2622,-45,75250,28.688524590163933
0.05,2623,78,75328,28.70731707317073
0.05,2624,-98,75230,28.65904761904762
0.05,2625,67,75297,28.673648134044175
0.05,2626,94,75391,28.698515416825277
0.05,2627,82,75473,28.718797564687975
0.05,2628,79,75552,28.737923164701407
0.05,2629,91,75643,28.761596958174906
0.05,2630,48,75691,28.768909160015202
0.05,2631,11,75702,28.762158054711247
0.05,2632,92,75794,28.786175465248764
0.05,2633,63,75857,28.79916476841306
0.05,2634,23,75880,28.79696394686907
0.05,2635,88,75968,28.819423368740516
0.05,2636,69,76037,28.83466059916572
0.05,2637,63,76100,28.847611827141773
0.05,2638,-5,76095,28.83478590375142
0.05,2639,55,76150,28.84469696969697
0.05,2640,-70,76080,28.80726997349489
0.05,2641,91,76171,28.830809992429977
0.05,2642,52,76223,28.83957623912221
0.05,2643,-73,76150,28.801059001512858
0.05,2644,21,76171,28.798109640831758
0.05,2645,91,76262,28.82161753590325
0.05,2646,89,76351,28.844352096713262
0.05,2647,84,76435,28.865181268882175
0.05,2648,93,76528,28.88939222348056
0.05,2649,95,76623,28.91433962264151
0.05,2650,81,76704,28.933987174651076
0.05,2651,88,76792,28.956259426847662
0.05,2652,87,76879,28.978137957029777
0.05,2653,89,76968,29.00075357950264
0.05,2654,33,77001,29.00225988700565
0.05,2655,29,77030,29.00225903614458
0.05,2656,21,77051,28.999247271358676
0.05,2657,-53,76998,28.96839729119639
0.05,2658,91,77089,28.991726212861977
0.05,2659,-209,76880,28.902255639097746
0.05,2660,85,76965,28.923337091319052
0.05,2661,42,77007,28.928249436513898
0.05,2662,83,77090,28.948554262110402
0.05,2663,85,77175,28.969594594594593
0.05,2664,16,77191,28.964727954971856
0.05,2665,-171,77020,28.88972243060765
0.05,2666,-82,76938,28.84814398200225
0.05,2667,90,77028,28.871064467766118
0.05,2668,57,77085,28.881603596852752
0.05,2669,21,77106,28.878651685393258
0.05,2670,90,77196,28.901535005615873
0.05,2671,-27,77169,28.88061377245509
0.05,2672,-25,77144,28.86045641601197
0.05,2673,-18,77126,28.842931937172775
0.05,2674,93,77219,28.866915887850467
0.05,2675,70,77289,28.882286995515695
0.05,2676,-100,77189,28.834142697048936
0.05,2677,44,77233,28.839805825242717
0.05,2678,35,77268,28.842105263157894
0.05,2679,50,77318,28.85
0.05,2680,-25,77293,28.829914211115256
0.05,2681,-13,77280,28.814317673378078
0.05,2682,81,77361,28.833768169959
0.05,2683,-139,77222,28.77123695976155
0.05,2684,55,77277,28.78100558659218
0.05,2685,74,77351,28.79784065524944
0.05,2686,27,77378,28.797171566803126
0.05,2687,28,77406,28.796875
0.05,2688,76,77482,28.814429155820008
0.05,2689,94,77576,28.838661710037176
0.05,2690,53,77629,28.84764028242289
0.05,2691,41,77670,28.852154531946507
0.05,2692,93,77763,28.875974749350167
0.05,2693,86,77849,28.897178916109873
0.05,2694,-57,77792,28.86530612244898
0.05,2695,51,77843,28.873516320474778
0.05,2696,69,77912,28.888394512421208
0.05,2697,-8,77904,28.874722016308375
0.05,2698,82,77986,28.894405335309372
0.05,2699,-1,77985,28.883333333333333
0.05,2700,9,77994,28.875971862273232
0.05,2701,-159,77835,28.80643967431532
0.05,2702,93,77928,28.830188679245282
0.05,2703,75,78003,28.847263313609467
0.05,2704,-40,77963,28.82181146025878
0.05,2705,51,78014,28.830007390983
0.05,2706,-108,77906,28.779460657554488
0.05,2707,15,77921,28.77437223042836
0.05,2708,64,77985,28.78737541528239
0.05,2709,50,78035,28.79520295202952
0.05,2710,69,78104,28.81003319808189
0.05,2711,70,78174,28.825221238938052
0.05,2712,87,78261,28.84666420936233
0.05,2713,92,78353,28.86993367722918
0.05,2714,-22,78331,28.851197053407
0.05,2715,89,78420,28.873343151693668
0.05,2716,94,78514,28.897313213102688
0.05,2717,91,78605,28.920161883738043
0.05,2718,70,78675,28.935270319970577
0.05,2719,-216,78459,28.845220588235293
0.05,2720,73,78532,28.861447997059905
0.05,2721,85,78617,28.88207200587803
0.05,2722,64,78681,28.89496878442894
0.05,2723,85,78766,28.915565345080765
0.05,2724,-100,78666,28.868256880733945
0.05,2725,92,78758,28.891415994130593
0.05,2726,-114,78644,28.83901723505684
0.05,2727,33,78677,28.840542521994134
0.05,2728,27,78704,28.83986808354709
0.05,2729,-227,78477,28.746153846153845
0.05,2730,43,78520,28.75137312339802
0.05,2731,-7,78513,28.738286969253295
0.05,2732,4,78517,28.72923527259422
0.05,2733,49,78566,28.736649597659106
0.05,2734,93,78659,28.760146252285193
0.05,2735,78,78737,28.7781432748538
0.05,2736,92,78829,28.801242236024844
0.05,2737,93,78922,28.824689554419283
0.05,2738,56,78978,28.83461117196057
0.05,2739,-66,78912,28.8
0.05,2740,68,78980,28.81430134987231
0.05,2741,94,79074,28.838074398249454
0.05,2742,-92,78982,28.794021144732046
0.05,2743,66,79048,28.807580174927114
0.05,2744,-57,78991,28.77632058287796
0.05,2745,53,79044,28.785142024763292
0.05,2746,72,79116,28.800873680378594
0.05,2747,64,79180,28.813682678311498
0.05,2748,73,79253,28.829756275009093
0.05,2749,2,79255,28.82
0.05,2750,85,79340,28.840421664849146
0.05,2751,-33,79307,28.817950581395348
0.05,2752,21,79328,28.81511078823102
0.05,2753,82,79410,28.83442265795207
0.05,2754,88,79498,28.85589836660617
0.05,2755,93,79591,28.879172714078376
0.05,2756,76,79667,28.89626405513239
0.05,2757,89,79756,28.918056562726612
0.05,2758,-35,79721,28.894889452700255
0.05,2759,49,79770,28.902173913043477
0.05,2760,-55,79715,28.871785584932994
0.05,2761,88,79803,28.893193338160753
0.05,2762,92,79895,28.91603329714079
0.05,2763,63,79958,28.92836468885673
0.05,2764,51,80009,28.93634719710669
0.05,2765,77,80086,28.953723788864785
0.05,2766,86,80172,28.974340440910733
0.05,2767,-105,80067,28.92593930635838
0.05,2768,91,80158,28.948356807511736
0.05,2769,31,80189,28.949097472924187
0.05,2770,79,80268,28.967159870083
0.05,2771,77,80345,28.984487734487736
0.05,2772,-11,80334,28.970068517850702
0.05,2773,-26,80308,28.950252343186733
0.05,2774,57,80365,28.96036036036036
0.05,2775,72,80437,28.97586455331412
0.05,2776,34,80471,28.97767374864962
0.05,2777,94,80565,29.00107991360691
0.05,2778,82,80647,29.02015113350126
0.05,2779,75,80722,29.036690647482015
0.05,2780,81,80803,29.055375764113627
0.05,2781,-59,80744,29.02372393961179
0.05,2782,8,80752,29.016169601149837
0.05,2783,57,80809,29.026221264367816
0.05,2784,77,80886,29.043447037701974
0.05,2785,72,80958,29.05886575735822
0.05,2786,93,81051,29.081808396124867
0.05,2787,67,81118,29.09540889526542
0.05,2788,71,81189,29.11043384725708
0.05,2789,75,81264,29.126881720430106
0.05,2790,80,81344,29.14510927982802
0.05,2791,82,81426,29.16404011461318
0.05,2792,-97,81329,29.118868600071607
0.05,2793,92,81421,29.14137437365784
0.05,2794,93,81514,29.16422182468694
0.05,2795,-143,81371,29.102646638054363
0.05,2796,84,81455,29.122273864855202
0.05,2797,88,81543,29.143316654753395
0.05,2798,-125,81418,29.08824580207217
0.05,2799,80,81498,29.106428571428573
0.05,2800,59,81557,29.11710103534452
0.05,2801,-355,81202,28.980014275517487
0.05,2802,4,81206,28.97110239029611
0.05,2803,-9,81197,28.95756062767475
0.05,2804,81,81278,28.976114081996435
0.05,2805,48,81326,28.982893799002138
0.05,2806,81,81407,29.001425008906306
0.05,2807,-104,81303,28.95405982905983
0.05,2808,48,81351,28.960840156639374
0.05,2809,14,81365,28.955516014234874
0.05,2810,70,81435,28.970117395944502
0.05,2811,-172,81263,28.89864864864865
0.05,2812,94,81357,28.921791681478847
0.05,2813,60,81417,28.932835820895523
0.05,2814,57,81474,28.942806394316165
0.05,2815,-17,81457,28.926491477272727
0.05,2816,-3,81454,28.915157969471068
0.05,2817,-148,81306,28.85237757274663
0.05,2818,29,81335,28.85242993969493
0.05,2819,90,81425,28.874113475177303
0.05,2820,94,81519,28.89719957461893
0.05,2821,24,81543,28.895464209780297
0.05,2822,66,81609,28.908607863974495
0.05,2823,8,81617,28.901203966005667
0.05,2824,61,81678,28.912566371681415
0.05,2825,91,81769,28.9345364472753
0.05,2826,-21,81748,28.916873010258225
0.05,2827,-207,81541,28.833451202263085
0.05,2828,94,81635,28.856486390950867
0.05,2829,77,81712,28.873498233215546
0.05,2830,23,81735,28.871423525256095
0.05,2831,66,81801,28.884533898305083
0.05,2832,51,81852,28.892340275326507
0.05,2833,83,81935,28.911432604093154
0.05,2834,53,81988,28.919929453262785
0.05,2835,-73,81915,28.883991537376588
0.05,2836,61,81976,28.895311949242156
0.05,2837,16,81992,28.8907681465821
0.05,2838,77,82069,28.907713983797112
0.05,2839,-42,82027,28.88274647887324
0.05,2840,54,82081,28.891587469200985
0.05,2841,-9,82072,28.878254750175934
0.05,2842,92,82164,28.900457263454097
0.05,2843,-2,82162,28.88959212376934
0.05,2844,58,82220,28.899824253075572
0.05,2845,82,82302,28.91848208011244
0.05,2846,82,82384,28.937126800140497
0.05,2847,-6,82378,28.9248595505618
0.05,2848,69,82447,28.938925938925937
0.05,2849,-125,82322,28.884912280701755
0.05,2850,91,82413,28.906699403717994
0.05,2851,41,82454,28.9109396914446
0.05,2852,88,82542,28.931650893796004
0.05,2853,31,82573,28.932375613174493
0.05,2854,82,82655,28.950963222416814
0.05,2855,34,82689,28.952731092436974
0.05,2856,10,82699,28.946097304865244
0.05,2857,-5,82694,28.934219734079775
0.05,2858,48,82742,28.940888422525358
0.05,2859,70,82812,28.955244755244756
0.05,2860,89,82901,28.976232086682977
0.05,2861,-201,82700,28.895877009084558
0.05,2862,92,82792,28.91791826755152
0.05,2863,56,82848,28.92737430167598
0.05,2864,94,82942,28.950087260034906
0.05,2865,93,83035,28.972435450104676
0.05,2866,3,83038,28.963376351587026
0.05,2867,87,83125,28.983612273361228
0.05,2868,52,83177,28.991634715928896
0.05,2869,-150,83027,28.929268292682927
0.05,2870,78,83105,28.946360153256705
0.05,2871,-23,83082,28.928272980501394
0.05,2872,-24,83058,28.90985033066481
0.05,2873,80,83138,28.927627000695896
0.05,2874,-5,83133,28.91582608695652
0.05,2875,-90,83043,28.874478442280946
0.05,2876,47,83090,28.880778588807786
0.05,2877,4,83094,28.87213342599027
0.05,2878,86,83180,28.89197638068774
0.05,2879,27,83207,28.891319444444445
0.05,2880,-23,83184,28.873307879208607
0.05,2881,31,83215,28.874045801526716
0.05,2882,92,83307,28.895941727367326
0.05,2883,88,83395,28.91643550624133
0.05,2884,92,83487,28.938301559792027
0.05,2885,86,83573,28.958073458073457
0.05,2886,5,83578,28.949774852788362
0.05,2887,93,83671,28.97195290858726
0.05,2888,40,83711,28.97577016268605
0.05,2889,39,83750,28.97923875432526
0.05,2890,91,83841,29.000691802144587
0.05,2891,39,83880,29.00414937759336
0.05,2892,15,83895,28.999308676114758
0.05,2893,6,83901,28.991361437456806
0.05,2894,90,83991,29.012435233160623
0.05,2895,90,84081,29.03349447513812
0.05,2896,56,84137,29.04280289955126
0.05,2897,94,84231,29.065217391304348
0.05,2898,-89,84142,29.024491203863402
0.05,2899,92,84234,29.046206896551723
0.05,2900,79,84313,29.063426404688038
0.05,2901,94,84407,29.085802894555478
0.05,2902,-25,84382,29.06717189114709
0.05,2903,94,84476,29.08953168044077
0.05,2904,68,84544,29.10292598967298
0.05,2905,21,84565,29.10013764624914
0.05,2906,40,84605,29.10388716890265
0.05,2907,-160,84445,29.038858321870702
0.05,2908,57,84502,29.048470264695773
0.05,2909,53,84555,29.056701030927837
0.05,2910,14,84569,29.051528684300926
0.05,2911,47,84616,29.057692307692307
0.05,2912,82,84698,29.075866803982148
0.05,2913,45,84743,29.08133150308854
0.05,2914,91,84834,29.102572898799313
0.05,2915,65,84899,29.114883401920437
0.05,2916,30,84929,29.115186835790194
0.05,2917,22,84951,29.11274845784784
0.05,2918,88,85039,29.132922233641658
0.05,2919,68,85107,29.14623287671233
0.05,2920,2,85109,29.13693940431359
0.05,2921,-121,84988,29.085557837097877
0.05,2922,-61,84927,29.054738282586385
0.05,2923,-7,84920,29.042407660738714
0.05,2924,31,84951,29.043076923076924
0.05,2925,87,85038,29.062884483937115
0.05,2926,52,85090,29.07072087461565
0.05,2927,76,85166,29.086748633879782
0.05,2928,-91,85075,29.04574940252646
0.05,2929,46,85121,29.051535836177475
0.05,2930,-2,85119,29.040941658137154
0.05,2931,46,85165,29.046725784447474
0.05,2932,-148,85017,28.98636208660075
0.05,2933,91,85108,29.007498295841852
0.05,2934,51,85159,29.014991482112436
0.05,2935,-61,85098,28.98433242506812
0.05,2936,16,85114,28.9799114742935
0.05,2937,3,85117,28.971068754254595
0.05,2938,59,85176,28.981286151752297
0.05,2939,-1,85175,28.97108843537415
0.05,2940,84,85259,28.989799387963277
0.05,2941,-22,85237,28.972467709041467
0.05,2942,88,85325,28.99252463472647
0.05,2943,-46,85279,28.96705163043478
0.05,2944,35,85314,28.96910016977929
0.05,2945,91,85405,28.990156143923965
0.05,2946,72,85477,29.004750593824227
0.05,2947,40,85517,29.008480325644506
0.05,2948,52,85569,29.016276703967446
0.05,2949,86,85655,29.035593220338985
0.05,2950,0,85655,29.02575398170112
0.05,2951,59,85714,29.03590785907859
0.05,2952,85,85799,29.054859464950898
0.05,2953,88,85887,29.074813811780636
0.05,2954,87,85974,29.094416243654823
0.05,2955,63,86037,29.105886332882275
0.05,2956,15,86052,29.101115995941832
0.05,2957,93,86145,29.122718052738335
0.05,2958,-82,86063,29.085163906725246
0.05,2959,66,86129,29.097635135135135
0.05,2960,13,86142,29.092198581560282
0.05,2961,43,86185,29.096893990546928
0.05,2962,29,86214,29.096861289233885
0.05,2963,0,86214,29.087044534412957
0.05,2964,-115,86099,29.038448566610455
0.05,2965,-42,86057,29.01449763991908
0.05,2966,87,86144,29.034041118975395
0.05,2967,11,86155,29.027964959568735
0.05,2968,35,86190,29.02997642303806
0.05,2969,81,86271,29.047474747474748
0.05,2970,70,86341,29.061258835408953
0.05,2971,10,86351,29.05484522207268
0.05,2972,82,86433,29.072653884964684
0.05,2973,78,86511,29.089105581708136
0.05,2974,76,86587,29.104873949579833
0.05,2975,26,86613,29.103830645161292
0.05,2976,59,86672,29.113873026536783
0.05,2977,57,86729,29.12323707186031
0.05,2978,5,86734,29.115139308492783
0.05,2979,-179,86555,29.04530201342282
0.05,2980,-10,86545,29.03220395840322
0.05,2981,86,86631,29.051307847082494
0.05,2982,32,86663,29.052296345960443
0.05,2983,92,86755,29.073391420911527
0.05,2984,91,86846,29.094137353433837
0.05,2985,-13,86833,29.08004018754186
0.05,2986,94,86927,29.101774355540677
0.05,2987,79,87006,29.11847389558233
0.05,2988,83,87089,29.13650050184008
0.05,2989,91,87180,29.157190635451506
0.05,2990,61,87241,29.16783684386493
0.05,2991,78,87319,29.184157754010695
0.05,2992,94,87413,29.205813564984965
0.05,2993,-98,87315,29.163326653306612
0.05,2994,-16,87299,29.148247078464106
0.05,2995,81,87380,29.16555407209613
0.05,2996,70,87450,29.17917917917918
0.05,2997,21,87471,29.176450967311542
0.05,2998,54,87525,29.184728242747582
0.05,2999,77,87602,29.200666666666667
0.05,3000,18,87620,29.19693435521493
0.05,3001,91,87711,29.217521652231845
0.05,3002,17,87728,29.213453213453214
0.05,3003,46,87774,29.219041278295606
0.05,3004,10,87784,29.212645590682197
0.05,3005,-242,87542,29.122421823020627
0.05,3006,81,87623,29.139674093781178
0.05,3007,-26,87597,29.121343085106382
0.05,3008,51,87648,29.12861415752742
0.05,3009,83,87731,29.14651162790698
0.05,3010,-1,87730,29.136499501826634
0.05,3011,-87,87643,29.097941567065075
0.05,3012,76,87719,29.113508131430468
0.05,3013,-40,87679,29.09057730590577
0.05,3014,86,87765,29.109452736318406
0.05,3015,-21,87744,29.092838196286472
0.05,3016,-131,87613,29.03977461054027
0.05,3017,76,87689,29.05533465871438
0.05,3018,93,87782,29.076515402451143
0.05,3019,63,87845,29.087748344370862
0.05,3020,83,87928,29.105594174114533
0.05,3021,-10,87918,29.092653871608206
0.05,3022,87,88005,29.11180946080053
0.05,3023,91,88096,29.132275132275133
0.05,3024,79,88175,29.14876033057851
0.05,3025,56,88231,29.157633840052874
0.05,3026,-38,88193,29.13544763792534
0.05,3027,79,88272,29.151915455746366
0.05,3028,91,88363,29.172334103664575
0.05,3029,-1,88362,29.16237623762376
0.05,3030,89,88451,29.182118112834047
0.05,3031,9,88460,29.1754617414248
0.05,3032,22,88482,29.173095944609297
0.05,3033,60,88542,29.183256427158867
0.05,3034,9,88551,29.17660626029654
0.05,3035,53,88604,29.18445322793149
0.05,3036,8,88612,29.177477774119197
0.05,3037,92,88704,29.19815668202765
0.05,3038,93,88797,29.219151036525172
0.05,3039,73,88870,29.23355263157895
0.05,3040,-231,88639,29.14797763893456
0.05,3041,62,88701,29.15877712031558
0.05,3042,79,88780,29.175156095957938
0.05,3043,84,88864,29.193166885676742
0.05,3044,82,88946,29.210509031198686
0.05,3045,62,89008,29.221273801707156
0.05,3046,7,89015,29.213980964883493
0.05,3047,90,89105,29.233923884514436
0.05,3048,48,89153,29.24007871433257
0.05,3049,-1,89152,29.23016393442623
0.05,3050,13,89165,29.22484431333989
0.05,3051,92,89257,29.245412844036696
0.05,3052,-4,89253,29.23452341958729
0.05,3053,31,89284,29.235101506221348
0.05,3054,91,89375,29.25531914893617
0.05,3055,67,89442,29.267670157068064
0.05,3056,40,89482,29.271180896303566
0.05,3057,62,89544,29.281883584041857
0.05,3058,59,89603,29.291598561621445
0.05,3059,81,89684,29.308496732026143
0.05,3060,7,89691,29.30120875530872
0.05,3061,93,89784,29.322011757021553
0.05,3062,24,89808,29.320274240940254
0.05,3063,-1,89807,29.31037859007833
0.05,3064,-31,89776,29.290701468189233
0.05,3065,48,89824,29.296803652968038
0.05,3066,-61,89763,29.26736224323443
0.05,3067,92,89855,29.287809647979138
0.05,3068,17,89872,29.283805799934832
0.05,3069,8,89880,29.27687296416938
0.05,3070,90,89970,29.296646043633995
0.05,3071,80,90050,29.313151041666668
0.05,3072,-141,89909,29.25772860397006
0.05,3073,84,89993,29.275536759921927
0.05,3074,1,89994,29.266341463414633
0.05,3075,50,90044,29.273081924577372
0.05,3076,-174,89870,29.20701982450439
0.05,3077,34,89904,29.20857699805068
0.05,3078,-275,89629,29.109775901266644
0.05,3079,90,89719,29.129545454545454
0.05,3080,87,89806,29.14832846478416
0.05,3081,86,89892,29.16677482154445
0.05,3082,-1,89891,29.156989944858903
0.05,3083,94,89985,29.178015564202333
0.05,3084,-8,89977,29.165964343598056
0.05,3085,-51,89926,29.1399870382372
0.05,3086,84,90010,29.157758341431812
0.05,3087,91,90101,29.177784974093264
0.05,3088,-19,90082,29.16218841048883
0.05,3089,82,90164,29.179288025889967
0.05,3090,-54,90110,29.152377871239082
0.05,3091,28,90138,29.152005174644245
0.05,3092,-202,89936,29.07727125767863
0.05,3093,62,89998,29.087912087912088
0.05,3094,-175,89823,29.021970920840065
0.05,3095,85,89908,29.040051679586565
0.05,3096,18,89926,29.036486922828544
0.05,3097,80,90006,29.052937378954162
0.05,3098,52,90058,29.060342045821233
0.05,3099,68,90126,29.072903225806453
0.05,3100,49,90175,29.079329248629474
0.05,3101,-33,90142,29.059316569954866
0.05,3102,78,90220,29.075088623912343
0.05,3103,90,90310,29.09471649484536
0.05,3104,-126,90184,29.04476650563607
0.05,3105,80,90264,29.06117192530586
0.05,3106,-173,90091,28.99613775345993
0.05,3107,79,90170,29.012226512226512
0.05,3108,53,90223,29.01994210357028
0.05,3109,-43,90180,28.9967845659164
0.05,3110,-72,90108,28.964320154291226
0.05,3111,66,90174,28.976221079691516
0.05,3112,-289,89885,28.874076453581754
0.05,3113,14,89899,28.869299935773924
0.05,3114,89,89988,28.88860353130016
0.05,3115,27,90015,28.887997432605903
0.05,3116,86,90101,28.90632017965993
0.05,3117,94,90195,28.92719692110327
0.05,3118,-19,90176,28.911830714972748
0.05,3119,-68,90108,28.880769230769232
0.05,3120,67,90175,28.892983018263376
0.05,3121,83,90258,28.91031390134529
0.05,3122,-13,90245,28.896894012167788
0.05,3123,90,90335,28.916453265044815
0.05,3124,-92,90243,28.87776
0.05,3125,85,90328,28.89571337172105
0.05,3126,90,90418,28.915254237288135
0.05,3127,74,90492,28.929667519181585
0.05,3128,85,90577,28.947587088526685
0.05,3129,43,90620,28.952076677316295
0.05,3130,8,90628,28.945384861066753
0.05,3131,94,90722,28.9661558109834
0.05,3132,87,90809,28.984679221193744
0.05,3133,89,90898,29.00382897255903
0.05,3134,67,90965,29.015948963317385
0.05,3135,46,91011,29.021364795918366
0.05,3136,95,91106,29.042397194772075
0.05,3137,51,91157,29.049394518801783
0.05,3138,-4,91153,29.038865880853773
0.05,3139,63,91216,29.049681528662422
0.05,3140,-93,91123,29.01082457815982
0.05,3141,35,91158,29.012730744748566
0.05,3142,-52,91106,28.9869551384028
0.05,3143,88,91194,29.005725190839694
0.05,3144,-42,91152,28.98314785373609
0.05,3145,82,91234,29.0
0.05,3146,69,91303,29.012710517953607
0.05,3147,28,91331,29.01238881829733
0.05,3148,49,91380,29.01873610670054
0.05,3149,33,91413,29.02
0.05,3150,37,91450,29.02253252935576
0.05,3151,94,91544,29.043147208121827
0.05,3152,85,91629,29.060894386298763
0.05,3153,90,91719,29.08021559923906
0.05,3154,87,91806,29.098573692551504
0.05,3155,90,91896,29.11787072243346
0.05,3156,-29,91867,29.099461514095662
0.05,3157,35,91902,29.101329955668145
0.05,3158,84,91986,29.118708452041787
0.05,3159,93,92079,29.138924050632912
0.05,3160,26,92105,29.137931034482758
0.05,3161,79,92184,29.15370018975332
0.05,3162,86,92270,29.171672462851724
0.05,3163,42,92312,29.175726927939316
0.05,3164,94,92406,29.196208530805688
0.05,3165,78,92484,29.211623499684144
0.05,3166,58,92542,29.220713609093778
0.05,3167,86,92628,29.238636363636363
0.05,3168,57,92685,29.247396655096246
0.05,3169,71,92756,29.260567823343848
0.05,3170,88,92844,29.279091769157993
0.05,3171,92,92936,29.29886506935687
0.05,3172,47,92983,29.304443744090765
0.05,3173,-49,92934,29.27977315689981
0.05,3174,37,92971,29.28220472440945
0.05,3175,26,92997,29.28117128463476
0.05,3176,26,93023,29.280138495435946
0.05,3177,35,93058,29.281938325991188
0.05,3178,52,93110,29.289084617804342
0.05,3179,-2,93108,29.279245283018867
0.05,3180,-13,93095,29.265954102483494
0.05,3181,91,93186,29.285355122564425
0.05,3182,-38,93148,29.26421614828778
0.05,3183,67,93215,29.27606783919598
0.05,3184,-228,92987,29.195290423861852
0.05,3185,76,93063,29.209981167608287
0.05,3186,54,93117,29.217759648572326
0.05,3187,-70,93047,29.1866373902133
0.05,3188,70,93117,29.199435559736596
0.05,3189,-319,92798,29.090282131661443
0.05,3190,86,92884,29.108116577875276
0.05,3191,90,92974,29.12719298245614
0.05,3192,71,93045,29.140306921390543
0.05,3193,88,93133,29.158735128365684
0.05,3194,90,93223,29.177777777777777
0.05,3195,-3,93220,29.167709637046308
0.05,3196,89,93309,29.1864247732249
0.05,3197,77,93386,29.201375859912446
0.05,3198,94,93480,29.221631759924975
0.05,3199,88,93568,29.24
0.05,3200,72,93640,29.253358325523273
0.05,3201,5,93645,29.24578388507183
0.05,3202,94,93739,29.266000624414612
0.05,3203,61,93800,29.27590511860175
0.05,3204,72,93872,29.289235569422775
0.05,3205,91,93963,29.308484092326886
0.05,3206,87,94050,29.32647333956969
0.05,3207,74,94124,29.340399002493765
0.05,3208,89,94213,29.358990339669678
0.05,3209,-54,94159,29.333021806853584
0.05,3210,64,94223,29.343818125194645
0.05,3211,48,94271,29.349626400996264
0.05,3212,53,94324,29.35698723934018
0.05,3213,46,94370,29.36216552582452
0.05,3214,-10,94360,29.349922239502334
0.05,3215,45,94405,29.35478855721393
0.05,3216,-6,94399,29.343798570096364
0.05,3217,85,94484,29.361093847110006
0.05,3218,-25,94459,29.344206275240758
0.05,3219,85,94544,29.361490683229814
0.05,3220,82,94626,29.377832971126978
0.05,3221,-41,94585,29.355990068280573
0.05,3222,-125,94460,29.30809804529941
0.05,3223,24,94484,29.306451612903224
0.05,3224,-36,94448,29.286201550387595
0.05,3225,28,94476,29.28580285182889
0.05,3226,-94,94382,29.24759838859622
0.05,3227,91,94473,29.266728624535315
0.05,3228,-86,94387,29.231031279033758
0.05,3229,23,94410,29.229102167182663
0.05,3230,36,94446,29.231197771587745
0.05,3231,75,94521,29.24535891089109
0.05,3232,-11,94510,29.232910609341168
0.05,3233,-39,94471,29.211811997526283
0.05,3234,66,94537,29.223183925811437
0.05,3235,81,94618,29.23918417799753
0.05,3236,79,94697,29.25455668829163
0.05,3237,-167,94530,29.193946880790612
0.05,3238,68,94598,29.205927755480086
0.05,3239,94,94692,29.225925925925925
0.05,3240,93,94785,29.245603208886145
0.05,3241,17,94802,29.24182603331277
0.05,3242,49,94851,29.247918593894543
0.05,3243,-87,94764,29.212083847102342
0.05,3244,87,94851,29.229892141756547
0.05,3245,94,94945,29.24984596426371
0.05,3246,-9,94936,29.238065906991068
0.05,3247,-74,94862,29.20628078817734
0.05,3248,88,94950,29.224376731301938
0.05,3249,94,95044,29.244307692307693
0.05,3250,75,95119,29.258382036296524
0.05,3251,86,95205,29.275830258302584
0.05,3252,-16,95189,29.261912081155856
0.05,3253,94,95283,29.28180700676091
0.05,3254,80,95363,29.297388632872504
0.05,3255,31,95394,29.297911547911546
0.05,3256,42,95436,29.301811482959778
0.05,3257,3,95439,29.293738489871085
0.05,3258,84,95523,29.310524700828473
0.05,3259,2,95525,29.302147239263803
0.05,3260,88,95613,29.320147194112234
0.05,3261,43,95656,29.324340895156347
0.05,3262,0,95656,29.31535396874042
0.05,3263,85,95741,29.332414215686274
0.05,3264,-8,95733,29.320980091883612
0.05,3265,-190,95543,29.253827311696263
0.05,3266,72,95615,29.266911539638812
0.05,3267,48,95663,29.27264381884945
0.05,3268,16,95679,29.268583664729274
0.05,3269,77,95756,29.283180428134557
0.05,3270,89,95845,29.301436869458882
0.05,3271,-46,95799,29.278422982885086
0.05,3272,-60,95739,29.25114573785518
0.05,3273,77,95816,29.265729993891263
0.05,3274,17,95833,29.261984732824427
0.05,3275,27,95860,29.26129426129426
0.05,3276,-13,95847,29.24839792493134
0.05,3277,-17,95830,29.234289200732153
0.05,3278,63,95893,29.244586764257395
0.05,3279,87,95980,29.26219512195122
0.05,3280,-389,95591,29.134715025906736
0.05,3281,-30,95561,29.11669713589275
0.05,3282,75,95636,29.130673164788302
0.05,3283,87,95723,29.148294762484774
0.05,3284,75,95798,29.162252663622528
0.05,3285,-60,95738,29.13511868533171
0.05,3286,84,95822,29.151810161241254
0.05,3287,-84,95738,29.117396593673966
0.05,3288,-41,95697,29.09607783520827
0.05,3289,73,95770,29.109422492401215
0.05,3290,23,95793,29.107566089334547
0.05,3291,-49,95744,29.083839611178615
0.05,3292,92,95836,29.102945642271486
0.05,3293,92,95928,29.122040072859743
0.05,3294,0,95928,29.11320182094082
0.05,3295,36,95964,29.115291262135923
0.05,3296,59,96023,29.124355474673948
0.05,3297,-14,96009,29.111279563371742
0.05,3298,89,96098,29.129433161564112
0.05,3299,-92,96006,29.092727272727274
0.05,3300,-138,95868,29.042108451984248
0.05,3301,84,95952,29.058752271350695
0.05,3302,92,96044,29.077808053284894
0.05,3303,88,96132,29.095641646489103
0.05,3304,-27,96105,29.078668683812406
0.05,3305,41,96146,29.08227465214761
0.05,3306,64,96210,29.092833383731477
0.05,3307,92,96302,29.111850060459492
0.05,3308,16,96318,29.107887579329102
0.05,3309,81,96399,29.12356495468278
0.05,3310,17,96416,29.119903352461492
0.05,3311,82,96498,29.13586956521739
0.05,3312,94,96592,29.155448234228796
0.05,3313,18,96610,29.152082076041037
0.05,3314,75,96685,29.165912518853695
0.05,3315,88,96773,29.183655006031362
0.05,3316,90,96863,29.201989749773894
0.05,3317,74,96937,29.21549125979506
0.05,3318,24,96961,29.213919855378126
0.05,3319,88,97049,29.231626506024096
0.05,3320,82,97131,29.247515808491418
0.05,3321,41,97172,29.25105358217941
0.05,3322,-90,97082,29.21516701775504
0.05,3323,90,97172,29.233453670276774
0.05,3324,-44,97128,29.21142857142857
0.05,3325,5,97133,29.20414912808178
0.05,3326,66,97199,29.21520889690412
0.05,3327,54,97253,29.22265625
0.05,3328,91,97344,29.241213577650946
0.05,3329,64,97408,29.251651651651652
0.05,3330,-12,97396,29.23926748724107
0.05,3331,74,97470,29.25270108043217
0.05,3332,-39,97431,29.232223222322233
0.05,3333,-252,97179,29.147870425914817
0.05,3334,11,97190,29.142428785607198
0.05,3335,89,97279,29.16037170263789
0.05,3336,13,97292,29.15552891818999
0.05,3337,-7,97285,29.14469742360695
0.05,3338,28,97313,29.144354597184787
0.05,3339,-97,97216,29.106586826347307
0.05,3340,-210,97006,29.035019455252918
0.05,3341,89,97095,29.052962298025136
0.05,3342,-80,97015,29.020341011067902
0.05,3343,-132,96883,28.972188995215312
0.05,3344,87,96970,28.989536621823618
0.05,3345,59,97029,28.998505678421996
0.05,3346,4,97033,28.991036749327755
0.05,3347,-116,96917,28.94772998805257
0.05,3348,91,97008,28.966258584652135
0.05,3349,66,97074,28.97731343283582
0.05,3350,93,97167,28.996418979409132
0.05,3351,-149,97018,28.94331742243437
0.05,3352,74,97092,28.956755144646586
0.05,3353,78,97170,28.971377459749554
0.05,3354,6,97176,28.9645305514158
0.05,3355,92,97268,28.983313468414778
0.05,3356,-55,97213,28.958296097706285
0.05,3357,-18,97195,28.944312090530076
0.05,3358,93,97288,28.963381958916344
0.05,3359,77,97365,28.977678571428573
0.05,3360,76,97441,28.991669146087474
0.05,3361,86,97527,29.0086258179655
0.05,3362,38,97565,29.01129943502825
0.05,3363,78,97643,29.025862068965516
0.05,3364,-64,97579,28.998216939078752
0.05,3365,90,97669,29.016339869281047
0.05,3366,93,97762,29.035343035343036
0.05,3367,72,97834,29.048099762470308
0.05,3368,93,97927,29.067082220243396
0.05,3369,13,97940,29.062314540059347
0.05,3370,72,98012,29.075051913378818
0.05,3371,91,98103,29.093416370106763
0.05,3372,86,98189,29.110287577823897
0.05,3373,46,98235,29.115293420272675
0.05,3374,-137,98098,29.066074074074074
0.05,3375,-25,98073,29.050059241706162
0.05,3376,75,98148,29.06366597571809
0.05,3377,-193,97955,28.997927767910006
0.05,3378,68,98023,29.009470257472625
0.05,3379,87,98110,29.026627218934912
0.05,3380,71,98181,29.039041703637977
0.05,3381,47,98228,29.04435245416913
0.05,3382,59,98287,29.053207212533255
0.05,3383,91,98378,29.071513002364068
0.05,3384,48,98426,29.077104874446086
0.05,3385,63,98489,29.087123449497934
0.05,3386,33,98522,29.088278712725124
0.05,3387,-44,98478,29.066706021251477
0.05,3388,-33,98445,29.04839185600472
0.05,3389,70,98515,29.06047197640118
0.05,3390,85,98600,29.07696844588617
0.05,3391,52,98652,29.08372641509434
0.05,3392,84,98736,29.099911582670202
0.05,3393,80,98816,29.114908662345314
0.05,3394,56,98872,29.12282768777614
0.05,3395,94,98966,29.141931684334512
0.05,3396,42,99008,29.14571680894907
0.05,3397,-1,99007,29.136845203060624
0.05,3398,88,99095,29.154162989114447
0.05,3399,89,99184,29.171764705882353
0.05,3400,92,99276,29.190238165245518
0.05,3401,82,99358,29.20576131687243
0.05,3402,91,99449,29.223920070526006
0.05,3403,93,99542,29.242655699177437
0.05,3404,20,99562,29.239941262848753
0.05,3405,13,99575,29.235173223722843
0.05,3406,71,99646,29.247431758144995
0.05,3407,-17,99629,29.233861502347416
0.05,3408,87,99716,29.25080668817835
0.05,3409,89,99805,29.2683284457478
0.05,3410,-107,99698,29.228378774552915
0.05,3411,27,99725,29.22772567409144
0.05,3412,58,99783,29.236155874597127
0.05,3413,80,99863,29.2510251903925
0.05,3414,85,99948,29.267349926793557
0.05,3415,70,100018,29.279274004683842
0.05,3416,84,100102,29.295288264559556
0.05,3417,86,100188,29.31187829139848
0.05,3418,1,100189,29.30359754314127
0.05,3419,84,100273,29.319590643274854
0.05,3420,-261,100012,29.234726688102892
0.05,3421,-57,99955,29.209526592635886
0.05,3422,-58,99897,29.1840490797546
0.05,3423,88,99985,29.20122663551402
0.05,3424,17,100002,29.197664233576642
0.05,3425,31,100033,29.198190309398715
0.05,3426,-36,99997,29.179165450831633
0.05,3427,34,100031,29.180571761960326
0.05,3428,-298,99733,29.085156022163897
0.05,3429,65,99798,29.095626822157435
0.05,3430,94,99892,29.11454386476246
0.05,3431,72,99964,29.127039627039625
0.05,3432,14,99978,29.122633265365568
0.05,3433,87,100065,29.13948747815958
0.05,3434,94,100159,29.158369723435225
0.05,3435,84,100243,29.174330616996507
0.05,3436,57,100300,29.182426534768695
0.05,3437,-48,100252,29.15997673065736
0.05,3438,70,100322,29.1718522826403
0.05,3439,83,100405,29.1875
0.05,3440,90,100495,29.205172914850333
0.05,3441,-35,100460,29.18651946542708
0.05,3442,-85,100375,29.15335463258786
0.05,3443,-75,100300,29.123112659698027
0.05,3444,48,100348,29.128592162554426
0.05,3445,60,100408,29.13755078351712
0.05,3446,64,100472,29.147664635915287
0.05,3447,88,100560,29.16473317865429
0.05,3448,64,100624,29.17483328501015
0.05,3449,76,100700,29.18840579710145
0.05,3450,15,100715,29.18429440741814
0.05,3451,59,100774,29.192931633835457
0.05,3452,14,100788,29.188531711555168
0.05,3453,-148,100640,29.137232194557036
0.05,3454,-120,100520,29.094066570188133
0.05,3455,83,100603,29.10966435185185
0.05,3456,91,100694,29.127567254845243
0.05,3457,89,100783,29.144881434355117
0.05,3458,73,100856,29.157559988435963
0.05,3459,-32,100824,29.139884393063586
0.05,3460,-60,100764,29.11412886449003
0.05,3461,-85,100679,29.08116695551704
0.05,3462,38,100717,29.083742419867168
0.05,3463,84,100801,29.09959584295612
0.05,3464,-17,100784,29.086291486291486
0.05,3465,85,100869,29.102423542989037
0.05,3466,92,100961,29.120565330256706
0.05,3467,49,101010,29.12629757785467
0.05,3468,92,101102,29.144422023637937
0.05,3469,57,101159,29.152449567723345
0.05,3470,90,101249,29.16997983290118
0.05,3471,35,101284,29.171658986175114
0.05,3472,-45,101239,29.15030233227757
0.05,3473,-5,101234,29.14047207829591
0.05,3474,90,101324,29.157985611510792
0.05,3475,83,101407,29.173475258918298
0.05,3476,-149,101258,29.122231809030772
0.05,3477,91,101349,29.14002300172513
0.05,3478,93,101442,29.158378844495545
0.05,3479,-55,101387,29.13419540229885
0.05,3480,-5,101382,29.124389543234702
0.05,3481,87,101469,29.141010913268236
0.05,3482,69,101538,29.152454780361758
0.05,3483,50,101588,29.158438576349024
0.05,3484,84,101672,29.174175035868007
0.05,3485,63,101735,29.183878370625358
0.05,3486,-74,101661,29.154287353025524
0.05,3487,87,101748,29.170871559633028
0.05,3488,2,101750,29.163083978217255
0.05,3489,-32,101718,29.145558739255016
0.05,3490,60,101778,29.154397020910913
0.05,3491,87,101865,29.170962199312715
0.05,3492,85,101950,29.186945319209848
0.05,3493,68,102018,29.198053806525472
0.05,3494,16,102034,29.19427753934192
0.05,3495,-130,101904,29.148741418764303
0.05,3496,94,101998,29.16728624535316
0.05,3497,68,102066,29.178387650085764
0.05,3498,1,102067,29.170334381251788
0.05,3499,91,102158,29.188
0.05,3500,-16,102142,29.17509283061982
0.05,3501,76,102218,29.18846373500857
0.05,3502,82,102300,29.20353982300885
0.05,3503,71,102371,29.215468036529682
0.05,3504,60,102431,29.22425106990014
0.05,3505,91,102522,29.24187107815174
0.05,3506,-10,102512,29.23068149415455
0.05,3507,64,102576,29.2405929304447
0.05,3508,92,102668,29.25847819891707
0.05,3509,24,102692,29.25698005698006
0.05,3510,83,102775,29.272287097692963
0.05,3511,47,102822,29.277334851936217
0.05,3512,32,102854,29.278109877597494
0.05,3513,82,102936,29.29311326124075
0.05,3514,90,103026,29.310384068278804
0.05,3515,88,103114,29.32707622298066
0.05,3516,-8,103106,29.31646289451237
0.05,3517,93,103199,29.3345650938033
0.05,3518,-103,103096,29.296959363455528
0.05,3519,-25,103071,29.28153409090909
0.05,3520,80,103151,29.295938653791538
0.05,3521,50,103201,29.301817149346963
0.05,3522,-55,103146,29.27788816349702
0.05,3523,67,103213,29.28859250851305
0.05,3524,-126,103087,29.2445390070922
0.05,3525,78,103165,29.25836642087351
0.05,3526,71,103236,29.270201304224553
0.05,3527,-69,103167,29.242346938775512
0.05,3528,40,103207,29.24539529611788
0.05,3529,-62,103145,29.21954674220963
0.05,3530,-73,103072,29.19059756442934
0.05,3531,23,103095,29.18884484711212
0.05,3532,16,103111,29.185111803000282
0.05,3533,-12,103099,29.173457838143747
0.05,3534,27,103126,29.172842998585573
0.05,3535,-65,103061,29.14621040723982
0.05,3536,94,103155,29.164546225614927
0.05,3537,86,103241,29.180610514414923
0.05,3538,52,103293,29.18705849109918
0.05,3539,77,103370,29.20056497175141
0.05,3540,85,103455,29.21632307257837
0.05,3541,53,103508,29.223037831733485
0.05,3542,-7,103501,29.212813999435507
0.05,3543,87,103588,29.229119638826184
0.05,3544,76,103664,29.242313117066292
0.05,3545,31,103695,29.24280879864636
0.05,3546,-13,103682,29.2308993515647
0.05,3547,24,103706,29.22942502818489
0.05,3548,-87,103619,29.196675119752044
0.05,3549,64,103683,29.206478873239437
0.05,3550,75,103758,29.219374823993242
0.05,3551,-18,103740,29.20608108108108
0.05,3552,17,103757,29.20264565156206
0.05,3553,-80,103677,29.17191896454699
0.05,3554,89,103766,29.188748241912798
0.05,3555,87,103853,29.205005624296962
0.05,3556,61,103914,29.21394433511386
0.05,3557,46,103960,29.218662169758293
0.05,3558,-66,103894,29.191907839280695
0.05,3559,77,103971,29.205337078651684
0.05,3560,-27,103944,29.18955349620893
0.05,3561,-93,103851,29.15524985962942
0.05,3562,52,103903,29.16166152119001
0.05,3563,-71,103832,29.133557800224466
0.05,3564,51,103883,29.13969144460028
0.05,3565,83,103966,29.154795288839036
0.05,3566,46,104012,29.15951780207457
0.05,3567,83,104095,29.174607623318387
0.05,3568,51,104146,29.180722891566266
0.05,3569,71,104217,29.192436974789917
0.05,3570,62,104279,29.20162419490339
0.05,3571,69,104348,29.21276595744681
0.05,3572,80,104428,29.226980128743353
0.05,3573,81,104509,29.241466144376048
0.05,3574,54,104563,29.248391608391607
0.05,3575,-25,104538,29.233221476510067
0.05,3576,64,104602,29.242941012021248
0.05,3577,-18,104584,29.229737283398546
0.05,3578,-156,104428,29.177982676725343
0.05,3579,-92,104336,29.14413407821229
0.05,3580,84,104420,29.159452666852836
0.05,3581,20,104440,29.156895589056393
0.05,3582,-18,104422,29.143734300865198
0.05,3583,89,104511,29.160435267857142
0.05,3584,45,104556,29.164853556485355
0.05,3585,-92,104464,29.13106525376464
0.05,3586,89,104553,29.147755784778365
0.05,3587,-124,104429,29.105072463768117
0.05,3588,1,104430,29.097241571468377
0.05,3589,46,104476,29.101949860724233
0.05,3590,75,104551,29.11473127262601
0.05,3591,-91,104460,29.08129175946548
0.05,3592,21,104481,29.07904258279989
0.05,3593,67,104548,29.089593767390095
0.05,3594,94,104642,29.107649513212795
0.05,3595,88,104730,29.124026696329256
0.05,3596,85,104815,29.13956074506533
0.05,3597,25,104840,29.13841022790439
0.05,3598,92,104932,29.155876632397888
0.05,3599,74,105006,29.168333333333333
0.05,3600,-57,104949,29.144404332129962
0.05,3601,55,105004,29.151582454192116
0.05,3602,70,105074,29.16291978906467
0.05,3603,71,105145,29.17452830188679
0.05,3604,74,105219,29.186962552011096
0.05,3605,-27,105192,29.171381031613976
0.05,3606,56,105248,29.178818963127252
0.05,3607,93,105341,29.19650776053215
0.05,3608,-44,105297,29.176226101413135
0.05,3609,50,105347,29.181994459833795
0.05,3610,81,105428,29.19634450290778
0.05,3611,14,105442,29.192137320044296
0.05,3612,89,105531,29.20869083863825
0.05,3613,10,105541,29.203375760929717
0.05,3614,-86,105455,29.171507607192254
0.05,3615,31,105486,29.172013274336283
0.05,3616,76,105562,29.184959911528892
0.05,3617,92,105654,29.202321724709783
0.05,3618,1,105655,29.194528875379937
0.05,3619,95,105750,29.212707182320443
0.05,3620,87,105837,29.228666114333056
0.05,3621,85,105922,29.24406405300939
0.05,3622,23,105945,29.242340601711287
0.05,3623,39,105984,29.24503311258278
0.05,3624,-49,105935,29.22344827586207
0.05,3625,-38,105897,29.204908990623277
0.05,3626,23,105920,29.2031982354563
0.05,3627,84,106004,29.218302094818082
0.05,3628,93,106097,29.235877652245797
0.05,3629,89,106186,29.252341597796143
0.05,3630,57,106243,29.259983475626548
0.05,3631,87,106330,29.275881057268723
0.05,3632,81,106411,29.29011835948252
0.05,3633,35,106446,29.291689598238854
0.05,3634,-265,106181,29.21072902338377
0.05,3635,44,106225,29.214796479647966
0.05,3636,77,106302,29.227935111355514
0.05,3637,16,106318,29.22429906542056
0.05,3638,92,106410,29.241549876339654
0.05,3639,-20,106390,29.228021978021978
0.05,3640,50,106440,29.23372699807745
0.05,3641,80,106520,29.24766611751785
0.05,3642,53,106573,29.254186110348613
0.05,3643,3,106576,29.246981339187705
0.05,3644,31,106607,29.247462277091905
0.05,3645,61,106668,29.256171146461877
0.05,3646,-80,106588,29.226213326021387
0.05,3647,52,106640,29.232456140350877
0.05,3648,88,106728,29.248561249657442
0.05,3649,84,106812,29.263561643835615
0.05,3650,-48,106764,29.24239934264585
0.05,3651,94,106858,29.26013143483023
0.05,3652,0,106858,29.25212154393649
0.05,3653,92,106950,29.26929392446634
0.05,3654,82,107032,29.28372093023256
0.05,3655,31,107063,29.284190371991247
0.05,3656,90,107153,29.300792999726553
0.05,3657,40,107193,29.303717878622198
0.05,3658,62,107255,29.312653730527465
0.05,3659,-56,107199,29.28934426229508
0.05,3660,92,107291,29.30647364108167
0.05,3661,86,107377,29.32195521572911
0.05,3662,84,107461,29.336882336882336
0.05,3663,83,107544,29.351528384279476
0.05,3664,79,107623,29.36507503410641
0.05,3665,91,107714,29.381887615930168
0.05,3666,59,107773,29.389964548677394
0.05,3667,30,107803,29.390130861504908
0.05,3668,72,107875,29.40174434450804
0.05,3669,45,107920,29.40599455040872
0.05,3670,-160,107760,29.354399346227186
0.05,3671,75,107835,29.366830065359476
0.05,3672,58,107893,29.3746256466104
0.05,3673,89,107982,29.390854654327708
0.05,3674,-67,107915,29.364625850340136
0.05,3675,-155,107760,29.314472252448315
0.05,3676,75,107835,29.326896926842533
0.05,3677,-14,107821,29.31511691136487
0.05,3678,87,107908,29.330796412068498
0.05,3679,37,107945,29.33288043478261
0.05,3680,94,108039,29.350448247758763
0.05,3681,81,108120,29.364475828354156
0.05,3682,94,108214,29.382025522671736
0.05,3683,54,108268,29.38870792616721
0.05,3684,-87,108181,29.357123473541385
0.05,3685,76,108257,29.36977753662507
0.05,3686,16,108273,29.36615134255492
0.05,3687,-14,108259,29.35439262472885
0.05,3688,47,108306,29.359175928435892
0.05,3689,5,108311,29.352574525745258
0.05,3690,94,108405,29.37008940666486
0.05,3691,89,108494,29.386240520043337
0.05,3692,-37,108457,29.368264283780125
0.05,3693,-49,108408,29.347049269085
0.05,3694,52,108460,29.3531799729364
0.05,3695,84,108544,29.36796536796537
0.05,3696,80,108624,29.381660806058967
0.05,3697,11,108635,29.376690102758246
0.05,3698,75,108710,29.389024060556906
0.05,3699,77,108787,29.401891891891893
0.05,3700,85,108872,29.416914347473657
0.05,3701,62,108934,29.42571582928147
0.05,3702,77,109011,29.438563327032135
0.05,3703,89,109100,29.454643628509718
0.05,3704,76,109176,29.467206477732795
0.05,3705,75,109251,29.479492714517
0.05,3706,-62,109189,29.45481521445913
0.05,3707,18,109207,29.4517259978425
0.05,3708,92,109299,29.46858991641952
0.05,3709,-96,109203,29.434770889487872
0.05,3710,72,109275,29.446240905416328
0.05,3711,-65,109210,29.420797413793103
0.05,3712,71,109281,29.431995690816052
0.05,3713,46,109327,29.436456650511577
0.05,3714,66,109393,29.44629878869448
0.05,3715,78,109471,29.45936490850377
0.05,3716,5,109476,29.45278450363196
0.05,3717,22,109498,29.45077998924153
0.05,3718,82,109580,29.46490992202205
0.05,3719,93,109673,29.481989247311827
0.05,3720,11,109684,29.477022305831767
0.05,3721,90,109774,29.493283181085438
0.05,3722,-107,109667,29.45662100456621
0.05,3723,-71,109596,29.429645542427497
0.05,3724,91,109687,29.446174496644296
0.05,3725,-17,109670,29.43370907139023
0.05,3726,91,109761,29.450228065468206
0.05,3727,27,109788,29.449570815450645
0.05,3728,87,109875,29.465004022526145
0.05,3729,93,109968,29.482037533512063
0.05,3730,39,110007,29.48458858214956
0.05,3731,-26,109981,29.469721329046088
0.05,3732,93,110074,29.486739887489954
0.05,3733,41,110115,29.489823245848957
0.05,3734,66,110181,29.499598393574296
0.05,3735,6,110187,29.49330835117773
0.05,3736,93,110280,29.51030238158951
0.05,3737,46,110326,29.514713750668808
0.05,3738,54,110380,29.521262369617546
0.05,3739,94,110474,29.538502673796792
0.05,3740,23,110497,29.536754878374765
0.05,3741,56,110553,29.543826830571888
0.05,3742,93,110646,29.560780122896073
0.05,3743,37,110683,29.562767094017094
0.05,3744,93,110776,29.579706275033377
0.05,3745,-133,110643,29.53630539241858
0.05,3746,-96,110547,29.502802241793436
0.05,3747,84,110631,29.51734258271078
0.05,3748,69,110700,29.527874099759934
0.05,3749,27,110727,29.5272
0.05,3750,13,110740,29.522793921620902
0.05,3751,88,110828,29.538379530916846
0.05,3752,89,110917,29.554223288036237
0.05,3753,88,111005,29.569792221630262
0.05,3754,88,111093,29.585352862849533
0.05,3755,41,111134,29.58839190628328
0.05,3756,13,111147,29.583976577056163
0.05,3757,47,111194,29.588610963278338
0.05,3758,77,111271,29.60122372971535
0.05,3759,-207,111064,29.538297872340426
0.05,3760,92,111156,29.55490561021005
0.05,3761,24,111180,29.55342902711324
0.05,3762,-77,111103,29.525112941801755
0.05,3763,92,111195,29.54171094580234
0.05,3764,-28,111167,29.526427622841965
0.05,3765,37,111204,29.528412108337758
0.05,3766,-112,111092,29.490841518449695
0.05,3767,-88,111004,29.459660297239914
0.05,3768,86,111090,29.47466171398249
0.05,3769,93,111183,29.491511936339524
0.05,3770,-26,111157,29.47679660567489
0.05,3771,69,111226,29.48727465535525
0.05,3772,-60,111166,29.463556851311953
0.05,3773,21,111187,29.4613142554319
0.05,3774,78,111265,29.474172185430465
0.05,3775,62,111327,29.482786016949152
0.05,3776,-109,111218,29.446121260259464
0.05,3777,-226,110992,29.378507146638434
0.05,3778,86,111078,29.39349034136015
0.05,3779,72,111150,29.404761904761905
0.05,3780,-33,111117,29.388257074847925
0.05,3781,16,111133,29.38471708090957
0.05,3782,91,111224,29.401004493787998
0.05,3783,68,111292,29.41120507399577
0.05,3784,83,111375,29.42536327608983
0.05,3785,58,111433,29.432910723718965
0.05,3786,59,111492,29.440718246633217
0.05,3787,-79,111413,29.412090813093982
0.05,3788,15,111428,29.408287147004486
0.05,3789,88,111516,29.423746701846966
0.05,3790,92,111608,29.44025323133738
0.05,3791,56,111664,29.447257383966246
0.05,3792,94,111758,29.464276298444503
0.05,3793,38,111796,29.466526093832368
0.05,3794,41,111837,29.469565217391306
0.05,3795,90,111927,29.48551106427819
0.05,3796,10,111937,29.48037924677377
0.05,3797,-31,111906,29.46445497630332
0.05,3798,-18,111888,29.451961042379573
0.05,3799,-184,111704,29.39578947368421
0.05,3800,70,111774,29.406471981057617
0.05,3801,-21,111753,29.39321409784324
0.05,3802,84,111837,29.407572968708912
0.05,3803,69,111906,29.417981072555204
0.05,3804,16,111922,29.414454664914587
0.05,3805,89,112011,29.43011035207567
0.05,3806,84,112095,29.444444444444443
0.05,3807,90,112185,29.460346638655462
0.05,3808,87,112272,29.47545287477028
0.05,3809,74,112346,29.487139107611547
0.05,3810,61,112407,29.495408029388614
0.05,3811,34,112441,29.496589716684156
0.05,3812,88,112529,29.511932861264096
0.05,3813,89,112618,29.527530152071318
0.05,3814,-95,112523,29.49488859764089
0.05,3815,77,112600,29.50733752620545
0.05,3816,20,112620,29.504846738276132
0.05,3817,34,112654,29.50602409638554
0.05,3818,-16,112638,29.494108405341713
0.05,3819,72,112710,29.505235602094242
0.05,3820,-62,112648,29.481287621041613
0.05,3821,50,112698,29.486656200941916
0.05,3822,27,112725,29.48600575464295
0.05,3823,42,112767,29.489278242677823
0.05,3824,69,112836,29.499607843137255
0.05,3825,-177,112659,29.445635128071093
0.05,3826,51,112710,29.451267311209826
0.05,3827,84,112794,29.46551724137931
0.05,3828,90,112884,29.481326717158527
0.05,3829,87,112971,29.49634464751958
0.05,3830,82,113053,29.5100495954059
0.05,3831,54,113107,29.516440501043842
0.05,3832,-26,113081,29.50195669188625
0.05,3833,83,113164,29.515910276473658
0.05,3834,7,113171,29.510039113428945
0.05,3835,89,113260,29.525547445255473
0.05,3836,40,113300,29.528277299973936
0.05,3837,93,113393,29.54481500781657
0.05,3838,64,113457,29.553790049492054
0.05,3839,62,113519,29.562239583333334
0.05,3840,28,113547,29.561832856027078
0.05,3841,63,113610,29.5705361790734
0.05,3842,90,113700,29.58626073380172
0.05,3843,68,113768,29.596253902185225
0.05,3844,93,113861,29.612743823146943
0.05,3845,94,113955,29.629485179407176
0.05,3846,66,114021,29.63893943332467
0.05,3847,79,114100,29.651767151767153
0.05,3848,89,114189,29.667186282151206
0.05,3849,-16,114173,29.655324675324675
0.05,3850,81,114254,29.668657491560634
0.05,3851,72,114326,29.679646936656283
0.05,3852,-63,114263,29.655593044381003
0.05,3853,89,114352,29.670991177996886
0.05,3854,69,114421,29.681193255512323
0.05,3855,38,114459,29.68335062240664
0.05,3856,86,114545,29.697951775991704
0.05,3857,93,114638,29.71435977190254
0.05,3858,85,114723,29.72868618813164
0.05,3859,71,114794,29.73937823834197
0.05,3860,95,114889,29.756280756280756
0.05,3861,51,114940,29.761781460383222
0.05,3862,86,115026,29.776339632410043
0.05,3863,67,115093,29.785973084886127
0.05,3864,17,115110,29.782664941785253
0.05,3865,4,115114,29.775995861355405
0.05,3866,80,115194,29.788983708301007
0.05,3867,77,115271,29.8011892450879
0.05,3868,58,115329,29.80847764280176
0.05,3869,47,115376,29.812919896640828
0.05,3870,70,115446,29.823301472487728
0.05,3871,43,115489,29.826704545454547
0.05,3872,92,115581,29.84275755228505
0.05,3873,-339,115242,29.747547754259163
0.05,3874,-199,115043,29.68851612903226
0.05,3875,-18,115025,29.67621259029928
0.05,3876,29,115054,29.676038173845757
0.05,3877,-11,115043,29.665549252191852
0.05,3878,-125,114918,29.625676720804332
0.05,3879,47,114965,29.63015463917526
0.05,3880,20,114985,29.627673280082455
0.05,3881,7,114992,29.62184441009789
0.05,3882,77,115069,29.634045840844706
0.05,3883,-415,114654,29.51956745623069
0.05,3884,77,114731,29.53178893178893
0.05,3885,94,114825,29.54837879567679
0.05,3886,-167,114658,29.497813223565732
0.05,3887,20,114678,29.49537037037037
0.05,3888,91,114769,29.51118539470301
0.05,3889,94,114863,29.527763496143958
0.05,3890,79,114942,29.54047802621434
0.05,3891,93,115035,29.556783144912643
0.05,3892,81,115116,29.569997431286925
0.05,3893,21,115137,29.56779661016949
0.05,3894,92,115229,29.583825417201542
0.05,3895,61,115290,29.59188911704312
0.05,3896,53,115343,29.597895817295356
0.05,3897,94,115437,29.614417650076962
0.05,3898,93,115530,29.630674531931266
0.05,3899,-6,115524,29.62153846153846
0.05,3900,61,115585,29.629582158420916
0.05,3901,56,115641,29.636340338288058
0.05,3902,17,115658,29.63310274148091
0.05,3903,76,115734,29.64497950819672
0.05,3904,67,115801,29.654545454545456
0.05,3905,93,115894,29.670762928827443
0.05,3906,0,115894,29.66316867161505
0.05,3907,81,115975,29.676305015353122
0.05,3908,-84,115891,29.647224354054746
0.05,3909,82,115973,29.660613810741687
0.05,3910,34,116007,29.661723344413193
0.05,3911,26,116033,29.660787321063395
0.05,3912,-160,115873,29.612317914643494
0.05,3913,-197,115676,29.554420030659173
0.05,3914,59,115735,29.561941251596423
0.05,3915,-144,115591,29.51762002042901
0.05,3916,91,115682,29.533316313505235
0.05,3917,78,115760,29.54568657478305
0.05,3918,84,115844,29.559581525899464
0.05,3919,88,115932,29.574489795918367
0.05,3920,89,116021,29.589645498597296
0.05,3921,73,116094,29.60071392146864
0.05,3922,73,116167,29.611776701503953
0.05,3923,87,116254,29.626401630988788
0.05,3924,-106,116148,29.591847133757962
0.05,3925,35,116183,29.593224656138563
0.05,3926,-243,115940,29.523809523809526
0.05,3927,47,115987,29.528258655804482
0.05,3928,4,115991,29.521761262407736
0.05,3929,-135,115856,29.479898218829515
0.05,3930,91,115947,29.495548206563214
0.05,3931,78,116025,29.50788402848423
0.05,3932,12,116037,29.503432494279178
0.05,3933,81,116118,29.51652262328419
0.05,3934,92,116210,29.532401524777637
0.05,3935,80,116290,29.545223577235774
0.05,3936,79,116369,29.55778511557023
0.05,3937,23,116392,29.556119857795835
0.05,3938,-33,116359,29.54023863924854
0.05,3939,3,116362,29.533502538071065
0.05,3940,52,116414,29.539203247906624
0.05,3941,-30,116384,29.524099441907662
0.05,3942,-1,116383,29.516358102967285
0.05,3943,41,116424,29.519269776876268
0.05,3944,86,116510,29.53358681875792
0.05,3945,-128,116382,29.49366447034972
0.05,3946,93,116475,29.509754243729414
0.05,3947,72,116547,29.52051671732523
0.05,3948,40,116587,29.523170422891873
0.05,3949,89,116676,29.538227848101265
0.05,3950,44,116720,29.541888129587445
0.05,3951,44,116764,29.545546558704455
0.05,3952,57,116821,29.552491778396156
0.05,3953,80,116901,29.56525037936267
0.05,3954,-41,116860,29.547408343868522
0.05,3955,-53,116807,29.52654196157735
0.05,3956,81,116888,29.539550164265858
0.05,3957,58,116946,29.546740778170793
0.05,3958,28,116974,29.546350088406165
0.05,3959,88,117062,29.56111111111111
0.05,3960,65,117127,29.570058066144913
0.05,3961,48,117175,29.574709742554266
0.05,3962,87,117262,29.589200100933635
0.05,3963,68,117330,29.598890010090816
0.05,3964,66,117396,29.608070617906684
0.05,3965,-179,117217,29.55547150781644
0.05,3966,83,117300,29.56894378623645
0.05,3967,16,117316,29.565524193548388
0.05,3968,79,117395,29.577979339884102
0.05,3969,30,117425,29.57808564231738
0.05,3970,69,117494,29.588013094938304
0.05,3971,18,117512,29.585095669687814
0.05,3972,89,117601,29.600050339793608
0.05,3973,66,117667,29.60920986411676
0.05,3974,22,117689,29.607295597484278
0.05,3975,-15,117674,29.596076458752513
0.05,3976,91,117765,29.611516218254966
0.05,3977,94,117859,29.62770236299648
0.05,3978,-307,117552,29.54310128172908
0.05,3979,-93,117459,29.512311557788944
0.05,3980,81,117540,29.52524491333836
0.05,3981,88,117628,29.53992968357609
0.05,3982,94,117722,29.556113482299775
0.05,3983,93,117815,29.572038152610443
0.05,3984,93,117908,29.587954830614805
0.05,3985,6,117914,29.58203712995484
0.05,3986,-34,117880,29.566089791823426
0.05,3987,88,117968,29.58074222668004
0.05,3988,-91,117877,29.55051391326147
0.05,3989,-70,117807,29.525563909774437
0.05,3990,-48,117759,29.506138812327737
0.05,3991,79,117838,29.518537074148295
0.05,3992,-13,117825,29.507888805409465
0.05,3993,30,117855,29.508012018027042
0.05,3994,14,117869,29.50413016270338
0.05,3995,86,117955,29.51826826826827
0.05,3996,55,118010,29.52464348261196
0.05,3997,3,118013,29.51800900450225
0.05,3998,55,118068,29.524381095273817
0.05,3999,91,118159,29.53975
0.05,4000,24,118183,29.538365408647838
0.05,4001,89,118272,29.55322338830585
0.05,4002,74,118346,29.5643267549338
0.05,4003,87,118433,29.57867132867133
0.05,4004,89,118522,29.59350811485643
0.05,4005,86,118608,29.607588617074388
0.05,4006,3,118611,29.600948340404294
0.05,4007,13,118624,29.59680638722555
0.05,4008,83,118707,29.61012721376902
0.05,4009,77,118784,29.62194513715711
0.05,4010,-68,118716,29.597606581899775
0.05,4011,-15,118701,29.586490528414757
0.05,4012,-68,118633,29.562172937951658
0.05,4013,93,118726,29.57797708021923
0.05,4014,62,118788,29.586052303860523
0.05,4015,-4,118784,29.577689243027887
0.05,4016,45,118829,29.5815285038586
0.05,4017,90,118919,29.596565455450474
0.05,4018,86,119005,29.610599651654642
0.05,4019,88,119093,29.625124378109454
0.05,4020,-124,118969,29.586918676946034
0.05,4021,31,119000,29.58727001491795
0.05,4022,61,119061,29.595078299776286
0.05,4023,-55,119006,29.574055666003975
0.05,4024,73,119079,29.584844720496893
0.05,4025,4,119083,29.578489816194732
0.05,4026,65,119148,29.587285820710207
0.05,4027,48,119196,29.59185700099305
0.05,4028,92,119288,29.60734673616282
0.05,4029,18,119306,29.604466501240694
0.05,4030,58,119364,29.611510791366907
0.05,4031,35,119399,29.61284722222222
0.05,4032,22,119421,29.610959583436646
0.05,4033,24,119445,29.60956866633614
0.05,4034,88,119533,29.624039653035936
0.05,4035,87,119620,29.638255698711596
0.05,4036,66,119686,29.647262818924943
0.05,4037,-35,119651,29.631253095591877
0.05,4038,13,119664,29.627135429561772
0.05,4039,41,119705,29.629950495049506
0.05,4040,78,119783,29.64192031675328
0.05,4041,55,119838,29.648193963384465
0.05,4042,93,119931,29.66386346772199
0.05,4043,89,120020,29.678536102868446
0.05,4044,22,120042,29.67663782447466
0.05,4045,76,120118,29.688086999505686
0.05,4046,73,120191,29.698789226587596
0.05,4047,-7,120184,29.6897233201581
0.05,4048,32,120216,29.690293899728328
0.05,4049,64,120280,29.698765432098764
0.05,4050,-99,120181,29.66699580350531
0.05,4051,89,120270,29.681638696939782
0.05,4052,-1,120269,29.674068591167035
0.05,4053,47,120316,29.67834237789837
0.05,4054,11,120327,29.673736128236744
0.05,4055,87,120414,29.687869822485208
0.05,4056,-4,120410,29.679566181907813
0.05,4057,88,120498,29.69393790044357
0.05,4058,-255,120243,29.62379896526238
0.05,4059,42,120285,29.626847290640395
0.05,4060,48,120333,29.631371583353854
0.05,4061,-120,120213,29.59453471196455
0.05,4062,17,120230,29.59143490031996
0.05,4063,59,120289,29.59867125984252
0.05,4064,73,120362,29.609348093480936
0.05,4065,75,120437,29.62051155927201
0.05,4066,81,120518,29.633144824194737
0.05,4067,93,120611,29.64872173058014
0.05,4068,79,120690,29.66085033177685
0.05,4069,94,120784,29.676658476658478
0.05,4070,-58,120726,29.6551215917465
0.05,4071,44,120770,29.658644400785853
0.05,4072,91,120861,29.673704885833537
0.05,4073,89,120950,29.68826705940108
0.05,4074,-43,120907,29.67042944785276
0.05,4075,-26,120881,29.656771344455347
0.05,4076,48,120929,29.661270542065242
0.05,4077,86,121015,29.675085826385484
0.05,4078,62,121077,29.68301054179946
0.05,4079,9,121086,29.67794117647059
0.05,4080,79,121165,29.6900269541779
0.05,4081,90,121255,29.704801567858894
0.05,4082,-74,121181,29.679402400195933
0.05,4083,88,121269,29.693682664054847
0.05,4084,-219,121050,29.6328029375765
0.05,4085,94,121144,29.648556045031818
0.05,4086,79,121223,29.660631269880106
0.05,4087,42,121265,29.663649706457925
0.05,4088,70,121335,29.67351430667645
0.05,4089,-1,121334,29.66601466992665
0.05,4090,-18,121316,29.654363236372525
0.05,4091,58,121374,29.661290322580644
0.05,4092,83,121457,29.674322013193258
0.05,4093,86,121543,29.68808011724475
0.05,4094,93,121636,29.703540903540905
0.05,4095,92,121728,29.71875
0.05,4096,37,121765,29.720527215035393
0.05,4097,92,121857,29.735724743777453
0.05,4098,-18,121839,29.72407904366919
0.05,4099,-38,121801,29.707560975609756
0.05,4100,80,121881,29.719824433065106
0.05,4101,82,121963,29.732569478303265
0.05,4102,92,122055,29.747745552035095
0.05,4103,-26,122029,29.73416179337232
0.05,4104,47,122076,29.73836784409257
0.05,4105,60,122136,29.745737944471504
0.05,4106,85,122221,29.759191624056488
0.05,4107,-6,122215,29.750486854917234
0.05,4108,-59,122156,29.728887807252374
0.05,4109,-102,122054,29.69683698296837
0.05,4110,54,122108,29.70274872293846
0.05,4111,92,122200,29.717898832684824
0.05,4112,-2,122198,29.710187211281305
0.05,4113,17,122215,29.707097715119104
0.05,4114,68,122283,29.71640340218712
0.05,4115,94,122377,29.732021379980562
0.05,4116,64,122441,29.74034491134321
0.05,4117,-62,122379,29.718067022826617
0.05,4118,67,122446,29.72711823258072
0.05,4119,62,122508,29.73495145631068
0.05,4120,93,122601,29.750303324435816
0.05,4121,84,122685,29.763464337700146
0.05,4122,40,122725,29.765947125879215
0.05,4123,76,122801,29.777158098933075
0.05,4124,-133,122668,29.73769696969697
0.05,4125,94,122762,29.753271934076587
0.05,4126,-60,122702,29.731524109522656
0.05,4127,35,122737,29.7328003875969
0.05,4128,-31,122706,29.718091547590216
0.05,4129,-80,122626,29.691525423728812
0.05,4130,13,122639,29.687484870491406
0.05,4131,-62,122577,29.665295256534367
0.05,4132,79,122656,29.67723203484152
0.05,4133,-450,122206,29.561199806482826
0.05,4134,88,122294,29.575332527206772
0.05,4135,94,122388,29.59090909090909
0.05,4136,-12,122376,29.580855692530818
0.05,4137,79,122455,29.592798453359112
0.05,4138,25,122480,29.59168881372312
0.05,4139,-8,122472,29.582608695652173
0.05,4140,84,122556,29.59574981888433
0.05,4141,-11,122545,29.58594881699662
0.05,4142,86,122631,29.59956553222303
0.05,4143,66,122697,29.60834942084942
0.05,4144,7,122704,29.602895054282268
0.05,4145,76,122780,29.61408586589484
0.05,4146,-61,122719,29.59223535085604
0.05,4147,79,122798,29.604146576663453
0.05,4148,6,122804,29.598457459628825
0.05,4149,53,122857,29.604096385542167
0.05,4150,18,122875,29.60130089135148
0.05,4151,31,122906,29.601637764932562
0.05,4152,-84,122822,29.574283650373225
0.05,4153,-3,122819,29.566441983630234
0.05,4154,17,122836,29.563417569193742
0.05,4155,91,122927,29.57820019249278
0.05,4156,43,122970,29.58142891508299
0.05,4157,86,123056,29.594997594997594
0.05,4158,66,123122,29.60375090165905
0.05,4159,14,123136,29.6
0.05,4160,88,123224,29.614035087719298
0.05,4161,24,123248,29.61268620855358
0.05,4162,93,123341,29.62791256305549
0.05,4163,76,123417,29.639048991354468
0.05,4164,-20,123397,29.627130852340937
0.05,4165,84,123481,29.64018242918867
0.05,4166,-60,123421,29.618670506359493
0.05,4167,42,123463,29.621641074856047
0.05,4168,-78,123385,29.59582633725114
0.05,4169,35,123420,29.597122302158272
0.05,4170,-143,123277,29.555742028290577
0.05,4171,69,123346,29.565196548418026
0.05,4172,81,123427,29.57752216630721
0.05,4173,-133,123294,29.538572113080978
0.05,4174,-127,123167,29.50107784431138
0.05,4175,92,123259,29.516044061302683
0.05,4176,61,123320,29.52358151783577
0.05,4177,92,123412,29.53853518429871
0.05,4178,94,123506,29.55396027757837
0.05,4179,92,123598,29.5688995215311
0.05,4180,37,123635,29.570676871561826
0.05,4181,87,123722,29.5844093735055
0.05,4182,94,123816,29.59980874970117
0.05,4183,-308,123508,29.519120458891013
0.05,4184,45,123553,29.522819593787336
0.05,4185,-1,123552,29.51552795031056
0.05,4186,78,123630,29.527107714353953
0.05,4187,56,123686,29.533428844317097
0.05,4188,93,123779,29.548579613272857
0.05,4189,-182,123597,29.498090692124105
0.05,4190,5,123602,29.492245287520877
0.05,4191,-65,123537,29.469704198473284
0.05,4192,84,123621,29.48270927736704
0.05,4193,68,123689,29.491893180734383
0.05,4194,92,123781,29.50679380214541
0.05,4195,7,123788,29.50142993326978
0.05,4196,92,123880,29.51632118179652
0.05,4197,43,123923,29.51953311100524
0.05,4198,89,124012,29.53369849964277
0.05,4199,-2,124010,29.526190476190475
0.05,4200,92,124102,29.541061651987622
0.05,4201,-74,124028,29.516420752022846
0.05,4202,-238,123790,29.452771829645492
0.05,4203,90,123880,29.467174119885822
0.05,4204,-68,123812,29.44399524375743
0.05,4205,94,123906,29.459343794579173
0.05,4206,82,123988,29.471832659852627
0.05,4207,68,124056,29.480988593155892
0.05,4208,83,124139,29.493703967688287
0.05,4209,89,124228,29.507838479809976
0.05,4210,24,124252,29.506530515317028
0.05,4211,86,124338,29.51994301994302
0.05,4212,80,124418,29.531924994065985
0.05,4213,-36,124382,29.516373991457048
0.05,4214,65,124447,29.52479240806643
0.05,4215,87,124534,29.53842504743833
0.05,4216,89,124623,29.552525492055963
0.05,4217,-9,124614,29.543385490753913
0.05,4218,46,124660,29.547286086750415
0.05,4219,5,124665,29.541469194312796
0.05,4220,3,124668,29.535181236673775
0.05,4221,90,124758,29.549502605400285
0.05,4222,88,124846,29.563343594600994
0.05,4223,47,124893,29.56747159090909
0.05,4224,77,124970,29.578698224852072
0.05,4225,86,125056,29.592049219119733
0.05,4226,91,125147,29.60657676839366
0.05,4227,48,125195,29.61092715231788
0.05,4228,89,125284,29.624970442184914
0.05,4229,-54,125230,29.60520094562648
0.05,4230,-236,124994,29.54242495863862
0.05,4231,89,125083,29.55647448015123
0.05,4232,-6,125077,29.548074651547367
0.05,4233,71,125148,29.557864903164855
0.05,4234,71,125219,29.567650531286894
0.05,4235,70,125289,29.577195467422097
0.05,4236,-24,125265,29.564550389426483
0.05,4237,-120,125145,29.529259084473807
0.05,4238,66,125211,29.5378627034678
0.05,4239,77,125288,29.549056603773586
0.05,4240,13,125301,29.545154444706437
0.05,4241,-43,125258,29.528052805280527
0.05,4242,-18,125240,29.516851284468537
0.05,4243,71,125311,29.526625824693685
0.05,4244,54,125365,29.53239104829211
0.05,4245,42,125407,29.535327366933586
0.05,4246,56,125463,29.541558747351072
0.05,4247,58,125521,29.548258003766477
0.05,4248,91,125612,29.562720640150623
0.05,4249,-12,125600,29.55294117647059
0.05,4250,72,125672,29.56292637026582
0.05,4251,77,125749,29.574082784571967
0.05,4252,93,125842,29.58899600282154
0.05,4253,84,125926,29.601786553831687
0.05,4254,88,126014,29.61551116333725
0.05,4255,-36,125978,29.600093984962406
0.05,4256,88,126066,29.613812544045103
0.05,4257,80,126146,29.625645843118836
0.05,4258,80,126226,29.637473585348673
0.05,4259,94,126320,29.652582159624412
0.05,4260,92,126412,29.66721426895095
0.05,4261,58,126470,29.673862036602532
0.05,4262,56,126526,29.680037532254282
0.05,4263,-222,126304,29.621013133208255
0.05,4264,45,126349,29.62461899179367
0.05,4265,65,126414,29.632911392405063
0.05,4266,-126,126288,29.596437778298572
0.05,4267,54,126342,29.60215557638238
0.05,4268,42,126384,29.605059732958537
0.05,4269,19,126403,29.602576112412176
0.05,4270,85,126488,29.61554671037228
0.05,4271,89,126577,29.62944756554307
0.05,4272,62,126639,29.63702316873391
0.05,4273,-29,126610,29.623303696771174
0.05,4274,-156,126454,29.579883040935673
0.05,4275,-160,126294,29.5355472404116
0.05,4276,-118,126176,29.501052139350012
0.05,4277,57,126233,29.50748013090229
0.05,4278,24,126257,29.506193035756016
0.05,4279,-104,126153,29.475
0.05,4280,-78,126075,29.44989488437281
0.05,4281,54,126129,29.455628211116302
0.05,4282,93,126222,29.47046462759748
0.05,4283,19,126241,29.468020541549954
0.05,4284,89,126330,29.48191365227538
0.05,4285,7,126337,29.476668222118526
0.05,4286,83,126420,29.489153254023794
0.05,4287,85,126505,29.502098880597014
0.05,4288,91,126596,29.51643739799487
0.05,4289,-70,126526,29.493240093240093
0.05,4290,56,126582,29.499417385224888
0.05,4291,23,126605,29.497903075489283
0.05,4292,-45,126560,29.48054973212206
0.05,4293,-150,126410,29.438751746623193
0.05,4294,85,126495,29.451688009313155
0.05,4295,91,126586,29.466014897579143
0.05,4296,16,126602,29.46288107982313
0.05,4297,80,126682,29.47463936714751
0.05,4298,79,126761,29.486159571993486
0.05,4299,-31,126730,29.472093023255812
0.05,4300,68,126798,29.481050918391073
0.05,4301,76,126874,29.491864249186424
0.05,4302,-18,126856,29.480827329769927
0.05,4303,16,126872,29.477695167286246
0.05,4304,93,126965,29.492450638792103
0.05,4305,55,127020,29.498374361356248
0.05,4306,87,127107,29.511725098676575
0.05,4307,-95,127012,29.482822655524604
0.05,4308,64,127076,29.49083313993966
0.05,4309,-19,127057,29.479582366589327
0.05,4310,94,127151,29.494548828578058
0.05,4311,-104,127047,29.463589981447125
0.05,4312,4,127051,29.457686065383722
0.05,4313,75,127126,29.468242929995363
0.05,4314,90,127216,29.482271147161065
0.05,4315,50,127266,29.4870250231696
0.05,4316,76,127342,29.497799397729906
0.05,4317,-223,127119,29.439323761000463
0.05,4318,-61,127058,29.4183838851586
0.05,4319,78,127136,29.42962962962963
0.05,4320,53,127189,29.435084471187224
0.05,4321,-85,127104,29.408607126330402
0.05,4322,14,127118,29.405042794355772
0.05,4323,14,127132,29.401480111008325
0.05,4324,-95,127037,29.37271676300578
0.05,4325,94,127131,29.3876560332871
0.05,4326,94,127225,29.402588398428474
0.05,4327,9,127234,29.397874306839185
0.05,4328,16,127250,29.394779394779395
0.05,4329,69,127319,29.40392609699769
0.05,4330,87,127406,29.417224659432
0.05,4331,90,127496,29.431209602954755
0.05,4332,-3,127493,29.42372490191553
0.05,4333,-93,127400,29.395477618827872
0.05,4334,87,127487,29.40876585928489
0.05,4335,47,127534,29.41282287822878
0.05,4336,-41,127493,29.396587502882177
0.05,4337,90,127583,29.41055786076533
0.05,4338,36,127619,29.412076515326113
0.05,4339,58,127677,29.418663594470047
0.05,4340,14,127691,29.41511172540889
0.05,4341,60,127751,29.422155688622755
0.05,4342,56,127807,29.428275385678102
0.05,4343,-74,127733,29.404465930018418
0.05,4344,25,127758,29.403452243958572
0.05,4345,58,127816,29.410032213529682
0.05,4346,55,127871,29.415919024614677
0.05,4347,68,127939,29.424793008279668
0.05,4348,93,128032,29.43941135893309
0.05,4349,41,128073,29.44206896551724
0.05,4350,90,128163,29.45598712939554
0.05,4351,80,128243,29.467601102941178
0.05,4352,62,128305,29.47507466115323
0.05,4353,89,128394,29.488745980707396
0.05,4354,90,128484,29.502640642939152
0.05,4355,86,128570,29.51561065197429
0.05,4356,-56,128514,29.49598347486803
0.05,4357,85,128599,29.50871959614502
0.05,4358,49,128648,29.51319109887589
0.05,4359,89,128737,29.52683486238532
0.05,4360,90,128827,29.540701673927998
0.05,4361,-4,128823,29.533012379642365
0.05,4362,64,128887,29.540912216364887
0.05,4363,60,128947,29.54789184234647
0.05,4364,92,129039,29.562199312714778
0.05,4365,93,129132,29.576729271644528
0.05,4366,79,129211,29.588046713991297
0.05,4367,35,129246,29.589285714285715
0.05,4368,84,129330,29.601739528496225
0.05,4369,24,129354,29.60045766590389
0.05,4370,-76,129278,29.576298329901626
0.05,4371,49,129327,29.580741079597438
0.05,4372,28,129355,29.580379602103818
0.05,4373,46,129401,29.58413351623228
0.05,4374,81,129482,29.595885714285714
0.05,4375,82,129564,29.607861060329068
0.05,4376,81,129645,29.619602467443453
0.05,4377,-1,129644,29.612608497030607
0.05,4378,92,129736,29.62685544644896
0.05,4379,-139,129597,29.588356164383562
0.05,4380,68,129665,29.597123944304954
0.05,4381,10,129675,29.5926517571885
0.05,4382,87,129762,29.60574948665298
0.05,4383,-172,129590,29.55976277372263
0.05,4384,14,129604,29.556214367160777
0.05,4385,76,129680,29.566803465572274
0.05,4386,6,129686,29.56143150216549
0.05,4387,-38,129648,29.546034639927075
0.05,4388,74,129722,29.556163135110502
0.05,4389,-117,129605,29.52277904328018
0.05,4390,0,129605,29.516055568207697
0.05,4391,38,129643,29.51798724954463
0.05,4392,62,129705,29.525381288413385
0.05,4393,33,129738,29.52617205279927
0.05,4394,6,129744,29.520819112627986
0.05,4395,92,129836,29.53503184713376
0.05,4396,-25,129811,29.522629065271776
0.05,4397,90,129901,29.53638017280582
0.05,4398,87,129988,29.549443055239827
0.05,4399,93,130081,29.563863636363635
0.05,4400,92,130173,29.578050443081118
0.05,4401,84,130257,29.590413448432532
0.05,4402,71,130328,29.59981830570066
0.05,4403,89,130417,29.61330608537693
0.05,4404,90,130507,29.627014755959138
0.05,4405,-12,130495,29.61756695415343
0.05,4406,76,130571,29.62809167233946
0.05,4407,18,130589,29.625453720508165
0.05,4408,25,130614,29.624404626899523
0.05,4409,-277,130337,29.554875283446712
0.05,4410,-507,129830,29.433235094082974
0.05,4411,-11,129819,29.424070716228467
0.05,4412,92,129911,29.438250623158847
0.05,4413,75,129986,29.448572723153603
0.05,4414,47,130033,29.452548131370328
0.05,4415,81,130114,29.464221014492754
0.05,4416,83,130197,29.47634140819561
0.05,4417,-50,130147,29.458352195563602
0.05,4418,94,130241,29.47295768273365
0.05,4419,94,130335,29.487556561085974
0.05,4420,64,130399,29.495363040036192
0.05,4421,86,130485,29.508141112618723
0.05,4422,12,130497,29.50418268143794
0.05,4423,-16,130481,29.49389692585895
0.05,4424,6,130487,29.48858757062147
0.05,4425,70,130557,29.49774062358789
0.05,4426,31,130588,29.498079963858142
0.05,4427,46,130634,29.501806684733513
0.05,4428,-294,130340,29.42876495822985
0.05,4429,83,130423,29.440857787810383
0.05,4430,45,130468,29.444369216881064
0.05,4431,47,130515,29.448330324909747
0.05,4432,-71,130444,29.42567110309046
0.05,4433,-48,130396,29.408209291835814
0.05,4434,13,130409,29.404509582863586
0.05,4435,6,130415,29.399233543733093
0.05,4436,-44,130371,29.382691007437458
0.05,4437,85,130456,29.395223073456513
0.05,4438,67,130523,29.403694525794098
0.05,4439,14,130537,29.400225225225224
0.05,4440,93,130630,29.414546273361854
0.05,4441,59,130689,29.421206663665014
0.05,4442,28,130717,29.420886788206168
0.05,4443,80,130797,29.432268226822682
0.05,4444,-9,130788,29.423622047244095
0.05,4445,81,130869,29.43522267206478
0.05,4446,13,130882,29.431526872048572
0.05,4447,-24,130858,29.41951438848921
0.05,4448,50,130908,29.424140256237358
0.05,4449,87,130995,29.437078651685393
0.05,4450,3,130998,29.43113906987194
0.05,4451,-16,130982,29.42093441150045
0.05,4452,15,130997,29.4176959353245
0.05,4453,78,131075,29.42860350246969
0.05,4454,91,131166,29.44242424242424
0.05,4455,71,131237,29.451750448833035
0.05,4456,23,131260,29.450302894323535
0.05,4457,-130,131130,29.414535666218036
0.05,4458,94,131224,29.429019959632203
0.05,4459,-185,131039,29.380941704035873
0.05,4460,-40,130999,29.365388926249718
0.05,4461,-121,130878,29.331689825190498
0.05,4462,-195,130683,29.28142505041452
0.05,4463,71,130754,29.290770609318997
0.05,4464,-51,130703,29.272788353863383
0.05,4465,88,130791,29.2859381997313
0.05,4466,-369,130422,29.196776359973136
0.05,4467,87,130509,29.209713518352732
0.05,4468,84,130593,29.221973595882748
0.05,4469,-77,130516,29.198210290827742
0.05,4470,-212,130304,29.144263028405277
0.05,4471,22,130326,29.142665474060824
0.05,4472,-65,130261,29.12161860049184
0.05,4473,88,130349,29.134778721502013
0.05,4474,-1,130348,29.12804469273743
0.05,4475,48,130396,29.132260947274354
0.05,4476,8,130404,29.1275407639044
0.05,4477,45,130449,29.13108530594015
0.05,4478,70,130519,29.14020986827417
0.05,4479,-24,130495,29.128348214285715
0.05,4480,30,130525,29.12854273599643
0.05,4481,-125,130400,29.094154395359215
0.05,4482,61,130461,29.10127146999777
0.05,4483,-117,130344,29.068688670829616
0.05,4484,42,130386,29.071571906354514
0.05,4485,41,130427,29.074230940704414
0.05,4486,92,130519,29.08825495876978
0.05,4487,92,130611,29.102272727272727
0.05,4488,90,130701,29.115838716863443
0.05,4489,92,130793,29.129844097995544
0.05,4490,-60,130733,29.109997773324427
0.05,4491,94,130827,29.124443455031166
0.05,4492,-147,130680,29.085243712441574
0.05,4493,66,130746,29.093457943925234
0.05,4494,25,130771,29.092547274749723
0.05,4495,90,130861,29.106094306049823
0.05,4496,56,130917,29.11207471647765
0.05,4497,94,131011,29.126500666963096
0.05,4498,-91,130920,29.099799955545677
0.05,4499,-4,130916,29.092444444444446
0.05,4500,-7,130909,29.084425683181514
0.05,4501,93,131002,29.098622834295867
0.05,4502,-96,130906,29.070841661114812
0.05,4503,48,130954,29.075044404973358
0.05,4504,91,131045,29.088790233074363
0.05,4505,81,131126,29.100310696848645
0.05,4506,93,131219,29.114488573330377
0.05,4507,89,131308,29.127772848269743
0.05,4508,90,131398,29.141273009536484
0.05,4509,21,131419,29.139467849223948
0.05,4510,87,131506,29.152294391487477
0.05,4511,-4,131502,29.14494680851064
0.05,4512,-15,131487,29.135165078661643
0.05,4513,-7,131480,29.127159946832077
0.05,4514,-31,131449,29.113842746400884
0.05,4515,40,131489,29.116253321523473
0.05,4516,89,131578,29.129510737214964
0.05,4517,34,131612,29.130588756086762
0.05,4518,-18,131594,29.120159327284796
0.05,4519,69,131663,29.128982300884957
0.05,4520,94,131757,29.14333112143331
0.05,4521,56,131813,29.149270234409553
0.05,4522,65,131878,29.15719655096175
0.05,4523,-19,131859,29.146551724137932
0.05,4524,-138,131721,29.109613259668507
0.05,4525,80,131801,29.1208572691118
0.05,4526,53,131854,29.12613209631102
0.05,4527,52,131906,29.131183745583037
0.05,4528,32,131938,29.13181717818503
0.05,4529,54,131992,29.13730684326711
0.05,4530,45,132037,29.14080776870448
0.05,4531,-82,131955,29.116284201235658
0.05,4532,89,132044,29.12949481579528
0.05,4533,78,132122,29.140273489192765
0.05,4534,90,132212,29.15369349503859
0.05,4535,55,132267,29.159391534391535
0.05,4536,41,132308,29.162001322459776
0.05,4537,-39,132269,29.146981048920228
0.05,4538,89,132358,29.160167437761622
0.05,4539,-148,132210,29.121145374449338
0.05,4540,4,132214,29.115613301035015
0.05,4541,57,132271,29.121752531924262
0.05,4542,-25,132246,29.109839313229145
0.05,4543,-163,132083,29.067561619718308
0.05,4544,7,132090,29.062706270627064
0.05,4545,75,132165,29.072811262648482
0.05,4546,77,132242,29.08335166043545
0.05,4547,56,132298,29.089270008795076
0.05,4548,25,132323,29.08837107056496
0.05,4549,92,132415,29.102197802197804
0.05,4550,-359,132056,29.016919358382772
0.05,4551,58,132114,29.02328646748682
0.05,4552,80,132194,29.03448275862069
0.05,4553,15,132209,29.031400966183575
0.05,4554,-2,132207,29.02458836443469
0.05,4555,71,132278,29.033801580333627
0.05,4556,69,132347,29.04257186745666
0.05,4557,94,132441,29.056823168056166
0.05,4558,93,132534,29.07084887036631
0.05,4559,15,132549,29.06776315789474
0.05,4560,51,132600,29.072571804428854
0.05,4561,52,132652,29.07759754493643
0.05,4562,23,132675,29.076265614727152
0.05,4563,67,132742,29.084574934268186
0.05,4564,86,132828,29.097042716319823
0.05,4565,-7,132821,29.089137100306615
0.05,4566,20,132841,29.08714692358222
0.05,4567,29,132870,29.087127845884414
0.05,4568,59,132929,29.093674764718756
0.05,4569,86,133015,29.10612691466083
0.05,4570,-78,132937,29.08269525267994
0.05,4571,89,133026,29.095800524934383
0.05,4572,-75,132951,29.07303739339602
0.05,4573,-120,132831,29.04044599912549
0.05,4574,92,132923,29.054207650273224
0.05,4575,94,133017,29.06840034965035
0.05,4576,55,133072,29.074065982084335
0.05,4577,-34,133038,29.060288335517694
0.05,4578,14,133052,29.056999344835116
0.05,4579,75,133127,29.06703056768559
0.05,4580,-76,133051,29.044095175725825
0.05,4581,91,133142,29.057616761239633
0.05,4582,90,133232,29.070914248308966
0.05,4583,66,133298,29.07897033158813
0.05,4584,31,133329,29.0793893129771
0.05,4585,-68,133261,29.058220671609245
0.05,4586,59,133320,29.06474820143885
0.05,4587,-68,133252,29.04359197907585
0.05,4588,-44,133208,29.02767487470037
0.05,4589,-229,132979,28.971459694989107
0.05,4590,85,133064,28.983663689827925
0.05,4591,48,133112,28.98780487804878
0.05,4592,88,133200,29.00065316786414
0.05,4593,-85,133115,28.975838049629953
0.05,4594,-217,132898,28.922306855277476
0.05,4595,-7,132891,28.9144908616188
0.05,4596,20,132911,28.91255166412878
0.05,4597,23,132934,28.911265767725098
0.05,4598,84,133018,28.923244183518158
0.05,4599,-71,132947,28.901521739130434
0.05,4600,73,133020,28.911106281243207
0.05,4601,91,133111,28.92459800086919
0.05,4602,85,133196,28.93678036063437
0.05,4603,89,133285,28.949826238053866
0.05,4604,-144,133141,28.91226927252986
0.05,4605,-74,133067,28.889926183239254
0.05,4606,-130,132937,28.85543737790319
0.05,4607,81,133018,28.86675347222222
0.05,4608,89,133107,28.879800390540247
0.05,4609,-130,132977,28.84533622559653
0.05,4610,48,133025,28.84949034916504
0.05,4611,77,133102,28.859930615784908
0.05,4612,48,133150,28.864079774550184
0.05,4613,-139,133011,28.82769830949285
0.05,4614,-35,132976,28.813867822318528
0.05,4615,-44,132932,28.798093587521663
0.05,4616,94,133026,28.812215724496426
0.05,4617,-25,133001,28.8005630142919
0.05,4618,63,133064,28.80796709244425
0.05,4619,49,133113,28.81233766233766
0.05,4620,74,133187,28.82211642501623
0.05,4621,68,133255,28.830592816962355
0.05,4622,-97,133158,28.803374432186892
0.05,4623,55,133213,28.809039792387544
0.05,4624,75,133288,28.819027027027026
0.05,4625,92,133380,28.832684824902724
0.05,4626,-21,133359,28.821914847633455
0.05,4627,72,133431,28.831244598098532
0.05,4628,13,133444,28.827824584143443
0.05,4629,-3,133441,28.82095032397408
0.05,4630,-116,133325,28.78967825523645
0.05,4631,83,133408,28.801381692573404
0.05,4632,93,133501,28.815238506367365
0.05,4633,67,133568,28.823478636167458
0.05,4634,67,133635,28.831715210355988
0.05,4635,50,133685,28.8362812769629
0.05,4636,85,133770,28.848393357774423
0.05,4637,77,133847,28.858775334195773
0.05,4638,-55,133792,28.840698426384996
0.05,4639,18,133810,28.838362068965516
0.05,4640,69,133879,28.84701572936867
0.05,4641,42,133921,28.84984920292977
0.05,4642,72,133993,28.85914279560629
0.05,4643,90,134083,28.872308354866494
0.05,4644,72,134155,28.881593110871904
0.05,4645,74,134229,28.891304347826086
0.05,4646,85,134314,28.90337852377878
0.05,4647,-92,134222,28.87736660929432
0.05,4648,-49,134173,28.86061518606152
0.05,4649,24,134197,28.859569892473118
0.05,4650,91,134288,28.87293055256934
0.05,4651,21,134309,28.871238177128117
0.05,4652,66,134375,28.879217709004944
0.05,4653,-12,134363,28.870434035238503
0.05,4654,93,134456,28.88421052631579
0.05,4655,25,134481,28.883376288659793
0.05,4656,47,134528,28.88726648056689
0.05,4657,92,134620,28.900815800772865
0.05,4658,-70,134550,28.87958789439794
0.05,4659,91,134641,28.89291845493562
0.05,4660,-139,134502,28.85689766144604
0.05,4661,84,134586,28.868725868725868
0.05,4662,2,134588,28.86296375723783
0.05,4663,66,134654,28.87092624356775
0.05,4664,51,134705,28.875669882100752
0.05,4665,42,134747,28.878482640377197
0.05,4666,87,134834,28.89093636168845
0.05,4667,92,134926,28.904455869751498
0.05,4668,11,134937,28.900621118012424
0.05,4669,90,135027,28.913704496788007
0.05,4670,-33,134994,28.900449582530506
0.05,4671,66,135060,28.908390410958905
0.05,4672,72,135132,28.917611812540123
0.05,4673,62,135194,28.924689773213522
0.05,4674,76,135270,28.93475935828877
0.05,4675,89,135359,28.947604790419163
0.05,4676,90,135449,28.9606585418003
0.05,4677,-63,135386,28.941000427533133
0.05,4678,80,135466,28.951912801880745
0.05,4679,77,135543,28.962179487179487
0.05,4680,31,135574,28.962614825891905
0.05,4681,-91,135483,28.936992738146092
0.05,4682,49,135532,28.94127695921418
0.05,4683,62,135594,28.948334756618276
0.05,4684,67,135661,28.956456776947704
0.05,4685,93,135754,28.970123772940674
0.05,4686,62,135816,28.977170898229144
0.05,4687,25,135841,28.97632252559727
0.05,4688,-120,135721,28.9445510769887
0.05,4689,-11,135710,28.936034115138593
0.05,4690,87,135797,28.948411852483478
0.05,4691,-15,135782,28.93904518329071
0.05,4692,75,135857,28.948860004261665
0.05,4693,-168,135689,28.906902428632296
0.05,4694,93,135782,28.920553780617677
0.05,4695,-131,135651,28.886499148211243
0.05,4696,-44,135607,28.870981477538855
0.05,4697,8,135615,28.86653895274585
0.05,4698,-107,135508,28.837625026601405
0.05,4699,1,135509,28.831702127659575
0.05,4700,28,135537,28.83152520740268
0.05,4701,56,135593,28.837303275202043
0.05,4702,35,135628,28.838613650861152
0.05,4703,69,135697,28.847151360544217
0.05,4704,-83,135614,28.823379383634432
0.05,4705,80,135694,28.834254143646408
0.05,4706,91,135785,28.84746122795836
0.05,4707,81,135866,28.85853865760408
0.05,4708,62,135928,28.86557655553196
0.05,4709,37,135965,28.867303609341825
0.05,4710,-99,135866,28.840161324559542
0.05,4711,90,135956,28.85314091680815
0.05,4712,93,136049,28.866751538298324
0.05,4713,42,136091,28.869537547730165
0.05,4714,92,136183,28.882926829268293
0.05,4715,-80,136103,28.859838846480066
0.05,4716,94,136197,28.873648505405978
0.05,4717,56,136253,28.879398050021194
0.05,4718,89,136342,28.892138164865436
0.05,4719,70,136412,28.90084745762712
0.05,4720,30,136442,28.90108027960178
0.05,4721,-28,136414,28.88903007200339
0.05,4722,-2,136412,28.882489942832944
0.05,4723,16,136428,28.879762912785775
0.05,4724,72,136500,28.88888888888889
0.05,4725,-20,136480,28.878544223444774
0.05,4726,-8,136472,28.87074254283901
0.05,4727,93,136565,28.884306260575297
0.05,4728,44,136609,28.887502643264963
0.05,4729,-56,136553,28.869556025369977
0.05,4730,82,136635,28.880786303107165
0.05,4731,90,136725,28.89370245139476
0.05,4732,13,136738,28.890344390450032
0.05,4733,-242,136496,28.83312209547951
0.05,4734,81,136577,28.8441393875396
0.05,4735,81,136658,28.855152027027028
0.05,4736,89,136747,28.867848849482794
0.05,4737,94,136841,28.88159560996201
0.05,4738,-33,136808,28.868537666174298
0.05,4739,87,136895,28.880801687763714
0.05,4740,89,136984,28.893482387681924
0.05,4741,83,137067,28.90489245044285
0.05,4742,-12,137055,28.89626818469323
0.05,4743,33,137088,28.897133220910625
0.05,4744,92,137180,28.910432033719704
0.05,4745,68,137248,28.91866835229667
0.05,4746,37,137285,28.920370760480303
0.05,4747,54,137339,28.925652906486942
0.05,4748,75,137414,28.93535481153927
0.05,4749,-168,137246,28.893894736842107
0.05,4750,74,137320,28.903388760261
0.05,4751,90,137410,28.916245791245792
0.05,4752,-10,137400,28.90805806858826
0.05,4753,66,137466,28.91586032814472
0.05,4754,58,137524,28.92197686645636
0.05,4755,-57,137467,28.90391084945332
0.05,4756,84,137551,28.91549295774648
0.05,4757,91,137642,28.92854140395124
0.05,4758,-78,137564,28.906072704349654
0.05,4759,45,137609,28.909453781512607
0.05,4760,-107,137502,28.880907372400756
0.05,4761,88,137590,28.89332213355733
0.05,4762,-2,137588,28.886836027713628
0.05,4763,46,137634,28.8904282115869
0.05,4764,89,137723,28.90304302203568
0.05,4765,67,137790,28.911036508602603
0.05,4766,69,137859,28.919446192573947
0.05,4767,83,137942,28.930788590604028
0.05,4768,72,138014,28.939819668693648
0.05,4769,94,138108,28.953459119496856
0.05,4770,87,138195,28.965625654998952
0.05,4771,30,138225,28.965842414082147
0.05,4772,88,138313,28.978210768908443
0.05,4773,67,138380,28.986175115207374
0.05,4774,93,138473,28.999581151832462
0.05,4775,-57,138416,28.981574539363486
0.05,4776,89,138505,28.994138580699182
0.05,4777,90,138595,29.006906655504395
0.05,4778,-14,138581,28.997907512031805
0.05,4779,28,138609,28.997698744769874
0.05,4780,-152,138457,28.959841037439865
0.05,4781,93,138550,28.97323295692179
0.05,4782,76,138626,28.98306502195275
0.05,4783,82,138708,28.994147157190636
0.05,4784,91,138799,29.00710553814002
0.05,4785,-120,138679,28.97597158378604
0.05,4786,71,138750,28.98475036557343
0.05,4787,71,138821,28.993525480367584
0.05,4788,41,138862,28.99603257465024
0.05,4789,56,138918,29.001670146137787
0.05,4790,77,138995,29.01168858275934
0.05,4791,-31,138964,28.9991652754591
0.05,4792,51,139015,29.00375547673691
0.05,4793,-178,138837,28.96057571964956
0.05,4794,93,138930,28.97393117831074
0.05,4795,29,138959,28.97393661384487
0.05,4796,61,139020,28.980612883051908
0.05,4797,76,139096,28.990412671946643
0.05,4798,-351,138745,28.91123150656387
0.05,4799,66,138811,28.918958333333332
0.05,4800,42,138853,28.921682982711935
0.05,4801,50,138903,28.926072469804247
0.05,4802,-61,138842,28.907349573183428
0.05,4803,56,138898,28.912989175686928
0.05,4804,-153,138745,28.87513007284079
0.05,4805,92,138837,28.888264669163547
0.05,4806,-7,138830,28.880798835032245
0.05,4807,79,138909,28.89122296173045
0.05,4808,72,138981,28.900187149095444
0.05,4809,75,139056,28.90977130977131
0.05,4810,87,139143,28.921845770110163
0.05,4811,91,139234,28.93474646716542
0.05,4812,65,139299,28.942239767296904
0.05,4813,76,139375,28.952014956377234
0.05,4814,31,139406,28.952440290758048
0.05,4815,12,139418,28.948920265780732
0.05,4816,70,139488,28.957442391529998
0.05,4817,-39,139449,28.943337484433375
0.05,4818,71,139520,28.952064743722765
0.05,4819,63,139583,28.959128630705393
0.05,4820,74,139657,28.968471271520432
0.05,4821,86,139743,28.98029863127333
0.05,4822,49,139792,28.9844495127514
0.05,4823,-100,139692,28.95771144278607
0.05,4824,32,139724,28.958341968911917
0.05,4825,9,139733,28.954206382096974
0.05,4826,61,139794,28.960845245494095
0.05,4827,-54,139740,28.943661971830984
0.05,4828,88,139828,28.9558914889211
0.05,4829,-72,139756,28.934989648033127
0.05,4830,-327,139429,28.86131235768992
0.05,4831,54,139483,28.866514900662253
0.05,4832,1,139484,28.8607490171736
0.05,4833,89,139573,28.87318990484071
0.05,4834,93,139666,28.886452947259567
0.05,4835,-27,139639,28.87489660876758
0.05,4836,58,139697,28.880917924333264
0.05,4837,-10,139687,28.872881355932204
0.05,4838,-7,139680,28.865468071915686
0.05,4839,-192,139488,28.8198347107438
0.05,4840,-10,139478,28.811815740549473
0.05,4841,94,139572,28.82527881040892
0.05,4842,23,139595,28.824075985959116
0.05,4843,82,139677,28.83505367464905
0.05,4844,92,139769,28.848090815273476
0.05,4845,92,139861,28.86112257531985
0.05,4846,25,139886,28.86032597482979
0.05,4847,-94,139792,28.834983498349835
0.05,4848,92,139884,28.848009898948238
0.05,4849,88,139972,28.86020618556701
0.05,4850,77,140049,28.87012987012987
0.05,4851,52,140101,28.87489694971146
0.05,4852,93,140194,28.888110447146094
0.05,4853,67,140261,28.895962093119078
0.05,4854,67,140328,28.903810504634396
0.05,4855,92,140420,28.9168039538715
0.05,4856,15,140435,28.913938645254273
0.05,4857,71,140506,28.92260189378345
0.05,4858,91,140597,28.935377649722167
0.05,4859,90,140687,28.947942386831276
0.05,4860,79,140766,28.958239045463895
0.05,4861,76,140842,28.967914438502675
0.05,4862,93,140935,28.98108163684968
0.05,4863,-123,140812,28.94983552631579
0.05,4864,86,140898,28.961562178828366
0.05,4865,67,140965,28.96937936703658
0.05,4866,60,141025,28.975755085268133
0.05,4867,-17,141008,28.966310599835662
0.05,4868,46,141054,28.969808995687
0.05,4869,83,141137,28.980903490759754
0.05,4870,79,141216,28.991172243892425
0.05,4871,66,141282,28.998768472906406
0.05,4872,72,141354,29.00759285860866
0.05,4873,31,141385,29.00800164136233
0.05,4874,51,141436,29.01251282051282
0.05,4875,49,141485,29.01661197703035
0.05,4876,86,141571,29.028296083657988
0.05,4877,4,141575,29.023165231652317
0.05,4878,93,141668,29.03627792580447
0.05,4879,-136,141532,29.00245901639344
0.05,4880,59,141591,29.00860479409957
0.05,4881,-15,141576,28.999590331831218
0.05,4882,0,141576,28.993651443784557
0.05,4883,72,141648,29.002457002457003
0.05,4884,67,141715,29.01023541453429
0.05,4885,29,141744,29.010233319688908
0.05,4886,89,141833,29.022508696541845
0.05,4887,-110,141723,28.994067103109657
0.05,4888,89,141812,29.006340764982614
0.05,4889,89,141901,29.018609406952965
0.05,4890,25,141926,29.01778777346146
0.05,4891,73,141999,29.026778413736714
0.05,4892,20,142019,29.024933578581646
0.05,4893,60,142079,29.03126277073968
0.05,4894,30,142109,29.031460674157305
0.05,4895,-286,141823,28.967116013071895
0.05,4896,49,141872,28.97120686134368
0.05,4897,77,141949,28.981012658227847
0.05,4898,90,142039,28.99346805470504
0.05,4899,93,142132,29.006530612244898
0.05,4900,30,142162,29.006733319730667
0.05,4901,61,142223,29.01325989392085
0.05,4902,24,142247,29.01223740567
0.05,4903,-212,142035,28.963091353996738
0.05,4904,75,142110,28.972477064220183
0.05,4905,45,142155,28.97574398695475
0.05,4906,29,142184,28.975748930099858
0.05,4907,94,142278,28.988997555012226
0.05,4908,93,142371,29.002037074760644
0.05,4909,94,142465,29.0152749490835
0.05,4910,-68,142397,28.99552026063938
0.05,4911,94,142491,29.008754071661237
0.05,4912,43,142534,29.011601872582943
0.05,4913,41,142575,29.014041514041516
0.05,4914,77,142652,29.02380467955239
0.05,4915,70,142722,29.032139951179822
0.05,4916,94,142816,29.045352857433393
0.05,4917,16,142832,29.042700284668566
0.05,4918,-212,142620,28.99369790607847
0.05,4919,91,142711,29.00630081300813
0.05,4920,89,142800,29.018492176386914
0.05,4921,-142,142658,28.98374644453474
0.05,4922,22,142680,28.98232784887264
0.05,4923,84,142764,28.993501218521526
0.05,4924,49,142813,28.99756345177665
0.05,4925,78,142891,29.007511165245635
0.05,4926,78,142969,29.01745484067384
0.05,4927,88,143057,29.0294237012987
0.05,4928,87,143144,29.041184824508015
0.05,4929,54,143198,29.046247464503043
0.05,4930,-4,143194,29.039545731089028
0.05,4931,83,143277,29.050486618004864
0.05,4932,-130,143147,29.018244475978108
0.05,4933,81,143228,29.028779894608835
0.05,4934,82,143310,29.03951367781155
0.05,4935,69,143379,29.04760940032415
0.05,4936,88,143467,29.05955033421106
0.05,4937,87,143554,29.071283920615635
0.05,4938,88,143642,29.083215225754202
0.05,4939,43,143685,29.086032388663966
0.05,4940,-79,143606,29.06415705322809
0.05,4941,94,143700,29.077296641036018
0.05,4942,87,143787,29.089014768359295
0.05,4943,30,143817,29.089199029126213
0.05,4944,76,143893,29.098685540950456
0.05,4945,25,143918,29.097856854023455
0.05,4946,91,144009,29.11036992116434
0.05,4947,91,144100,29.12287793047696
0.05,4948,74,144174,29.13194584764599
0.05,4949,79,144253,29.142020202020202
0.05,4950,90,144343,29.154312260149464
0.05,4951,-5,144338,29.147415185783522
0.05,4952,-17,144321,29.13809812235009
0.05,4953,-5,144316,29.1312071053694
0.05,4954,-86,144230,29.107971745711403
0.05,4955,91,144321,29.12046004842615
0.05,4956,76,144397,29.12991728868267
0.05,4957,-137,144260,29.0964098426785
0.05,4958,25,144285,29.09558378705384
0.05,4959,92,144377,29.10826612903226
0.05,4960,80,144457,29.118524491030033
0.05,4961,44,144501,29.121523579201934
0.05,4962,-24,144477,29.11082006850695
0.05,4963,-343,144134,29.035858178887995
0.05,4964,92,144226,29.048539778449143
0.05,4965,-146,144080,29.01329037454692
0.05,4966,94,144174,29.02637406885444
0.05,4967,39,144213,29.028381642512077
0.05,4968,24,144237,29.027369692090964
0.05,4969,55,144292,29.032595573440645
0.05,4970,80,144372,29.04284852142426
0.05,4971,-53,144319,29.02634754625905
0.05,4972,90,144409,29.038608485823445
0.05,4973,-95,144314,29.013671089666264
0.05,4974,65,144379,29.020904522613066
0.05,4975,39,144418,29.02290996784566
0.05,4976,40,144458,29.025115531444644
0.05,4977,49,144507,29.029128163921254
0.05,4978,85,144592,29.0403695521189
0.05,4979,-242,144350,28.985943775100402
0.05,4980,-223,144127,28.935354346516764
0.05,4981,81,144208,28.945804897631472
0.05,4982,86,144294,28.95725466586394
0.05,4983,3,144297,28.952046548956663
0.05,4984,82,144379,28.962688064192577
0.05,4985,-60,144319,28.94484556758925
0.05,4986,78,144397,28.954682173651495
0.05,4987,4,144401,28.949679230152366
0.05,4988,-124,144277,28.919021848065746
0.05,4989,93,144370,28.93186372745491
0.05,4990,92,144462,28.944500100180324
0.05,4991,63,144525,28.951322115384617
0.05,4992,78,144603,28.961145603845384
0.05,4993,45,144648,28.96435722867441
0.05,4994,50,144698,28.968568568568568
0.05,4995,44,144742,28.971577261809447
0.05,4996,-16,144726,28.962577546527918
0.05,4997,53,144779,28.96738695478191
0.05,4998,83,144862,28.978195639127826
0.05,4999,65,144927,28.9854
0.05,5000,79,145006,28.99540091981604
0.05,5001,51,145057,28.99980007996801
0.05,5002,63,145120,29.006596042374575
0.05,5003,-181,144939,28.96462829736211
0.05,5004,52,144991,28.96923076923077
0.05,5005,76,145067,28.978625649220934
0.05,5006,6,145073,28.974036349111245
0.05,5007,94,145167,28.987020766773163
0.05,5008,63,145230,28.993811139948093
0.05,5009,10,145240,28.99001996007984
0.05,5010,-9,145231,28.982438635002993
0.05,5011,2,145233,28.977055067837192
0.05,5012,60,145293,28.98324356672651
0.05,5013,-30,145263,28.971479856402073
0.05,5014,75,145338,28.980658025922235
0.05,5015,73,145411,28.989433811802233
0.05,5016,-86,145325,28.96651385290014
0.05,5017,82,145407,28.977082502989237
0.05,5018,88,145495,28.98884239888424
0.05,5019,77,145572,28.998406374501993
0.05,5020,28,145600,28.9982075283808
0.05,5021,-142,145458,28.96415770609319
0.05,5022,92,145550,28.976707147123232
0.05,5023,-69,145481,28.95720541401274
0.05,5024,-120,145361,28.927562189054726
0.05,5025,-20,145341,28.91782729805014
0.05,5026,64,145405,28.92480604734434
0.05,5027,71,145476,28.933174224343677
0.05,5028,78,145554,28.942931000198847
0.05,5029,-175,145379,28.902385685884692
0.05,5030,-120,145259,28.872788709998012
0.05,5031,26,145285,28.872217806041334
0.05,5032,77,145362,28.881780250347706
0.05,5033,61,145423,28.888160508541915
0.05,5034,84,145507,28.899106256206554
0.05,5035,-2,145505,28.892970611596507
0.05,5036,44,145549,28.895969823307524
0.05,5037,17,145566,28.893608574831283
0.05,5038,-68,145498,28.8743798372693
0.05,5039,62,145560,28.88095238095238
0.05,5040,-12,145548,28.872842689942473
0.05,5041,-15,145533,28.864141213804047
0.05,5042,77,145610,28.87368629783859
0.05,5043,-82,145528,28.851704996034893
0.05,5044,60,145588,28.857879088206143
0.05,5045,-12,145576,28.84978200554895
0.05,5046,87,145663,28.86130374479889
0.05,5047,77,145740,28.870839936608558
0.05,5048,68,145808,28.87858981976629
0.05,5049,72,145880,28.887128712871288
0.05,5050,-120,145760,28.857651950108888
0.05,5051,-33,145727,28.845407759303246
0.05,5052,93,145820,28.85810409657629
0.05,5053,80,145900,28.86822318955283
0.05,5054,61,145961,28.87457962413452
0.05,5055,-47,145914,28.859572784810126
0.05,5056,70,145984,28.86770812734823
0.05,5057,40,146024,28.869909054962434
0.05,5058,46,146070,28.873295117612177
0.05,5059,85,146155,28.884387351778656
0.05,5060,20,146175,28.882631890930647
0.05,5061,84,146259,28.89352034768866
0.05,5062,78,146337,28.90321943511752
0.05,5063,87,146424,28.914691943127963
0.05,5064,-62,146362,28.896742349457057
0.05,5065,42,146404,28.899328859060404
0.05,5066,-17,146387,28.890270376948884
0.05,5067,53,146440,28.895027624309392
0.05,5068,82,146522,28.905504044190174
0.05,5069,72,146594,28.914003944773174
0.05,5070,71,146665,28.922303293236048
0.05,5071,-46,146619,28.907531545741325
0.05,5072,54,146673,28.912477823772914
0.05,5073,52,146725,28.917027985810012
0.05,5074,92,146817,28.929458128078817
0.05,5075,74,146891,28.938337273443658
0.05,5076,88,146979,28.949970454993107
0.05,5077,11,146990,28.946435604568727
0.05,5078,-4,146986,28.939948808820635
0.05,5079,84,147070,28.950787401574804
0.05,5080,-5,147065,28.944105491045068
0.05,5081,72,147137,28.952577725304998
0.05,5082,64,147201,28.959472752311626
0.05,5083,6,147207,28.954956726986623
0.05,5084,91,147298,28.96715830875123
0.05,5085,43,147341,28.969917420369644
0.05,5086,-19,147322,28.960487517200708
0.05,5087,0,147322,28.954795597484278
0.05,5088,-182,147140,28.91334250343879
0.05,5089,82,147222,28.9237721021611
0.05,5090,39,147261,28.925751325869182
0.05,5091,39,147300,28.92772977219167
0.05,5092,-33,147267,28.915570390732377
0.05,5093,47,147314,28.91912053396152
0.05,5094,-112,147202,28.89146221786065
0.05,5095,-65,147137,28.873037676609105
0.05,5096,67,147204,28.880517951736316
0.05,5097,28,147232,28.880345233424872
0.05,5098,54,147286,28.885271621886645
0.05,5099,-30,147256,28.87372549019608
0.05,5100,12,147268,28.8704175651833
0.05,5101,75,147343,28.879459035672287
0.05,5102,-80,147263,28.858122672937487
0.05,5103,-11,147252,28.850313479623825
0.05,5104,7,147259,28.8460333006856
0.05,5105,66,147325,28.8533098315707
0.05,5106,42,147367,28.855884080673587
0.05,5107,76,147443,28.865113547376666
0.05,5108,92,147535,28.877471129379526
0.05,5109,58,147593,28.88317025440313
0.05,5110,-60,147533,28.865779690862844
0.05,5111,86,147619,28.876956181533647
0.05,5112,-90,147529,28.85370623899863
0.05,5113,-3,147526,28.847477512710206
0.05,5114,84,147610,28.858260019550343
0.05,5115,38,147648,28.860046911649725
0.05,5116,89,147737,28.871799882743794
0.05,5117,27,147764,28.871434153966394
0.05,5118,58,147822,28.87712443836687
0.05,5119,-12,147810,28.869140625
0.05,5120,83,147893,28.879710993946496
0.05,5121,92,147985,28.892034361577508
0.05,5122,-99,147886,28.86707007612727
0.05,5123,-53,147833,28.851092896174862
0.05,5124,-276,147557,28.79160975609756
0.05,5125,-39,147518,28.77838470542333
0.05,5126,25,147543,28.7776477472206
0.05,5127,-48,147495,28.76267550702028
0.05,5128,71,147566,28.770910508871125
0.05,5129,75,147641,28.77992202729045
0.05,5130,-38,147603,28.76690703566556
0.05,5131,61,147664,28.77318784099766
0.05,5132,-1,147663,28.76738749269433
0.05,5133,-93,147570,28.74366965329178
0.05,5134,-39,147531,28.73047711781889
0.05,5135,-21,147510,28.720794392523363
0.05,5136,92,147602,28.733112711699434
0.05,5137,-131,147471,28.702024133904242
0.05,5138,89,147560,28.713757540377504
0.05,5139,-53,147507,28.69785992217899
0.05,5140,86,147593,28.709006029955262
0.05,5141,-79,147514,28.688059120964606
0.05,5142,-3,147511,28.68189772506319
0.05,5143,-72,147439,28.662325038880248
0.05,5144,-53,147386,28.64645286686103
0.05,5145,-56,147330,28.630003886513798
0.05,5146,95,147425,28.642898775986012
0.05,5147,55,147480,28.64801864801865
0.05,5148,41,147521,28.650417556807145
0.05,5149,-25,147496,28.64
0.05,5150,-88,147408,28.617355853232382
0.05,5151,61,147469,28.623641304347824
0.05,5152,-71,147398,28.60430816999806
0.05,5153,86,147484,28.615444315095072
0.05,5154,82,147566,28.62580019398642
0.05,5155,87,147653,28.63712179984484
0.05,5156,-87,147566,28.614698468101608
0.05,5157,94,147660,28.6273749515316
0.05,5158,48,147708,28.631130063965884
0.05,5159,1,147709,28.62577519379845
0.05,5160,-33,147676,28.61383452819221
0.05,5161,79,147755,28.623595505617978
0.05,5162,93,147848,28.6360643036994
0.05,5163,91,147939,28.648140975987605
0.05,5164,94,148033,28.66079380445305
0.05,5165,-46,147987,28.646341463414632
0.05,5166,57,148044,28.651828914263596
0.05,5167,64,148108,28.658668730650156
0.05,5168,92,148200,28.670922809053977
0.05,5169,5,148205,28.666344294003867
0.05,5170,15,148220,28.663701411719202
0.05,5171,5,148225,28.659126063418405
0.05,5172,16,148241,28.656678909723563
0.05,5173,44,148285,28.659644375724778
0.05,5174,-84,148201,28.637874396135267
0.05,5175,-158,148043,28.601816074188562
0.05,5176,94,148137,28.61444852231022
0.05,5177,92,148229,28.6266898416377
0.05,5178,-12,148217,28.618845336937632
0.05,5179,33,148250,28.61969111969112
0.05,5180,74,148324,28.628450106157114
0.05,5181,57,148381,28.633925125434196
0.05,5182,-96,148285,28.60987844877484
0.05,5183,36,148321,28.61130401234568
0.05,5184,90,148411,28.62314368370299
0.05,5185,85,148496,28.634014654839955
0.05,5186,73,148569,28.642567958357432
0.05,5187,82,148651,28.65285273708558
0.05,5188,-40,148611,28.639622277895548
0.05,5189,34,148645,28.640655105973025
0.05,5190,11,148656,28.637256790599114
0.05,5191,64,148720,28.64406779661017
0.05,5192,11,148731,28.640670132871172
0.05,5193,42,148773,28.643242202541394
0.05,5194,86,148859,28.654282964388834
0.05,5195,81,148940,28.664357197844495
0.05,5196,92,149032,28.676544160092362
0.05,5197,39,149071,28.678530203924588
0.05,5198,78,149149,28.688016926331986
0.05,5199,59,149208,28.693846153846152
0.05,5200,86,149294,28.704864449144395
0.05,5201,55,149349,28.709919261822375
0.05,5202,67,149416,28.717278493177012
0.05,5203,91,149507,28.72924673328209
0.05,5204,-45,149462,28.715081652257446
0.05,5205,93,149555,28.727429888590088
0.05,5206,82,149637,28.73766084117534
0.05,5207,56,149693,28.7428955453149
0.05,5208,10,149703,28.739297369936647
0.05,5209,94,149797,28.751823416506717
0.05,5210,94,149891,28.764344655536366
0.05,5211,-43,149848,28.750575594781274
0.05,5212,-162,149686,28.713984270093995
0.05,5213,41,149727,28.716340621403912
0.05,5214,20,149747,28.714669223394054
0.05,5215,-51,149696,28.699386503067483
0.05,5216,35,149731,28.70059421123251
0.05,5217,87,149818,28.711766960521274
0.05,5218,89,149907,28.723318643418278
0.05,5219,69,149976,28.73103448275862
0.05,5220,-74,149902,28.711357977398965
0.05,5221,-113,149789,28.684220605132133
0.05,5222,81,149870,28.694237028527667
0.05,5223,91,149961,28.706163859111793
0.05,5224,-139,149822,28.674066985645933
0.05,5225,90,149912,28.685801760428625
0.05,5226,14,149926,28.682992156112494
0.05,5227,-80,149846,28.662203519510328
0.05,5228,59,149905,28.668005354752342
0.05,5229,87,149992,28.679158699808795
0.05,5230,55,150047,28.684190403364557
0.05,5231,73,150120,28.692660550458715
0.05,5232,86,150206,28.70361169501242
0.05,5233,69,150275,28.711310661062285
0.05,5234,-8,150267,28.70429799426934
0.05,5235,93,150360,28.71657754010695
0.05,5236,40,150400,28.718732098529692
0.05,5237,58,150458,28.724322260404733
0.05,5238,93,150551,28.736590952471847
0.05,5239,93,150644,28.748854961832063
0.05,5240,93,150737,28.761114291165807
0.05,5241,7,150744,28.756962991224725
0.05,5242,-47,150697,28.74251382796109
0.05,5243,-106,150591,28.716819221967963
0.05,5244,68,150659,28.724308865586273
0.05,5245,94,150753,28.736751810903545
0.05,5246,-10,150743,28.729369163331427
0.05,5247,87,150830,28.74047256097561
0.05,5248,79,150909,28.750047628119642
0.05,5249,89,150998,28.76152380952381
0.05,5250,-43,150955,28.747857550942676
0.05,5251,70,151025,28.755712109672505
0.05,5252,-73,150952,28.736341138397105
0.05,5253,91,151043,28.748191853825656
0.05,5254,20,151063,28.7465271170314
0.05,5255,83,151146,28.756849315068493
0.05,5256,33,151179,28.757656458055926
0.05,5257,-19,151160,28.748573602130087
0.05,5258,79,151239,28.75812892184826
0.05,5259,86,151325,28.769011406844108
0.05,5260,56,151381,28.774187416840906
0.05,5261,35,151416,28.775370581527937
0.05,5262,-126,151290,28.745962378871365
0.05,5263,45,151335,28.749050151975684
0.05,5264,56,151391,28.754226020892688
0.05,5265,-42,151349,28.740789973414355
0.05,5266,85,151434,28.751471425859123
0.05,5267,71,151505,28.759491268033408
0.05,5268,86,151591,28.77035490605428
0.05,5269,92,151683,28.78235294117647
0.05,5270,-93,151590,28.75924871940808
0.05,5271,77,151667,28.76839908952959
0.05,5272,-5,151662,28.761995069220557
0.05,5273,94,151756,28.7743648084945
0.05,5274,91,151847,28.786161137440757
0.05,5275,56,151903,28.791319181197878
0.05,5276,-20,151883,28.782073147621755
0.05,5277,67,151950,28.78931413414172
0.05,5278,66,152016,28.796362947527943
0.05,5279,-50,151966,28.781439393939394
0.05,5280,0,151966,28.775989395947736
0.05,5281,50,152016,28.78000757288906
0.05,5282,84,152100,28.79045996592845
0.05,5283,-1,152099,28.784822104466315
0.05,5284,61,152160,28.790917691579942
0.05,5285,83,152243,28.801172909572454
0.05,5286,0,152243,28.795725364100623
0.05,5287,87,152330,28.806732223903175
0.05,5288,86,152416,28.817545849877103
0.05,5289,70,152486,28.825330812854443
0.05,5290,-142,152344,28.793044793044793
0.05,5291,-124,152220,28.764172335600907
0.05,5292,71,152291,28.772151898734176
0.05,5293,-11,152280,28.76463921420476
0.05,5294,-17,152263,28.755996222851746
0.05,5295,-19,152244,28.746978851963746
0.05,5296,72,152316,28.755144421370588
0.05,5297,23,152339,28.75405813514534
0.05,5298,73,152412,28.76240800150972
0.05,5299,28,152440,28.762264150943395
0.05,5300,81,152521,28.772118468213545
0.05,5301,1,152522,28.76688042248208
0.05,5302,57,152579,28.772204412596643
0.05,5303,71,152650,28.780165912518854
0.05,5304,75,152725,28.788878416588126
0.05,5305,56,152781,28.794006784771955
0.05,5306,92,152873,28.80591671377426
0.05,5307,51,152924,28.81009796533534
0.05,5308,46,152970,28.81333584479186
0.05,5309,59,153029,28.819020715630884
0.05,5310,58,153087,28.824515157220862
0.05,5311,1,153088,28.819277108433734
0.05,5312,40,153128,28.82138151703369
0.05,5313,93,153221,28.83345878810689
0.05,5314,82,153303,28.84346190028222
0.05,5315,77,153380,28.85252069224981
0.05,5316,77,153457,28.861576076735002
0.05,5317,77,153534,28.870628055660024
0.05,5318,77,153611,28.879676630945667
0.05,5319,48,153659,28.88327067669173
0.05,5320,91,153750,28.894944559293364
0.05,5321,27,153777,28.8945885005637
0.05,5322,82,153859,28.904565094871312
0.05,5323,-23,153836,28.89481592787378
0.05,5324,93,153929,28.906854460093896
0.05,5325,-107,153822,28.88133683815246
0.05,5326,-15,153807,28.873099305425193
0.05,5327,-100,153707,28.84891141141141
0.05,5328,84,153791,28.859260649277537
0.05,5329,92,153883,28.87110694183865
0.05,5330,-21,153862,28.86175201650722
0.05,5331,43,153905,28.864403600900225
0.05,5332,83,153988,28.87455465966623
0.05,5333,87,154075,28.885451818522686
0.05,5334,-42,154033,28.87216494845361
0.05,5335,35,154068,28.873313343328334
0.05,5336,12,154080,28.870151770657674
0.05,5337,32,154112,28.87073810415886
0.05,5338,-56,154056,28.85484173066117
0.05,5339,88,154144,28.865917602996255
0.05,5340,-37,154107,28.8535854708856
0.05,5341,-31,154076,28.842381130662673
0.05,5342,51,154127,28.84652816769605
0.05,5343,-116,154011,28.81942365269461
0.05,5344,92,154103,28.831244153414406
0.05,5345,-32,154071,28.81986531986532
0.05,5346,-5,154066,28.81354030297363
0.05,5347,49,154115,28.81731488406881
0.05,5348,91,154206,28.82893998878295
0.05,5349,80,154286,28.838504672897198
0.05,5350,28,154314,28.83834797234162
0.05,5351,-22,154292,28.828849028400597
0.05,5352,93,154385,28.840836913880068
0.05,5353,-85,154300,28.819574150168098
0.05,5354,76,154376,28.828384687208217
0.05,5355,16,154392,28.825989544436148
0.05,5356,88,154480,28.837035654284115
0.05,5357,-68,154412,28.818962299365435
0.05,5358,66,154478,28.82590035454376
0.05,5359,79,154557,28.83526119402985
0.05,5360,-4,154553,28.82913635515762
0.05,5361,92,154645,28.840917568071614
0.05,5362,-17,154628,28.832369942196532
0.05,5363,91,154719,28.843959731543624
0.05,5364,85,154804,28.85442684063374
0.05,5365,36,154840,28.8557584793142
0.05,5366,85,154925,28.866219489472705
0.05,5367,88,155013,28.877235469448586
0.05,5368,-70,154943,28.85881914695474
0.05,5369,89,155032,28.87001862197393
0.05,5370,4,155036,28.865388195866693
0.05,5371,87,155123,28.87620997766195
0.05,5372,-89,155034,28.85427135678392
0.05,5373,89,155123,28.86546334201712
0.05,5374,72,155195,28.873488372093025
0.05,5375,77,155272,28.882440476190474
0.05,5376,-29,155243,28.87167565557002
0.05,5377,-65,155178,28.85422089996281
0.05,5378,71,155249,28.862056144264734
0.05,5379,58,155307,28.867472118959107
0.05,5380,-51,155256,28.8526296227467
0.05,5381,83,155339,28.862690449646973
0.05,5382,29,155368,28.862715957644436
0.05,5383,88,155456,28.87369985141159
0.05,5384,82,155538,28.88356545961003
0.05,5385,86,155624,28.894170070553287
0.05,5386,92,155716,28.905884536847967
0.05,5387,-107,155609,28.880660727542686
0.05,5388,-111,155498,28.854704026721098
0.05,5389,62,155560,28.860853432282003
0.05,5390,-53,155507,28.845668707104434
0.05,5391,7,155514,28.841617210682493
0.05,5392,94,155608,28.853699239755237
0.05,5393,3,155611,28.848906192065257
0.05,5394,32,155643,28.849490268767376
0.05,5395,15,155658,28.846923647146035
0.05,5396,53,155711,28.851398925328887
0.05,5397,25,155736,28.8506854390515
0.05,5398,-33,155703,28.839229486942028
0.05,5399,-40,155663,28.82648148148148
0.05,5400,71,155734,28.83428994630624
0.05,5401,86,155820,28.844872269529805
0.05,5402,73,155893,28.853044604849156
0.05,5403,23,155916,28.8519615099926
0.05,5404,71,155987,28.85975948196115
0.05,5405,-119,155868,28.832408435072143
0.05,5406,22,155890,28.831144812280378
0.05,5407,-20,155870,28.822115384615383
0.05,5408,41,155911,28.824366796080607
0.05,5409,8,155919,28.820517560073938
0.05,5410,4,155923,28.81593051192016
0.05,5411,89,156012,28.827050997782706
0.05,5412,71,156083,28.83484204692407
0.05,5413,78,156161,28.843923162172146
0.05,5414,80,156241,28.8533702677747
0.05,5415,57,156298,28.858567208271786
0.05,5416,64,156362,28.86505445818719
0.05,5417,75,156437,28.87356958287191
0.05,5418,88,156525,28.88448053146337
0.05,5419,-74,156451,28.865498154981548
0.05,5420,87,156538,28.87622209924368
0.05,5421,90,156628,28.887495389155294
0.05,5422,64,156692,28.893970127235846
0.05,5423,62,156754,28.900073746312685
0.05,5424,71,156825,28.907834101382488
0.05,5425,9,156834,28.904165130851457
0.05,5426,50,156884,28.908052330937902
0.05,5427,58,156942,28.913411938098747
0.05,5428,1,156943,28.908270399705287
0.05,5429,75,157018,28.916758747697973
0.05,5430,93,157111,28.928558276560487
0.05,5431,-287,156824,28.87039764359352
0.05,5432,94,156918,28.882385422418555
0.05,5433,80,156998,28.891792418108206
0.05,5434,73,157071,28.899908003679855
0.05,5435,90,157161,28.911147902869757
0.05,5436,55,157216,28.915946293912082
0.05,5437,-52,157164,28.901066568591393
0.05,5438,-10,157154,28.893914322485752
0.05,5439,33,157187,28.89466911764706
0.05,5440,73,157260,28.902775225142438
0.05,5441,78,157338,28.911797133406836
0.05,5442,61,157399,28.917692449017085
0.05,5443,91,157490,28.929096252755325
0.05,5444,46,157536,28.932231404958678
0.05,5445,76,157612,28.94087403598972
0.05,5446,93,157705,28.952634477694144
0.05,5447,89,157794,28.9636563876652
0.05,5448,21,157815,28.96219489814645
0.05,5449,91,157906,28.973577981651378
0.05,5450,92,157998,28.985140341221793
0.05,5451,-55,157943,28.96973587674248
0.05,5452,91,158034,28.981111314872546
0.05,5453,-91,157943,28.959112577924458
0.05,5454,59,158002,28.96461961503208
0.05,5455,89,158091,28.975623167155426
0.05,5456,72,158163,28.983507421660253
0.05,5457,54,158217,28.988090875778674
0.05,5458,72,158289,28.995969957867743
0.05,5459,90,158379,29.007142857142856
0.05,5460,89,158468,29.018128547885002
0.05,5461,89,158557,29.02911021603808
0.05,5462,89,158646,29.04008786381109
0.05,5463,88,158734,29.050878477306004
0.05,5464,55,158789,29.05562671546203
0.05,5465,90,158879,29.06677643615075
0.05,5466,85,158964,29.07700749954271
0.05,5467,85,159049,29.08723482077542
0.05,5468,84,159133,29.097275553117573
0.05,5469,94,159227,29.109140767824496
0.05,5470,-7,159220,29.102540668981906
0.05,5471,65,159285,29.109100877192983
0.05,5472,89,159374,29.1200438516353
0.05,5473,57,159431,29.12513701132627
0.05,5474,89,159520,29.13607305936073
0.05,5475,26,159546,29.135500365230094
0.05,5476,94,159640,29.147343436187693
0.05,5477,-88,159552,29.125958378970427
0.05,5478,39,159591,29.12776054024457
0.05,5479,70,159661,29.13521897810219
0.05,5480,-9,159652,29.1282612661923
0.05,5481,83,159735,29.13808828894564
0.05,5482,75,159810,29.14645267189495
0.05,5483,90,159900,29.15754923413567
0.05,5484,38,159938,29.159161349134003
0.05,5485,60,159998,29.164783084214363
0.05,5486,-99,159899,29.141425186805176
0.05,5487,92,159991,29.152879008746357
0.05,5488,94,160085,29.164693022408454
0.05,5489,86,160171,29.17504553734062
0.05,5490,65,160236,29.181569841558915
0.05,5491,90,160326,29.19264384559359
0.05,5492,-92,160234,29.17058073912252
0.05,5493,91,160325,29.18183472879505
0.05,5494,77,160402,29.190536851683348
0.05,5495,18,160420,29.188500727802037
0.05,5496,50,160470,29.192286701837364
0.05,5497,86,160556,29.20261913423063
0.05,5498,34,160590,29.203491543917075
0.05,5499,37,160627,29.20490909090909
0.05,5500,56,160683,29.20978003999273
0.05,5501,78,160761,29.21864776444929
0.05,5502,79,160840,29.227693985099037
0.05,5503,61,160901,29.23346656976744
0.05,5504,92,160993,29.244868301544052
0.05,5505,-93,160900,29.222666182346533
0.05,5506,-1,160899,29.21717813691665
0.05,5507,-76,160823,29.198075526506898
0.05,5508,88,160911,29.2087493192957
0.05,5509,74,160985,29.216878402903813
0.05,5510,88,161073,29.227544910179642
0.05,5511,27,161100,29.227140783744556
0.05,5512,-38,161062,29.214946490114276
0.05,5513,72,161134,29.222705839680813
0.05,5514,86,161220,29.233000906618315
0.05,5515,52,161272,29.237128353879623
0.05,5516,39,161311,29.23889795178539
0.05,5517,-301,161010,29.179050380572672
0.05,5518,57,161067,29.184091320891465
0.05,5519,69,161136,29.191304347826087
0.05,5520,-26,161110,29.18130773410614
0.05,5521,-51,161059,29.16678739587106
0.05,5522,68,161127,29.173818576860402
0.05,5523,93,161220,29.185372918175236
0.05,5524,-19,161201,29.176651583710406
0.05,5525,56,161257,29.181505609844372
0.05,5526,84,161341,29.191423918943368
0.05,5527,-106,161235,29.166968162083936
0.05,5528,-77,161158,29.147766323024054
0.05,5529,-101,161057,29.124231464737793
0.05,5530,49,161106,29.127824986440064
0.05,5531,66,161172,29.134490238611715
0.05,5532,83,161255,29.14422555575637
0.05,5533,78,161333,29.15305384893386
0.05,5534,38,161371,29.154652213188797
0.05,5535,-1,161370,29.14920520231214
0.05,5536,65,161435,29.155679971103485
0.05,5537,38,161473,29.157276995305164
0.05,5538,88,161561,29.167900343022207
0.05,5539,91,161652,29.179061371841154
0.05,5540,-31,161621,29.168200685796787
0.05,5541,52,161673,29.172320461927104
0.05,5542,-80,161593,29.152624932347106
0.05,5543,59,161652,29.158008658008658
0.05,5544,-27,161625,29.147880973850317
0.05,5545,77,161702,29.156509195816806
0.05,5546,-118,161584,29.12998016946097
0.05,5547,78,161662,29.138788752703675
0.05,5548,70,161732,29.146152459902684
0.05,5549,73,161805,29.154054054054054
0.05,5550,70,161875,29.16141235813367
0.05,5551,50,161925,29.165165706051873
0.05,5552,91,162016,29.176301098505313
0.05,5553,58,162074,29.18149081742888
0.05,5554,89,162163,29.19225922592259
0.05,5555,79,162242,29.201223902087833
0.05,5556,57,162299,29.206226381140905
0.05,5557,39,162338,29.207988485066572
0.05,5558,31,162369,29.20831084727469
0.05,5559,59,162428,29.213669064748203
0.05,5560,24,162452,29.212731523107355
0.05,5561,29,162481,29.21269327580007
0.05,5562,74,162555,29.22074420276829
0.05,5563,81,162636,29.230050323508266
0.05,5564,-173,162463,29.1937106918239
0.05,5565,72,162535,29.201401365432986
0.05,5566,90,162625,29.21232261541225
0.05,5567,50,162675,29.216056034482758
0.05,5568,84,162759,29.225893338121747
0.05,5569,34,162793,29.226750448833034
0.05,5570,85,162878,29.23676180218991
0.05,5571,75,162953,29.24497487437186
0.05,5572,70,163023,29.252287816256953
0.05,5573,-7,163016,29.24578399712953
0.05,5574,71,163087,29.253273542600898
0.05,5575,-61,163026,29.237087517934004
0.05,5576,54,163080,29.241527703066165
0.05,5577,74,163154,29.24955181068483
0.05,5578,88,163242,29.260082452052337
0.05,5579,-54,163188,29.24516129032258
0.05,5580,52,163240,29.249238487726213
0.05,5581,69,163309,29.256359727696168
0.05,5582,20,163329,29.254701773240193
0.05,5583,39,163368,29.25644699140401
0.05,5584,65,163433,29.262846911369742
0.05,5585,-52,163381,29.24829931972789
0.05,5586,94,163475,29.25988902810095
0.05,5587,89,163564,29.2705798138869
0.05,5588,52,163616,29.274646627303632
0.05,5589,-80,163536,29.255098389982113
0.05,5590,77,163613,29.263637989626186
0.05,5591,66,163679,29.270207439198856
0.05,5592,-212,163467,29.227069551224744
0.05,5593,51,163518,29.230961744726493
0.05,5594,-98,163420,29.20822162645219
0.05,5595,51,163471,29.212115796997857
0.05,5596,18,163489,29.21011256030016
0.05,5597,62,163551,29.215969989281888
0.05,5598,88,163639,29.22646901232363
0.05,5599,54,163693,29.23089285714286
0.05,5600,-18,163675,29.2224602749509
0.05,5601,92,163767,29.23366654766155
0.05,5602,27,163794,29.233267892200608
0.05,5603,-51,163743,29.218950749464668
0.05,5604,61,163804,29.224620874219447
0.05,5605,30,163834,29.2247591865858
0.05,5606,41,163875,29.226859283039058
0.05,5607,21,163896,29.225392296718972
0.05,5608,23,163919,29.22428240328044
0.05,5609,94,164013,29.235828877005346
0.05,5610,60,164073,29.241311709142757
0.05,5611,-1,164072,29.23592302209551
0.05,5612,-160,163912,29.20220915731338
0.05,5613,82,163994,29.21161382258639
0.05,5614,47,164041,29.214781834372218
0.05,5615,-34,164007,29.203525641025642
0.05,5616,47,164054,29.206693964749867
0.05,5617,92,164146,29.217871128515487
0.05,5618,91,164237,29.22886634632497
0.05,5619,67,164304,29.2355871886121
0.05,5620,7,164311,29.231631382316312
0.05,5621,-6,164305,29.225364638918535
0.05,5622,88,164393,29.23581717944158
0.05,5623,86,164479,29.245910384068278
0.05,5624,85,164564,29.25582222222222
0.05,5625,58,164622,29.260931389975116
0.05,5626,5,164627,29.256619868491203
0.05,5627,91,164718,29.267590618336886
0.05,5628,90,164808,29.278379818795525
0.05,5629,65,164873,29.284724689165188
0.05,5630,89,164962,29.29532942638963
0.05,5631,83,165045,29.304865056818183
0.05,5632,92,165137,29.315995029291674
0.05,5633,21,165158,29.314518991835286
0.05,5634,43,165201,29.316947648624666
0.05,5635,71,165272,29.324343506032648
0.05,5636,75,165347,29.33244633670392
0.05,5637,20,165367,29.33079106065981
0.05,5638,9,165376,29.327185671218302
0.05,5639,-32,165344,29.316312056737587
0.05,5640,93,165437,29.327601489097678
0.05,5641,94,165531,29.339064161644806
0.05,5642,13,165544,29.336168704589756
0.05,5643,-27,165517,29.326187101346562
0.05,5644,-36,165481,29.314614703277236
0.05,5645,-7,165474,29.308182784272052
0.05,5646,78,165552,29.31680538338941
0.05,5647,73,165625,29.324539660056658
0.05,5648,34,165659,29.32536732164985
0.05,5649,-2,165657,29.319823008849557
0.05,5650,19,165676,29.31799681472306
0.05,5651,70,165746,29.325194621372965
0.05,5652,89,165835,29.335750928710418
0.05,5653,88,165923,29.346126636009906
0.05,5654,-73,165850,29.328028293545536
0.05,5655,82,165932,29.337340876944836
0.05,5656,42,165974,29.33957928230511
0.05,5657,68,166042,29.34641215977377
0.05,5658,69,166111,29.35341933203746
0.05,5659,89,166200,29.363957597173144
0.05,5660,8,166208,29.36018371312489
0.05,5661,72,166280,29.367714588484635
0.05,5662,-91,166189,29.34645947377715
0.05,5663,-67,166122,29.329449152542374
0.05,5664,-72,166050,29.311562224183582
0.05,5665,25,166075,29.310801270737734
0.05,5666,58,166133,29.31586377271925
0.05,5667,-217,165916,29.27240649258998
0.05,5668,53,165969,29.276591991532896
0.05,5669,14,165983,29.27389770723104
0.05,5670,-123,165860,29.247046376300474
0.05,5671,80,165940,29.25599435825106
0.05,5672,65,166005,29.262295081967213
0.05,5673,80,166085,29.271237222418048
0.05,5674,92,166177,29.282290748898678
0.05,5675,78,166255,29.290873854827343
0.05,5676,-142,166113,29.260701074511186
0.05,5677,-14,166099,29.253082071151812
0.05,5678,93,166192,29.264307096319776
0.05,5679,18,166210,29.262323943661972
0.05,5680,-176,166034,29.22619257173033
0.05,5681,-25,166009,29.21664906722985
0.05,5682,91,166100,29.227520675699456
0.05,5683,21,166121,29.22607318789585
0.05,5684,21,166142,29.22462620932278
0.05,5685,81,166223,29.233731973267673
0.05,5686,-137,166086,29.20450149463689
0.05,5687,93,166179,29.21571729957806
0.05,5688,84,166263,29.225347161188257
0.05,5689,49,166312,29.228822495606327
0.05,5690,11,166323,29.225619399051133
0.05,5691,78,166401,29.23418833450457
0.05,5692,68,166469,29.24099771649394
0.05,5693,91,166560,29.251844046364596
0.05,5694,62,166622,29.257594381035997
0.05,5695,83,166705,29.267029494382022
0.05,5696,88,166793,29.277338950324733
0.05,5697,54,166847,29.281677781677782
0.05,5698,21,166868,29.28022460080716
0.05,5699,16,166884,29.277894736842104
0.05,5700,54,166938,29.282231187510963
0.05,5701,94,167032,29.293581199579094
0.05,5702,86,167118,29.3035244608101
0.05,5703,90,167208,29.314165497896212
0.05,5704,50,167258,29.317791411042943
0.05,5705,67,167325,29.32439537329127
0.05,5706,68,167393,29.33117224461188
0.05,5707,90,167483,29.34180098107919
0.05,5708,41,167524,29.343843054825715
0.05,5709,85,167609,29.353590192644482
0.05,5710,-35,167574,29.342321835055156
0.05,5711,87,167661,29.352415966386555
0.05,5712,80,167741,29.361281288289867
0.05,5713,65,167806,29.367518375918795
0.05,5714,22,167828,29.366229221347332
0.05,5715,86,167914,29.376137158852345
0.05,5716,-220,167694,29.332517054399162
0.05,5717,62,167756,29.33823015040224
0.05,5718,91,167847,29.349012065046338
0.05,5719,-140,167707,29.319405594405595
0.05,5720,-34,167673,29.30833770319874
0.05,5721,85,167758,29.318070604683676
0.05,5722,45,167803,29.32081076358553
0.05,5723,55,167858,29.325296995108317
0.05,5724,79,167937,29.33397379912664
0.05,5725,-35,167902,29.322738386308068
0.05,5726,58,167960,29.32774576567138
0.05,5727,-32,167928,29.317039106145252
0.05,5728,88,168016,29.327282248210857
0.05,5729,75,168091,29.335253054101223
0.05,5730,-29,168062,29.325074158087595
0.05,5731,84,168146,29.334612700628053
0.05,5732,73,168219,29.342229199372056
0.05,5733,-63,168156,29.326124869201255
0.05,5734,32,168188,29.32659110723627
0.05,5735,0,168188,29.321478382147838
0.05,5736,29,168217,29.321422346173957
0.05,5737,9,168226,29.31788079470199
0.05,5738,75,168301,29.32584073880467
0.05,5739,88,168389,29.336062717770034
0.05,5740,63,168452,29.341926493642223
0.05,5741,67,168519,29.348484848484848
0.05,5742,93,168612,29.359568169946023
0.05,5743,91,168703,29.370299442896936
0.05,5744,26,168729,29.369712793733683
0.05,5745,60,168789,29.37504350852767
0.05,5746,-329,168460,29.31268487906734
0.05,5747,-143,168317,29.282707028531664
0.05,5748,-128,168189,29.255348756305445
0.05,5749,73,168262,29.26295652173913
0.05,5750,93,168355,29.274039297513475
0.05,5751,86,168441,29.283901251738527
0.05,5752,60,168501,29.289240396314966
0.05,5753,69,168570,29.29614181438999
0.05,5754,18,168588,29.294178974804517
0.05,5755,58,168646,29.299166087560806
0.05,5756,94,168740,29.310404724682993
0.05,5757,-159,168581,29.277700590482805
0.05,5758,42,168623,29.279909706546274
0.05,5759,91,168714,29.290625
0.05,5760,38,168752,29.292136781808715
0.05,5761,73,168825,29.29972231863936
0.05,5762,21,168846,29.298282144716293
0.05,5763,83,168929,29.307598889659957
0.05,5764,91,169020,29.318300086730268
0.05,5765,6,169026,29.314255983350677
0.05,5766,91,169117,29.324952314895093
0.05,5767,81,169198,29.33391123439667
0.05,5768,12,169210,29.330906569596117
0.05,5769,93,169303,29.341941074523398
0.05,5770,55,169358,29.34638710795356
0.05,5771,81,169439,29.355336105336104
0.05,5772,-12,169427,29.348172527282177
0.05,5773,89,169516,29.35850363699342
0.05,5774,87,169603,29.368484848484847
0.05,5775,5,169608,29.36426592797784
0.05,5776,20,169628,29.362644971438463
0.05,5777,91,169719,29.37331256490135
0.05,5778,83,169802,29.382592143969546
0.05,5779,87,169889,29.392560553633217
0.05,5780,-38,169851,29.38090295796575
0.05,5781,30,169881,29.381010031131098
0.05,5782,82,169963,29.39010893999654
0.05,5783,-86,169877,29.37015905947441
0.05,5784,28,169905,29.369922212618842
0.05,5785,42,169947,29.372105081230558
0.05,5786,11,169958,29.368930361154312
0.05,5787,88,170046,29.379060124395302
0.05,5788,13,170059,29.37623078251857
0.05,5789,65,170124,29.38238341968912
0.05,5790,73,170197,29.389915385943706
0.05,5791,-57,170140,29.375
0.05,5792,86,170226,29.384774728120146
0.05,5793,-10,170216,29.37797721781153
0.05,5794,-50,170166,29.36427955133736
0.05,5795,-7,170159,29.358005521048998
0.05,5796,91,170250,29.368638951181644
0.05,5797,-16,170234,29.36081407381856
0.05,5798,-39,170195,29.34902569408519
0.05,5799,-61,170134,29.333448275862068
0.05,5800,46,170180,29.336321323909672
0.05,5801,-188,169992,29.29886246122027
0.05,5802,43,170035,29.301223505083577
0.05,5803,27,170062,29.300827015851137
0.05,5804,93,170155,29.31180017226529
0.05,5805,87,170242,29.321736135032726
0.05,5806,48,170290,29.32495264336146
0.05,5807,26,170316,29.324380165289256
0.05,5808,-78,170238,29.305904630745395
0.05,5809,55,170293,29.310327022375215
0.05,5810,59,170352,29.315436241610737
0.05,5811,90,170442,29.325877494838267
0.05,5812,92,170534,29.336659212110785
0.05,5813,-16,170518,29.328861369109045
0.05,5814,-139,170379,29.299914015477214
0.05,5815,82,170461,29.308975240715267
0.05,5816,61,170522,29.314423242221075
0.05,5817,71,170593,29.321588174630456
0.05,5818,33,170626,29.32222031276852
0.05,5819,84,170710,29.331615120274915
0.05,5820,45,170755,29.334306820133996
0.05,5821,-58,170697,29.31930608038475
0.05,5822,0,170697,29.31427099433282
0.05,5823,29,170726,29.314217032967033
0.05,5824,87,170813,29.32412017167382
0.05,5825,55,170868,29.32852729145211
0.05,5826,92,170960,29.339282649733995
0.05,5827,88,171048,29.349347975291696
0.05,5828,86,171134,29.359066735289073
0.05,5829,6,171140,29.355060034305318
0.05,5830,95,171235,29.36631795575373
0.05,5831,69,171304,29.373113854595335
0.05,5832,83,171387,29.382307560432025
0.05,5833,35,171422,29.38327048337333
0.05,5834,-2,171420,29.37789203084833
0.05,5835,-55,171365,29.3634338588074
0.05,5836,-24,171341,29.354291588144594
0.05,5837,91,171432,29.36485097636177
0.05,5838,-21,171411,29.3562253810584
0.05,5839,70,171481,29.36318493150685
0.05,5840,91,171572,29.373737373737374
0.05,5841,50,171622,29.377268058883942
0.05,5842,-61,171561,29.361800444976897
0.05,5843,-94,171467,29.340691307323752
0.05,5844,85,171552,29.350213857998288
0.05,5845,82,171634,29.359219979473146
0.05,5846,59,171693,29.364289379168806
0.05,5847,85,171778,29.373803009575923
0.05,5848,25,171803,29.373055223115063
0.05,5849,-168,171635,29.33931623931624
0.05,5850,56,171691,29.343872842249187
0.05,5851,-6,171685,29.33783321941217
0.05,5852,67,171752,29.344267896805057
0.05,5853,39,171791,29.34591732148958
0.05,5854,27,171818,29.34551665243382
0.05,5855,-31,171787,29.33521174863388
0.05,5856,61,171848,29.340618063855217
0.05,5857,27,171875,29.34021850460908
0.05,5858,93,171968,29.351083802696706
0.05,5859,93,172061,29.361945392491467
0.05,5860,41,172102,29.363931069783312
0.05,5861,-9,172093,29.357386557488912
0.05,5862,41,172134,29.35937233498209
0.05,5863,83,172217,29.368519781718962
0.05,5864,-46,172171,29.355669224211425
0.05,5865,86,172257,29.365325605182406
0.05,5866,66,172323,29.371569797170615
0.05,5867,75,172398,29.379345603271982
0.05,5868,92,172490,29.39001533481002
0.05,5869,61,172551,29.395400340715504
0.05,5870,-27,172524,29.385794583546243
0.05,5871,87,172611,29.395606267029972
0.05,5872,33,172644,29.396219989783756
0.05,5873,76,172720,29.40415389853592
0.05,5874,15,172735,29.401702127659576
0.05,5875,-39,172696,29.39006126616746
0.05,5876,29,172725,29.38999489535477
0.05,5877,50,172775,29.393501190881253
0.05,5878,81,172856,29.402279299200544
0.05,5879,-27,172829,29.392687074829933
0.05,5880,-97,172732,29.371195374936235
0.05,5881,-259,172473,29.32216933015981
0.05,5882,25,172498,29.32143464218936
0.05,5883,82,172580,29.33038749150238
0.05,5884,-84,172496,29.311129991503822
0.05,5885,-40,172456,29.29935440027183
0.05,5886,58,172514,29.30422965856973
0.05,5887,59,172573,29.309273097826086
0.05,5888,88,172661,29.31923925963661
0.05,5889,-4,172657,29.31358234295416
0.05,5890,93,172750,29.324393142081142
0.05,5891,-67,172683,29.308044806517312
0.05,5892,25,172708,29.307313762090615
0.05,5893,45,172753,29.30997624703088
0.05,5894,-6,172747,29.303986429177268
0.05,5895,-19,172728,29.295793758480325
0.05,5896,22,172750,29.29455655418009
0.05,5897,0,172750,29.289589691420822
0.05,5898,71,172821,29.296660450923884
0.05,5899,61,172882,29.302033898305083
0.05,5900,74,172956,29.309608540925268
0.05,5901,-4,172952,29.303964757709252
0.05,5902,71,173023,29.311028290699646
0.05,5903,27,173050,29.310636856368564
0.05,5904,37,173087,29.311939034716342
0.05,5905,-96,172991,29.290721300372503
0.05,5906,94,173085,29.30167597765363
0.05,5907,64,173149,29.307549085985105
0.05,5908,-7,173142,29.301404636994416
0.05,5909,33,173175,29.30203045685279
0.05,5910,86,173261,29.311622398917272
0.05,5911,93,173354,29.3223951285521
0.05,5912,70,173424,29.329274479959413
0.05,5913,65,173489,29.335306053432532
0.05,5914,61,173550,29.34065934065934
0.05,5915,-28,173522,29.330966869506423
0.05,5916,-60,173462,29.31586952847727
0.05,5917,70,173532,29.322744170327812
0.05,5918,94,173626,29.333671228248015
0.05,5919,90,173716,29.34391891891892
0.05,5920,85,173801,29.353318696166188
0.05,5921,93,173894,29.36406619385343
0.05,5922,-45,173849,29.351511058585178
0.05,5923,31,173880,29.35178933153275
0.05,5924,79,173959,29.360168776371307
0.05,5925,54,174013,29.3643266959163
0.05,5926,-94,173919,29.34351273831618
0.05,5927,38,173957,29.344973009446694
0.05,5928,3,173960,29.34052960026986
0.05,5929,-40,173920,29.328836424957842
0.05,5930,94,174014,29.339740347327602
0.05,5931,88,174102,29.349629130141604
0.05,5932,50,174152,29.353109725265465
0.05,5933,91,174243,29.36349848331648
0.05,5934,79,174322,29.371861836562765
0.05,5935,73,174395,29.379211590296496
0.05,5936,93,174488,29.38992757284824
0.05,5937,43,174531,29.392219602559784
0.05,5938,94,174625,29.403098164674187
0.05,5939,-96,174529,29.38198653198653
0.05,5940,-119,174410,29.357010604275374
0.05,5941,87,174497,29.366711544934365
0.05,5942,-225,174272,29.323910482921082
0.05,5943,74,174346,29.3314266487214
0.05,5944,-18,174328,29.323465096719932
0.05,5945,93,174421,29.334174234779685
0.05,5946,-126,174295,29.30805448125105
0.05,5947,5,174300,29.3039677202421
0.05,5948,88,174388,29.313834257858463
0.05,5949,84,174472,29.323025210084033
0.05,5950,40,174512,29.324819358091077
0.05,5951,39,174551,29.32644489247312
0.05,5952,68,174619,29.332941374097093
0.05,5953,-161,174458,29.300974135035272
0.05,5954,54,174512,29.30512174643157
0.05,5955,58,174570,29.309939556749498
0.05,5956,51,174621,29.31358066140675
0.05,5957,24,174645,29.312688821752264
0.05,5958,1,174646,29.307937573418357
0.05,5959,84,174730,29.31711409395973
0.05,5960,68,174798,29.32360342224459
0.05,5961,-9,174789,29.317175444481716
0.05,5962,2,174791,29.312594331712226
0.05,5963,49,174840,29.3158953722334
0.05,5964,14,174854,29.313327745180217
0.05,5965,89,174943,29.323332215890044
0.05,5966,75,175018,29.33098709569298
0.05,5967,74,175092,29.33847184986595
0.05,5968,37,175129,29.33975540291506
0.05,5969,86,175215,29.349246231155778
0.05,5970,94,175309,29.360073689499245
0.05,5971,81,175390,29.36872069658406
0.05,5972,53,175443,29.372677046710194
0.05,5973,57,175500,29.377301640441914
0.05,5974,-13,175487,29.37020920502092
0.05,5975,71,175558,29.377175368139223
0.05,5976,94,175652,29.38798728459093
0.05,5977,72,175724,29.395115423218467
0.05,5978,84,175808,29.404248202040474
0.05,5979,-23,175785,29.395484949832777
0.05,5980,18,175803,29.39357966895168
0.05,5981,-90,175713,29.373620862587764
0.05,5982,-111,175602,29.350158783219122
0.05,5983,-1,175601,29.34508689839572
0.05,5984,-68,175533,29.328822055137845
0.05,5985,29,175562,29.328767123287673
0.05,5986,30,175592,29.328879238349757
0.05,5987,22,175614,29.327655310621243
0.05,5988,79,175693,29.335949240273834
0.05,5989,93,175786,29.346577629382303
0.05,5990,-349,175437,29.28342513770656
0.05,5991,53,175490,29.287383177570092
0.05,5992,55,175545,29.291673619222426
0.05,5993,89,175634,29.301634968301634
0.05,5994,-172,175462,29.268056713928274
0.05,5995,90,175552,29.278185456971315
0.05,5996,83,175635,29.287143571785894
0.05,5997,73,175708,29.29443147715905
0.05,5998,-165,175543,29.26204367394566
0.05,5999,87,175630,29.27166666666667
0.05,6000,-236,175394,29.227462089651723
0.05,6001,91,175485,29.237754081972675
0.05,6002,-20,175465,29.229551890721307
0.05,6003,44,175509,29.23201199200533
0.05,6004,74,175583,29.23946711074105
0.05,6005,87,175670,29.249084249084248
0.05,6006,19,175689,29.247378058931247
0.05,6007,14,175703,29.24484021304927
0.05,6008,90,175793,29.254950906972873
0.05,6009,77,175870,29.26289517470882
0.05,6010,13,175883,29.26018965230411
0.05,6011,80,175963,29.268629407850966
0.05,6012,-10,175953,29.262098785963744
0.05,6013,23,175976,29.261057532424342
0.05,6014,-49,175927,29.24804655029094
0.05,6015,90,176017,29.25814494680851
0.05,6016,27,176044,29.257769652650822
0.05,6017,94,176138,29.268527750083084
0.05,6018,-32,176106,29.2583485628842
0.05,6019,87,176193,29.26794019933555
0.05,6020,41,176234,29.269888722803522
0.05,6021,87,176321,29.27947525738957
0.05,6022,-370,175951,29.213182799269468
0.05,6023,92,176043,29.22360557768924
0.05,6024,90,176133,29.233692946058092
0.05,6025,-27,176106,29.2243611018918
0.05,6026,12,176118,29.22150323544052
0.05,6027,-23,176095,29.2128400796284
0.05,6028,71,176166,29.219771106319456
0.05,6029,-161,176005,29.188225538971807
0.05,6030,94,176099,29.198971978113082
0.05,6031,77,176176,29.20689655172414
0.05,6032,82,176258,29.215647273330017
0.05,6033,83,176341,29.224560822008616
0.05,6034,31,176372,29.224855012427508
0.05,6035,-12,176360,29.218025182239895
0.05,6036,82,176442,29.226768262381977
0.05,6037,51,176493,29.230374296124545
0.05,6038,12,176505,29.227521112767015
0.05,6039,-91,176414,29.207615894039733
0.05,6040,-29,176385,29.19798046681013
0.05,6041,90,176475,29.20804369414101
0.05,6042,-50,176425,29.194936289922225
0.05,6043,92,176517,29.205327597617472
0.05,6044,93,176610,29.21588089330025
0.05,6045,58,176668,29.220641746609328
0.05,6046,73,176741,29.227881594178932
0.05,6047,-33,176708,29.21759259259259
0.05,6048,90,176798,29.22764093238552
0.05,6049,-25,176773,29.218677685950414
0.05,6050,-21,176752,29.210378449843002
0.05,6051,-74,176678,29.193324520819562
0.05,6052,-135,176543,29.166198579216918
0.05,6053,25,176568,29.165510406342914
0.05,6054,-13,176555,29.158546655656483
0.05,6055,91,176646,29.168758256274767
0.05,6056,94,176740,29.179461779758956
0.05,6057,52,176792,29.183228788379004
0.05,6058,84,176876,29.192275953127577
0.05,6059,89,176965,29.20214521452145
0.05,6060,-52,176913,29.18874773139746
0.05,6061,75,176988,29.196304849884527
0.05,6062,19,177007,29.194623123866073
0.05,6063,72,177079,29.201682058047492
0.05,6064,60,177139,29.206760098928278
0.05,6065,61,177200,29.212001318826246
0.05,6066,61,177261,29.217240810944453
0.05,6067,90,177351,29.22725774555043
0.05,6068,55,177406,29.231504366452462
0.05,6069,79,177485,29.23970345963756
0.05,6070,64,177549,29.24542908911217
0.05,6071,84,177633,29.254446640316207
0.05,6072,92,177725,29.264778527910423
0.05,6073,-115,177610,29.24102732960158
0.05,6074,-43,177567,29.229135802469134
0.05,6075,-118,177449,29.204904542462145
0.05,6076,63,177512,29.210465690307718
0.05,6077,-137,177375,29.183119447186574
0.05,6078,91,177466,29.193288369797664
0.05,6079,63,177529,29.198848684210525
0.05,6080,72,177601,29.205887189606972
0.05,6081,88,177689,29.21555409404801
0.05,6082,-35,177654,29.20499753411146
0.05,6083,58,177712,29.209730440499673
0.05,6084,42,177754,29.211832374691866
0.05,6085,43,177797,29.21409792967466
0.05,6086,-211,177586,29.174634466896666
0.05,6087,73,177659,29.181833114323258
0.05,6088,94,177753,29.192478239448185
0.05,6089,70,177823,29.199178981937603
0.05,6090,84,177907,29.208175997373175
0.05,6091,71,177978,29.215036112934996
0.05,6092,85,178063,29.22419169538815
0.05,6093,43,178106,29.2264522481129
0.05,6094,40,178146,29.228219852337983
0.05,6095,88,178234,29.23786089238845
0.05,6096,-36,178198,29.22716089880269
0.05,6097,90,178288,29.237126926861265
0.05,6098,-92,178196,29.217248729299886
0.05,6099,-250,177946,29.171475409836066
0.05,6100,-21,177925,29.163251925913784
0.05,6101,-12,177913,29.15650606358571
0.05,6102,85,177998,29.165656234638703
0.05,6103,84,178082,29.174639580602882
0.05,6104,-53,178029,29.16117936117936
0.05,6105,-68,177961,29.145266950540453
0.05,6106,87,178048,29.154740461765186
0.05,6107,-141,177907,29.126882776686312
0.05,6108,-9,177898,29.12064167621542
0.05,6109,58,177956,29.125368248772503
0.05,6110,78,178034,29.133366061201112
0.05,6111,82,178116,29.142015706806284
0.05,6112,92,178208,29.15229838050057
0.05,6113,-90,178118,29.132809944389926
0.05,6114,86,178204,29.142109566639412
0.05,6115,44,178248,29.144538914323086
0.05,6116,-112,178136,29.121464770312244
0.05,6117,93,178229,29.131905851585486
0.05,6118,-24,178205,29.123222748815166
0.05,6119,93,178298,29.133660130718955
0.05,6120,-139,178159,29.1061917987257
0.05,6121,-102,178057,29.084776216922574
0.05,6122,9,178066,29.081495998693452
0.05,6123,56,178122,29.085891574134553
0.05,6124,85,178207,29.095020408163265
0.05,6125,64,178271,29.10071825008162
0.05,6126,88,178359,29.110331320385182
0.05,6127,92,178451,29.12059399477807
0.05,6128,94,178545,29.131179637787568
0.05,6129,-172,178373,29.09836867862969
0.05,6130,91,178464,29.1084651769695
0.05,6131,24,178488,29.107632093933464
0.05,6132,-17,178471,29.10011413663786
0.05,6133,87,178558,29.10955330942289
0.05,6134,92,178650,29.119804400977994
0.05,6135,-116,178534,29.096153846153847
0.05,6136,61,178595,29.101352452338276
0.05,6137,57,178652,29.105897686542846
0.05,6138,79,178731,29.114025085518815
0.05,6139,37,178768,29.11530944625407
0.05,6140,25,178793,29.114639309558704
0.05,6141,40,178833,29.116411592315206
0.05,6142,-10,178823,29.11004395246622
0.05,6143,66,178889,29.116048177083332
0.05,6144,2,178891,29.111635475996746
0.05,6145,-100,178791,29.090628050764725
0.05,6146,46,178837,29.09337888400846
0.05,6147,78,178915,29.101333767078724
0.05,6148,86,179001,29.11058708733127
0.05,6149,45,179046,29.113170731707317
0.05,6150,7,179053,29.109575678751423
0.05,6151,37,179090,29.110858257477243
0.05,6152,67,179157,29.117016089712337
0.05,6153,85,179242,29.12609684757881
0.05,6154,81,179323,29.134524776604387
0.05,6155,20,179343,29.133040935672515
0.05,6156,-167,179176,29.101185642358292
0.05,6157,86,179262,29.1104254628126
0.05,6158,-87,179175,29.09157330735509
0.05,6159,-51,179124,29.07857142857143
0.05,6160,27,179151,29.078234052913487
0.05,6161,-154,178997,29.048523206751057
0.05,6162,-18,178979,29.040889177348692
0.05,6163,-147,178832,29.01232965606749
0.05,6164,2,178834,29.00794809407948
0.05,6165,62,178896,29.01329873499838
0.05,6166,72,178968,29.020269174639207
0.05,6167,62,179030,29.02561608300908
0.05,6168,56,179086,29.02998865294213
0.05,6169,-19,179067,29.022204213938412
0.05,6170,35,179102,29.023172905525847
0.05,6171,8,179110,29.019766688269605
0.05,6172,18,179128,29.017981532480157
0.05,6173,-209,178919,28.97942986718497
0.05,6174,13,178932,28.97684210526316
0.05,6175,87,179019,28.986237046632123
0.05,6176,94,179113,28.99676218228914
0.05,6177,93,179206,29.00712204596957
0.05,6178,92,179298,29.01731671791552
0.05,6179,86,179384,29.02653721682848
0.05,6180,82,179466,29.03510758776897
0.05,6181,-66,179400,29.01973471368489
0.05,6182,93,179493,29.030082484230956
0.05,6183,61,179554,29.035252263906855
0.05,6184,43,179597,29.037510105092966
0.05,6185,42,179639,29.039605560944068
0.05,6186,58,179697,29.044286406982383
0.05,6187,-55,179642,29.03070458952812
0.05,6188,13,179655,29.028114396509938
0.05,6189,60,179715,29.033117932148627
0.05,6190,70,179785,29.039735099337747
0.05,6191,75,179860,29.047157622739018
0.05,6192,90,179950,29.05699983852737
0.05,6193,10,179960,29.053923151436873
0.05,6194,86,180046,29.063115415657787
0.05,6195,93,180139,29.0734344738541
0.05,6196,78,180217,29.081329675649506
0.05,6197,54,180271,29.085350112939658
0.05,6198,75,180346,29.092756896273592
0.05,6199,58,180404,29.09741935483871
0.05,6200,-96,180308,29.077245605547493
0.05,6201,3,180311,29.073040954530796
0.05,6202,41,180352,29.07496372722876
0.05,6203,-21,180331,29.066892327530624
0.05,6204,70,180401,29.07348912167607
0.05,6205,33,180434,29.074121817595874
0.05,6206,92,180526,29.084259706782664
0.05,6207,16,180542,29.08215206185567
0.05,6208,-11,180531,29.075696569495893
0.05,6209,80,180611,29.08389694041868
0.05,6210,-102,180509,29.062791820962808
0.05,6211,84,180593,29.071635544108176
0.05,6212,65,180658,29.077418316433285
0.05,6213,-2,180656,29.072417122626327
0.05,6214,-39,180617,29.061464199517296
0.05,6215,59,180676,29.066280566280565
0.05,6216,88,180764,29.075760012867942
0.05,6217,93,180857,29.086040527500803
0.05,6218,93,180950,29.096317735970413
0.05,6219,-23,180927,29.087942122186494
0.05,6220,12,180939,29.085195306220864
0.05,6221,-68,180871,29.069591771134682
0.05,6222,41,180912,29.071508918528043
0.05,6223,40,180952,29.073264781491
0.05,6224,89,181041,29.08289156626506
0.05,6225,19,181060,29.081272084805654
0.05,6226,24,181084,29.080456078368396
0.05,6227,-37,181047,29.069845857418112
0.05,6228,26,181073,29.069353026167924
0.05,6229,68,181141,29.075601926163724
0.05,6230,69,181210,29.082009308297224
0.05,6231,87,181297,29.09130295250321
0.05,6232,90,181387,29.101074923792716
0.05,6233,-211,181176,29.062560153994227
0.05,6234,23,181199,29.06158781074579
0.05,6235,88,181287,29.07103912764593
0.05,6236,88,181375,29.080487413820748
0.05,6237,94,181469,29.09089451747355
0.05,6238,85,181554,29.09985574611316
0.05,6239,-40,181514,29.088782051282053
0.05,6240,27,181541,29.088447364204455
0.05,6241,93,181634,29.098686318487665
0.05,6242,91,181725,29.10860163382989
0.05,6243,-12,181713,29.10201793721973
0.05,6244,74,181787,29.109207365892715
0.05,6245,46,181833,29.111911623439
0.05,6246,74,181907,29.11909716663999
0.05,6247,73,181980,29.126120358514726
0.05,6248,84,182064,29.13490158425348
0.05,6249,38,182102,29.13632
0.05,6250,13,182115,29.13373860182371
0.05,6251,50,182165,29.137076135636597
0.05,6252,17,182182,29.135135135135137
0.05,6253,64,182246,29.140709945634793
0.05,6254,68,182314,29.146922462030375
0.05,6255,89,182403,29.156489769820972
0.05,6256,24,182427,29.155665654466997
0.05,6257,77,182504,29.16331096196868
0.05,6258,72,182576,29.17015497683336
0.05,6259,-71,182505,29.154153354632587
0.05,6260,74,182579,29.1613160836927
0.05,6261,81,182660,29.169594378792716
0.05,6262,91,182751,29.17946670924477
0.05,6263,65,182816,29.185185185185187
0.05,6264,-120,182696,29.161372705506782
0.05,6265,-108,182588,29.13948292371529
0.05,6266,66,182654,29.145364608265517
0.05,6267,-44,182610,29.133694958519463
0.05,6268,90,182700,29.143404051682882
0.05,6269,-57,182643,29.129665071770336
0.05,6270,87,182730,29.13889331845001
0.05,6271,-1,182729,29.13408801020408
0.05,6272,83,182812,29.142674956161326
0.05,6273,78,182890,29.150462225055787
0.05,6274,93,182983,29.160637450199204
0.05,6275,-78,182905,29.143562778840025
0.05,6276,22,182927,29.14242472518719
0.05,6277,-28,182899,29.133322714240204
0.05,6278,86,182985,29.142379359770665
0.05,6279,75,183060,29.14968152866242
0.05,6280,78,183138,29.157459003343416
0.05,6281,56,183194,29.16173193250557
0.05,6282,-126,183068,29.1370364475569
0.05,6283,93,183161,29.147199236155316
0.05,6284,28,183189,29.147016706443914
0.05,6285,-56,183133,29.133471205854278
0.05,6286,88,183221,29.142834420232226
0.05,6287,-63,183158,29.12818066157761
0.05,6288,91,183249,29.138018762919383
0.05,6289,32,183281,29.138473767885532
0.05,6290,83,183364,29.14703544746463
0.05,6291,36,183400,29.14812460267006
0.05,6292,48,183448,29.151120292388367
0.05,6293,88,183536,29.160470289164284
0.05,6294,-48,183488,29.148212867355042
0.05,6295,12,183500,29.14548919949174
0.05,6296,-236,183264,29.103382563125297
0.05,6297,57,183321,29.107812003810732
0.05,6298,-12,183309,29.101285918399746
0.05,6299,93,183402,29.111428571428572
0.05,6300,30,183432,29.111569592128234
0.05,6301,48,183480,29.114566804189145
0.05,6302,-34,183446,29.1045533872759
0.05,6303,-46,183400,29.09263959390863
0.05,6304,-84,183316,29.074702616970658
0.05,6305,73,183389,29.081668252457977
0.05,6306,48,183437,29.084667829395908
0.05,6307,52,183489,29.08830057070387
0.05,6308,33,183522,29.088920589633858
0.05,6309,94,183616,29.09920760697306
0.05,6310,58,183674,29.103787038504198
0.05,6311,-96,183578,29.083967046894802
0.05,6312,-58,183520,29.070172659591318
0.05,6313,44,183564,29.072537218878683
0.05,6314,61,183625,29.077593032462392
0.05,6315,88,183713,29.08692210259658
0.05,6316,18,183731,29.085167009656484
0.05,6317,-11,183720,29.078822412155745
0.05,6318,58,183778,29.083399272036715
0.05,6319,63,183841,29.08876582278481
0.05,6320,-27,183814,29.079892422085113
0.05,6321,-151,183663,29.051407782347358
0.05,6322,92,183755,29.06136327692551
0.05,6323,47,183802,29.064199873497785
0.05,6324,37,183839,29.065454545454546
0.05,6325,93,183932,29.075561176098642
0.05,6326,-137,183795,29.049312470365102
0.05,6327,85,183880,29.058154235145384
0.05,6328,77,183957,29.065729183125296
0.05,6329,-81,183876,29.04834123222749
0.05,6330,82,183958,29.05670510187964
0.05,6331,7,183965,29.053221730890712
0.05,6332,-83,183882,29.035528185693984
0.05,6333,92,183974,29.045468898010736
0.05,6334,92,184066,29.05540647198106
0.05,6335,86,184152,29.064393939393938
0.05,6336,40,184192,29.06611961495976
0.05,6337,-81,184111,29.04875355001578
0.05,6338,84,184195,29.05742230635747
0.05,6339,-101,184094,29.036908517350156
0.05,6340,78,184172,29.044630184513483
0.05,6341,93,184265,29.054714601072217
0.05,6342,86,184351,29.06369225918335
0.05,6343,91,184442,29.0734552332913
0.05,6344,-22,184420,29.06540583136328
0.05,6345,62,184482,29.070595650803657
0.05,6346,79,184561,29.07846226563731
0.05,6347,69,184630,29.084751102709514
0.05,6348,88,184718,29.09403055599307
0.05,6349,91,184809,29.103779527559055
0.05,6350,18,184827,29.102031176192725
0.05,6351,89,184916,29.111460957178842
0.05,6352,-163,184753,29.081221470171574
0.05,6353,84,184837,29.089864652187597
0.05,6354,22,184859,29.088749016522424
0.05,6355,55,184914,29.092825676526118
0.05,6356,86,185000,29.101777568035235
0.05,6357,64,185064,29.10726643598616
0.05,6358,90,185154,29.116842270797296
0.05,6359,81,185235,29.125
0.05,6360,-75,185160,29.108630718440498
0.05,6361,-116,185044,29.085822068531908
0.05,6362,93,185137,29.095866729530094
0.05,6363,16,185153,29.093808925204275
0.05,6364,66,185219,29.09960722702278
0.05,6365,37,185256,29.10084825636192
0.05,6366,-135,185121,29.075074603423904
0.05,6367,-126,184995,29.050722361809044
0.05,6368,0,184995,29.046161092793216
0.05,6369,-129,184866,29.021350078492937
0.05,6370,70,184936,29.02778213781196
0.05,6371,35,184971,29.028719397363464
0.05,6372,-91,184880,29.00988545426016
0.05,6373,-239,184641,28.967838092249764
0.05,6374,85,184726,28.97662745098039
0.05,6375,71,184797,28.983218318695105
0.05,6376,84,184881,28.99184569546809
0.05,6377,89,184970,29.001254311696457
0.05,6378,-55,184915,28.988085906881956
0.05,6379,74,184989,28.995141065830722
0.05,6380,79,185068,29.002977589719478
0.05,6381,33,185101,29.003603885929177
0.05,6382,-109,184992,28.98198339338869
0.05,6383,60,185052,28.986842105263158
0.05,6384,-7,185045,28.981205951448707
0.05,6385,39,185084,28.98277481991857
0.05,6386,90,185174,28.992328166588383
0.05,6387,94,185268,29.00250469630557
0.05,6388,-157,185111,28.973391767099702
0.05,6389,94,185205,28.983568075117372
0.05,6390,49,185254,28.98670004694101
0.05,6391,-36,185218,28.976533166458072
0.05,6392,94,185312,28.9867042077272
0.05,6393,75,185387,28.993900531748515
0.05,6394,67,185454,28.999843627834245
0.05,6395,64,185518,29.005315822388994
0.05,6396,0,185518,29.000781616382678
0.05,6397,73,185591,29.00765864332604
0.05,6398,87,185678,29.016721362712925
0.05,6399,28,185706,29.0165625
0.05,6400,76,185782,29.023902515231995
0.05,6401,-25,185757,29.015463917525775
0.05,6402,49,185806,29.018585038263314
0.05,6403,33,185839,29.019206745783887
0.05,6404,79,185918,29.027010148321622
0.05,6405,86,186004,29.03590384014986
0.05,6406,23,186027,29.034961760574372
0.05,6407,-35,185992,29.024968789013734
0.05,6408,84,186076,29.033546575128724
0.05,6409,76,186152,29.0408736349454
0.05,6410,90,186242,29.050382155669944
0.05,6411,92,186334,29.06019962570181
0.05,6412,92,186426,29.070014033993452
0.05,6413,8,186434,29.066729030246336
0.05,6414,-19,186415,29.059236165237724
0.05,6415,-107,186308,29.038029925187033
0.05,6416,54,186362,29.041919900264922
0.05,6417,14,186376,29.039576191960112
0.05,6418,74,186450,29.046580464246766
0.05,6419,-258,186192,29.001869158878506
0.05,6420,87,186279,29.010901728702695
0.05,6421,90,186369,29.02039862971037
0.05,6422,80,186449,29.028335668690644
0.05,6423,-17,186432,29.021170610211705
0.05,6424,53,186485,29.02490272373541
0.05,6425,-33,186452,29.015250544662308
0.05,6426,94,186546,29.02536175509569
0.05,6427,-86,186460,29.00746733042937
0.05,6428,64,186524,29.012910250427748
0.05,6429,69,186593,29.019129082426126
0.05,6430,64,186657,29.024568496345825
0.05,6431,-46,186611,29.01290422885572
0.05,6432,93,186704,29.02285092491839
0.05,6433,43,186747,29.025023313646255
0.05,6434,53,186800,29.02874902874903
0.05,6435,20,186820,29.027346177750154
0.05,6436,16,186836,29.025322355134378
0.05,6437,52,186888,29.02889095992544
0.05,6438,73,186961,29.035719832272093
0.05,6439,-56,186905,29.02251552795031
0.05,6440,51,186956,29.02592765098587
0.05,6441,90,187046,29.03539273517541
0.05,6442,60,187106,29.040198665218067
0.05,6443,75,187181,29.047330850403476
0.05,6444,56,187237,29.051512800620635
0.05,6445,64,187301,29.056934533043748
0.05,6446,89,187390,29.066232356134638
0.05,6447,92,187482,29.075992555831267
0.05,6448,94,187576,29.08605985424097
0.05,6449,84,187660,29.094573643410854
0.05,6450,-83,187577,29.077197333746707
0.05,6451,92,187669,29.08694978301302
0.05,6452,15,187684,29.084766775143343
0.05,6453,55,187739,29.088782150604278
0.05,6454,-60,187679,29.074980635166536
0.05,6455,90,187769,29.084417596034697
0.05,6456,-31,187738,29.07511228124516
0.05,6457,68,187806,29.08113967172499
0.05,6458,59,187865,29.085771791298964
0.05,6459,91,187956,29.095356037151703
0.05,6460,90,188046,29.10478254140226
0.05,6461,83,188129,29.113122872175797
0.05,6462,-81,188048,29.09608540925267
0.05,6463,85,188133,29.10473391089109
0.05,6464,62,188195,29.109822119102862
0.05,6465,80,188275,29.11769254562326
0.05,6466,70,188345,29.12401422607082
0.05,6467,77,188422,29.131416202844775
0.05,6468,75,188497,29.1385067243778
0.05,6469,62,188559,29.143585780525502
0.05,6470,24,188583,29.142790913305518
0.05,6471,70,188653,29.149103831891225
0.05,6472,-100,188553,29.129151861578865
0.05,6473,80,188633,29.137009576768612
0.05,6474,32,188665,29.137451737451737
0.05,6475,-50,188615,29.12523162445954
0.05,6476,27,188642,29.12490350470897
0.05,6477,87,188729,29.133837604198828
0.05,6478,92,188821,29.14354066985646
0.05,6479,-22,188799,29.13564814814815
0.05,6480,28,188827,29.135472920845547
0.05,6481,-287,188540,29.086701635297747
0.05,6482,-16,188524,29.079747030695664
0.05,6483,45,188569,29.082202344231955
0.05,6484,-51,188518,29.069853508095605
0.05,6485,81,188599,29.07786000616713
0.05,6486,-115,188484,29.055649761060582
0.05,6487,78,188562,29.06319358816276
0.05,6488,69,188631,29.069348127600556
0.05,6489,-31,188600,29.06009244992296
0.05,6490,52,188652,29.063626559852104
0.05,6491,59,188711,29.068237831176834
0.05,6492,88,188799,29.077314030494378
0.05,6493,23,188822,29.07637819525716
0.05,6494,62,188884,29.08144726712856
0.05,6495,-88,188796,29.063423645320196
0.05,6496,89,188885,29.072648914883793
0.05,6497,-110,188775,29.05124653739612
0.05,6498,67,188842,29.057085705493154
0.05,6499,6,188848,29.053538461538462
0.05,6500,25,188873,29.052914936163667
0.05,6501,85,188958,29.061519532451552
0.05,6502,-35,188923,29.05166846071044
0.05,6503,44,188967,29.053966789667896
0.05,6504,-57,188910,29.040737893927748
0.05,6505,88,188998,29.04980018444513
0.05,6506,-9,188989,29.043952666359306
0.05,6507,91,189080,29.053472649047325
0.05,6508,-115,188965,29.031341219849438
0.05,6509,70,189035,29.037634408602152
0.05,6510,91,189126,29.047150975272615
0.05,6511,69,189195,29.053286240786242
0.05,6512,76,189271,29.06049439582374
0.05,6513,39,189310,29.06202026404667
0.05,6514,79,189389,29.06968534151957
0.05,6515,20,189409,29.0682934315531
0.05,6516,87,189496,29.07718275280037
0.05,6517,-77,189419,29.060908254065666
0.05,6518,56,189475,29.065040650406505
0.05,6519,64,189539,29.070398773006136
0.05,6520,91,189630,29.079895721515104
0.05,6521,72,189702,29.086476540938364
0.05,6522,68,189770,29.092442127855282
0.05,6523,41,189811,29.09426732066217
0.05,6524,66,189877,29.09992337164751
0.05,6525,-23,189854,29.091939932577382
0.05,6526,94,189948,29.10188447985292
0.05,6527,67,190015,29.107689950980394
0.05,6528,88,190103,29.116710062796752
0.05,6529,-10,190093,29.11071975497703
0.05,6530,88,190181,29.11973664063696
0.05,6531,88,190269,29.12875076546234
0.05,6532,94,190363,29.138680544925762
0.05,6533,20,190383,29.137281910009182
0.05,6534,63,190446,29.142463657230298
0.05,6535,91,190537,29.151927784577722
0.05,6536,81,190618,29.159859262658713
0.05,6537,93,190711,29.16962373814622
0.05,6538,93,190804,29.179385227098944
0.05,6539,82,190886,29.187461773700306
0.05,6540,71,190957,29.193854150741476
0.05,6541,38,190995,29.195200244573524
0.05,6542,-3,190992,29.190279688216414
0.05,6543,-50,190942,29.17817848410758
0.05,6544,52,190994,29.181665393430098
0.05,6545,29,191023,29.18163764130767
0.05,6546,-85,190938,29.16419734229418
0.05,6547,67,191005,29.16997556505803
0.05,6548,-47,190958,29.15834478546343
0.05,6549,0,190958,29.153893129770992
0.05,6550,-1,190957,29.149290184704626
0.05,6551,87,191044,29.15811965811966
0.05,6552,87,191131,29.166946436746528
0.05,6553,53,191184,29.170582850167836
0.05,6554,54,191238,29.174370709382153
0.05,6555,93,191331,29.184106162294082
0.05,6556,-24,191307,29.175995119719385
0.05,6557,15,191322,29.173833485818847
0.05,6558,89,191411,29.18295471870712
0.05,6559,5,191416,29.179268292682927
0.05,6560,92,191508,29.188843164151805
0.05,6561,-49,191459,29.176927765925022
0.05,6562,-23,191436,29.168977601706537
0.05,6563,54,191490,29.172760511883
0.05,6564,49,191539,29.175780654988575
0.05,6565,86,191625,29.184434968017058
0.05,6566,-36,191589,29.17450890817725
0.05,6567,-34,191555,29.164890377588307
0.05,6568,94,191649,29.174760237479067
0.05,6569,77,191726,29.182039573820397
0.05,6570,62,191788,29.187033936995892
0.05,6571,90,191878,29.196287279367013
0.05,6572,26,191904,29.195801004107715
0.05,6573,78,191982,29.203224825068453
0.05,6574,90,192072,29.212471482889732
0.05,6575,-150,191922,29.18521897810219
0.05,6576,-144,191778,29.158887030561047
0.05,6577,48,191826,29.161751292186075
0.05,6578,63,191889,29.16689466484268
0.05,6579,5,191894,29.16322188449848
0.05,6580,48,191942,29.1660841817353
0.05,6581,-44,191898,29.154968094804012
0.05,6582,-13,191885,29.148564484277685
0.05,6583,-236,191649,29.10829283110571
0.05,6584,57,191706,29.1125284738041
0.05,6585,66,191772,29.118129365320378
0.05,6586,39,191811,29.119629573402158
0.05,6587,74,191885,29.126442015786278
0.05,6588,83,191968,29.13461830323266
0.05,6589,-121,191847,29.111836115326252
0.05,6590,-19,191828,29.104536489151872
0.05,6591,30,191858,29.104672330097088
0.05,6592,94,191952,29.114515395116033
0.05,6593,80,192032,29.122232332423415
0.05,6594,80,192112,29.12994692949204
0.05,6595,79,192191,29.137507580351727
0.05,6596,19,192210,29.135970895861757
0.05,6597,31,192241,29.13625341012428
0.05,6598,-259,191982,29.092589786331263
0.05,6599,78,192060,29.1
0.05,6600,91,192151,29.109377367065598
0.05,6601,66,192217,29.1149651620721
0.05,6602,90,192307,29.124185976071484
0.05,6603,67,192374,29.12992125984252
0.05,6604,-289,192085,29.081756245268735
0.05,6605,79,192164,29.089312745988494
0.05,6606,-249,191915,29.047222642651732
0.05,6607,81,191996,29.055084745762713
0.05,6608,-32,191964,29.045846572855197
0.05,6609,-1,191963,29.041301059001512
0.05,6610,-34,191929,29.03176523975193
0.05,6611,90,192019,29.040986085904414
0.05,6612,93,192112,29.050657795251777
0.05,6613,93,192205,29.060326579981858
0.05,6614,31,192236,29.060619803476946
0.05,6615,84,192320,29.068923821039903
0.05,6616,94,192414,29.078736587577453
0.05,6617,63,192477,29.08386219401632
0.05,6618,90,192567,29.093065417736817
0.05,6619,22,192589,29.091993957703927
0.05,6620,76,192665,29.099078689019784
0.05,6621,79,192744,29.10661431591664
0.05,6622,-67,192677,29.09210327646082
0.05,6623,79,192756,29.09963768115942
0.05,6624,-27,192729,29.091169811320754
0.05,6625,-8,192721,29.085571989133715
0.05,6626,82,192803,29.093556662139733
0.05,6627,78,192881,29.100935425467714
0.05,6628,71,192952,29.107255996379543
0.05,6629,92,193044,29.116742081447963
0.05,6630,-359,192685,29.05821143115669
0.05,6631,77,192762,29.06544028950543
0.05,6632,73,192835,29.07206392281019
0.05,6633,2,192837,29.067983117274647
0.05,6634,91,192928,29.07731725697061
0.05,6635,94,193022,29.08710066305003
0.05,6636,56,193078,29.091155642609614
0.05,6637,54,193132,29.09490810485086
0.05,6638,-133,192999,29.07049254405784
0.05,6639,88,193087,29.079367469879518
0.05,6640,-38,193049,29.069266676705315
0.05,6641,-125,192924,29.046070460704605
0.05,6642,-35,192889,29.036429324100556
0.05,6643,-37,192852,29.026490066225165
0.05,6644,37,192889,29.027689992475544
0.05,6645,-65,192824,29.01354198013843
0.05,6646,1,192825,29.00932751617271
0.05,6647,89,192914,29.01835138387485
0.05,6648,30,192944,29.018499022409387
0.05,6649,17,192961,29.01669172932331
0.05,6650,18,192979,29.01503533303263
0.05,6651,93,193072,29.02465423932652
0.05,6652,13,193085,29.02224560348715
0.05,6653,-220,192865,28.984821160204387
0.05,6654,84,192949,28.993087903831704
0.05,6655,72,193021,28.999549278846153
0.05,6656,94,193115,29.009313504581645
0.05,6657,84,193199,29.01757284469811
0.05,6658,88,193287,29.026430394954197
0.05,6659,54,193341,29.03018018018018
0.05,6660,77,193418,29.037381774508333
0.05,6661,89,193507,29.04638246772741
0.05,6662,56,193563,29.05042773525439
0.05,6663,47,193610,29.0531212484994
0.05,6664,75,193685,29.060015003750937
0.05,6665,-147,193538,29.033603360336034
0.05,6666,67,193605,29.039298035098245
0.05,6667,83,193688,29.047390521895622
0.05,6668,44,193732,29.049632628579996
0.05,6669,-224,193508,29.01169415292354
0.05,6670,32,193540,29.01214210763004
0.05,6671,22,193562,29.01109112709832
0.05,6672,86,193648,29.019631350217292
0.05,6673,8,193656,29.016481869943064
0.05,6674,94,193750,29.026217228464418
0.05,6675,30,193780,29.02636309167166
0.05,6676,91,193871,29.035644750636514
0.05,6677,81,193952,29.043426175501647
0.05,6678,27,193979,29.043120227578978
0.05,6679,84,194063,29.05134730538922
0.05,6680,91,194154,29.060619667714413
0.05,6681,79,194233,29.06809338521401
0.05,6682,92,194325,29.077510100254376
0.05,6683,76,194401,29.0845302214243
0.05,6684,4,194405,29.080777860882574
0.05,6685,-68,194337,29.06625785222854
0.05,6686,62,194399,29.071182892178854
0.05,6687,40,194439,29.072816985645932
0.05,6688,64,194503,29.07803857078786
0.05,6689,63,194566,29.083109118086696
0.05,6690,-25,194541,29.075026154535944
0.05,6691,88,194629,29.083831440526
0.05,6692,21,194650,29.08262363663529
0.05,6693,29,194679,29.082611293695848
0.05,6694,68,194747,29.088424197162063
0.05,6695,58,194805,29.092741935483872
0.05,6696,69,194874,29.09870091085561
0.05,6697,51,194925,29.10197073753359
0.05,6698,-40,194885,29.091655470965815
0.05,6699,35,194920,29.092537313432835
0.05,6700,54,194974,29.096254290404417
0.05,6701,82,195056,29.104148015517755
0.05,6702,93,195149,29.113680441593317
0.05,6703,16,195165,29.11172434367542
0.05,6704,10,195175,29.108873974645785
0.05,6705,52,195227,29.112287503728005
0.05,6706,-127,195100,29.089011480542716
0.05,6707,85,195185,29.097346451997616
0.05,6708,14,195199,29.095096139514087
0.05,6709,21,195220,29.093889716840536
0.05,6710,95,195315,29.103710326329907
0.05,6711,-71,195244,29.08879618593564
0.05,6712,63,195307,29.093847758081335
0.05,6713,36,195343,29.0948763777182
0.05,6714,-20,195323,29.087565152643336
0.05,6715,-10,195313,29.08174508636093
0.05,6716,-172,195141,29.051808843233587
0.05,6717,51,195192,29.055075915451027
0.05,6718,-134,195058,29.030808155975592
0.05,6719,25,195083,29.030208333333334
0.05,6720,-1,195082,29.02574021722958
0.05,6721,-14,195068,29.019339482296935
0.05,6722,94,195162,29.02900490852298
0.05,6723,84,195246,29.03718024985128
0.05,6724,78,195324,29.04446096654275
0.05,6725,51,195375,29.04772524531668
0.05,6726,81,195456,29.055448193845695
0.05,6727,-24,195432,29.04756242568371
0.05,6728,83,195515,29.055580323970872
0.05,6729,94,195609,29.065230312035663
0.05,6730,-44,195565,29.054375278561878
0.05,6731,76,195641,29.061348781937017
0.05,6732,86,195727,29.06980543591267
0.05,6733,22,195749,29.06875556875557
0.05,6734,-30,195719,29.059985152190052
0.05,6735,84,195803,29.06814133016627
0.05,6736,79,195882,29.075552916728515
0.05,6737,72,195954,29.081923419412288
0.05,6738,56,196010,29.085917791957264
0.05,6739,93,196103,29.095400593471812
0.05,6740,89,196192,29.10428719774514
0.05,6741,-153,196039,29.077276772471077
0.05,6742,15,196054,29.075189084977012
0.05,6743,27,196081,29.07488137603796
0.05,6744,65,196146,29.080207561156413
0.05,6745,12,196158,29.07767565965016
0.05,6746,39,196197,29.07914628723877
0.05,6747,90,196287,29.08817427385892
0.05,6748,93,196380,29.097644095421543
0.05,6749,-59,196321,29.084592592592593
0.05,6750,-39,196282,29.074507480373278
0.05,6751,54,196336,29.078199052132703
0.05,6752,79,196415,29.085591588923442
0.05,6753,15,196430,29.083506070476755
0.05,6754,-34,196396,29.074167283493708
0.05,6755,89,196485,29.08303730017762
0.05,6756,-185,196300,29.051354151250553
0.05,6757,39,196339,29.052826279964485
0.05,6758,68,196407,29.058588548601865
0.05,6759,92,196499,29.067899408284024
0.05,6760,88,196587,29.07661588522408
0.05,6761,-90,196497,29.059006211180126
0.05,6762,74,196571,29.065651338163537
0.05,6763,-54,196517,29.053370786516854
0.05,6764,93,196610,29.062823355506282
0.05,6765,23,196633,29.061927283476205
0.05,6766,-66,196567,29.047879414807152
0.05,6767,92,196659,29.05718085106383
0.05,6768,15,196674,29.055104151277884
0.05,6769,64,196738,29.0602658788774
0.05,6770,28,196766,29.060109289617486
0.05,6771,81,196847,29.06777909037212
0.05,6772,-6,196841,29.062601505979625
0.05,6773,58,196899,29.066873339238263
0.05,6774,68,196967,29.072619926199263
0.05,6775,88,197055,29.081316410861866
0.05,6776,-84,196971,29.064630367419213
0.05,6777,75,197046,29.071407494836237
0.05,6778,30,197076,29.071544475586368
0.05,6779,41,197117,29.07330383480826
0.05,6780,77,197194,29.080371626603746
0.05,6781,54,197248,29.084046004128577
0.05,6782,25,197273,29.083443903877342
0.05,6783,-15,197258,29.07694575471698
0.05,6784,91,197349,29.086072218128223
0.05,6785,93,197442,29.09549071618037
0.05,6786,47,197489,29.09812877560041
0.05,6787,79,197568,29.105480259281084
0.05,6788,82,197650,29.11327146855207
0.05,6789,74,197724,29.119882179675994
0.05,6790,28,197752,29.11971727286114
0.05,6791,29,197781,29.11969964664311
0.05,6792,29,197810,29.119682025614605
0.05,6793,69,197879,29.125551957609655
0.05,6794,78,197957,29.132744665194995
0.05,6795,85,198042,29.140965273690405
0.05,6796,-11,198031,29.13505958511108
0.05,6797,82,198113,29.14283612827302
0.05,6798,55,198168,29.146639211648772
0.05,6799,69,198237,29.1525
0.05,6800,19,198256,29.15100720482282
0.05,6801,90,198346,29.15995295501323
0.05,6802,37,198383,29.161105394678817
0.05,6803,42,198425,29.162992357436803
0.05,6804,65,198490,29.168258633357826
0.05,6805,41,198531,29.169997061416396
0.05,6806,58,198589,29.174232407815484
0.05,6807,61,198650,29.178907168037604
0.05,6808,-20,198630,29.171684535174034
0.05,6809,76,198706,29.17856093979442
0.05,6810,70,198776,29.184554397298488
0.05,6811,80,198856,29.192014092777452
0.05,6812,28,198884,29.19183913107295
0.05,6813,87,198971,29.200322864690342
0.05,6814,93,199064,29.209684519442405
0.05,6815,67,199131,29.215228873239436
0.05,6816,-29,199102,29.206689159454307
0.05,6817,71,199173,29.212819008506894
0.05,6818,21,199194,29.21161460624725
0.05,6819,50,199244,29.21466275659824
0.05,6820,-205,199039,29.180325465474272
0.05,6821,87,199126,29.18880093814131
0.05,6822,83,199209,29.196687674043677
0.05,6823,-1,199208,29.19226260257913
0.05,6824,21,199229,29.191062271062272
0.05,6825,88,199317,29.199677702900672
0.05,6826,57,199374,29.20374981690347
0.05,6827,70,199444,29.20972466315173
0.05,6828,89,199533,29.218480011714746
0.05,6829,-106,199427,29.198682284040995
0.05,6830,47,199474,29.201288244766506
0.05,6831,87,199561,29.20974824355972
0.05,6832,89,199650,29.218498463339674
0.05,6833,92,199742,29.227685103892302
0.05,6834,88,199830,29.236283833211413
0.05,6835,-114,199716,29.215330602691633
0.05,6836,82,199798,29.223051045780313
0.05,6837,-43,199755,29.21248903188067
0.05,6838,64,199819,29.21757566895745
0.05,6839,74,199893,29.224122807017544
0.05,6840,-3,199890,29.219412366613067
0.05,6841,69,199959,29.2252265419468
0.05,6842,80,200039,29.232646500073066
0.05,6843,68,200107,29.238310929281123
0.05,6844,84,200191,29.246311176040905
0.05,6845,69,200260,29.25211802512416
0.05,6846,76,200336,29.258945523586974
0.05,6847,90,200426,29.267815420560748
0.05,6848,62,200488,29.27259453934881
0.05,6849,84,200572,29.28058394160584
0.05,6850,-90,200482,29.263173259378192
0.05,6851,87,200569,29.27159953298307
0.05,6852,37,200606,29.272727272727273
0.05,6853,76,200682,29.279544791362706
0.05,6854,38,200720,29.280816921954777
0.05,6855,42,200762,29.28267211201867
0.05,6856,83,200845,29.29050605220942
0.05,6857,-19,200826,29.283464566929133
0.05,6858,87,200913,29.29187928269427
0.05,6859,29,200942,29.291836734693877
0.05,6860,89,201031,29.30053927998834
0.05,6861,73,201104,29.30690760711163
0.05,6862,25,201129,29.306280052455193
0.05,6863,44,201173,29.308420745920746
0.05,6864,47,201220,29.310997815003642
0.05,6865,39,201259,29.31240897174483
0.05,6866,13,201272,29.310033493519732
0.05,6867,81,201353,29.317559697146184
0.05,6868,64,201417,29.322608822244867
0.05,6869,-57,201360,29.310043668122272
0.05,6870,63,201423,29.31494687818367
0.05,6871,-31,201392,29.306169965075668
0.05,6872,-51,201341,29.294485668558124
0.05,6873,59,201400,29.298807099214432
0.05,6874,-131,201269,29.27549090909091
0.05,6875,93,201362,29.2847585805701
0.05,6876,92,201454,29.29387814453977
0.05,6877,72,201526,29.300087234661238
0.05,6878,85,201611,29.308184329117605
0.05,6879,91,201702,29.317151162790697
0.05,6880,53,201755,29.3205929370731
0.05,6881,34,201789,29.321272885789014
0.05,6882,-14,201775,29.314978933604532
0.05,6883,93,201868,29.32423009877978
0.05,6884,75,201943,29.330864197530865
0.05,6885,-141,201802,29.306128376415916
0.05,6886,30,201832,29.306229127341368
0.05,6887,-36,201796,29.296747967479675
0.05,6888,1,201797,29.292640441283204
0.05,6889,86,201883,29.300870827285923
0.05,6890,46,201929,29.303294151792194
0.05,6891,74,202003,29.30977945443993
0.05,6892,85,202088,29.317858697229074
0.05,6893,69,202157,29.323614737452857
0.05,6894,4,202161,29.319941986947065
0.05,6895,74,202235,29.326421113689094
0.05,6896,-110,202125,29.30622009569378
0.05,6897,1,202126,29.30211655552334
0.05,6898,74,202200,29.30859544861574
0.05,6899,37,202237,29.309710144927536
0.05,6900,65,202302,29.31488190117374
0.05,6901,90,202392,29.32367429730513
0.05,6902,-16,202376,29.317108503549182
0.05,6903,-48,202328,29.30590961761298
0.05,6904,91,202419,29.314844315713252
0.05,6905,-123,202296,29.29278887923545
0.05,6906,-147,202149,29.267265093383525
0.05,6907,-82,202067,29.2511580775912
0.05,6908,42,202109,29.25300332899117
0.05,6909,71,202180,29.25904486251809
0.05,6910,79,202259,29.26624222254377
0.05,6911,61,202320,29.270833333333332
0.05,6912,73,202393,29.277158975842614
0.05,6913,87,202480,29.285507665606016
0.05,6914,-41,202439,29.275343456254518
0.05,6915,38,202477,29.276604973973395
0.05,6916,85,202562,29.284660980193724
0.05,6917,90,202652,29.29343740965597
0.05,6918,93,202745,29.302644890880185
0.05,6919,90,202835,29.311416184971097
0.05,6920,-61,202774,29.29836728796417
0.05,6921,86,202860,29.30655879803525
0.05,6922,75,202935,29.31315903510039
0.05,6923,23,202958,29.312247255921434
0.05,6924,14,202972,29.310036101083032
0.05,6925,-45,202927,29.299306959283857
0.05,6926,2,202929,29.295365959289736
0.05,6927,-31,202898,29.286662817551964
0.05,6928,38,202936,29.28792033482465
0.05,6929,6,202942,29.284559884559883
0.05,6930,-26,202916,29.276583465589383
0.05,6931,-237,202679,29.238170802077324
0.05,6932,-90,202589,29.22097216212318
0.05,6933,73,202662,29.2272858379002
0.05,6934,58,202720,29.231434751261716
0.05,6935,-250,202470,29.191176470588236
0.05,6936,13,202483,29.18884243909471
0.05,6937,89,202572,29.197463245892187
0.05,6938,71,202643,29.203487534226834
0.05,6939,91,202734,29.212391930835736
0.05,6940,90,202824,29.221149690246364
0.05,6941,-70,202754,29.206856813598385
0.05,6942,81,202835,29.21431657784819
0.05,6943,71,202906,29.220334101382488
0.05,6944,70,202976,29.226205903527717
0.05,6945,36,203012,29.22718111143104
0.05,6946,82,203094,29.234777601842524
0.05,6947,82,203176,29.242371905584342
0.05,6948,92,203268,29.251403079579795
0.05,6949,61,203329,29.255971223021582
0.05,6950,-82,203247,29.239965472593873
0.05,6951,47,203294,29.24252013808976
0.05,6952,88,203382,29.25097080396951
0.05,6953,94,203476,29.260281852171413
0.05,6954,30,203506,29.26038820992092
0.05,6955,77,203583,29.26725129384704
0.05,6956,90,203673,29.275981026304443
0.05,6957,84,203757,29.283845932739293
0.05,6958,94,203851,29.293145566891795
0.05,6959,60,203911,29.29755747126437
0.05,6960,-72,203839,29.283005315328257
0.05,6961,-95,203744,29.26515369146797
0.05,6962,83,203827,29.272870888984635
0.05,6963,72,203899,29.279006318207927
0.05,6964,-372,203527,29.221392677674086
0.05,6965,85,203612,29.229399942578237
0.05,6966,-43,203569,29.219032582173103
0.05,6967,50,203619,29.222014925373134
0.05,6968,-100,203519,29.20347252116516
0.05,6969,82,203601,29.211047345767575
0.05,6970,79,203680,29.21818964280591
0.05,6971,93,203773,29.227337923121055
0.05,6972,13,203786,29.225010755772264
0.05,6973,-185,203601,29.194293088614856
0.05,6974,61,203662,29.198853046594984
0.05,6975,94,203756,29.208142201834864
0.05,6976,91,203847,29.2169987100473
0.05,6977,25,203872,29.21639438234451
0.05,6978,61,203933,29.22094855996561
0.05,6979,83,204016,29.22865329512894
0.05,6980,89,204105,29.237215298667813
0.05,6981,58,204163,29.241334861071326
0.05,6982,-30,204133,29.232851210081627
0.05,6983,88,204221,29.24126575028637
0.05,6984,66,204287,29.24652827487473
0.05,6985,91,204378,29.255367878614372
0.05,6986,60,204438,29.259768140832975
0.05,6987,45,204483,29.262020606754437
0.05,6988,-3,204480,29.25740449277436
0.05,6989,85,204565,29.265379113018597
0.05,6990,92,204657,29.27435273923616
0.05,6991,54,204711,29.277889016018307
0.05,6992,6,204717,29.274560274560276
0.05,6993,-5,204712,29.26965970832142
0.05,6994,-46,204666,29.25889921372409
0.05,6995,37,204703,29.260005717552886
0.05,6996,69,204772,29.2656852936973
0.05,6997,-24,204748,29.25807373535296
0.05,6998,95,204843,29.26746678096871
0.05,6999,37,204880,29.268571428571427
0.05,7000,80,204960,29.27581774032281
0.05,7001,43,205003,29.27777777777778
0.05,7002,82,205085,29.285306297301158
0.05,7003,74,205159,29.291690462592804
0.05,7004,81,205240,29.29907209136331
0.05,7005,21,205261,29.29788752497859
0.05,7006,82,205343,29.305408876837447
0.05,7007,78,205421,29.31235730593607
0.05,7008,12,205433,29.309887287772863
0.05,7009,-70,205363,29.295720399429385
0.05,7010,-81,205282,29.27998858935958
0.05,7011,-3,205279,29.275385054192814
0.05,7012,-277,205002,29.23171253386568
0.05,7013,64,205066,29.236669518106645
0.05,7014,-125,204941,29.214682822523166
0.05,7015,21,204962,29.21351197263398
0.05,7016,81,205043,29.220892119139233
0.05,7017,-136,204907,29.1973496722713
0.05,7018,84,204991,29.20515742983331
0.05,7019,31,205022,29.205413105413104
0.05,7020,-18,205004,29.198689645349667
0.05,7021,-19,204985,29.191825690686414
0.05,7022,13,204998,29.189520148084863
0.05,7023,87,205085,29.19775056947608
0.05,7024,90,205175,29.206405693950177
0.05,7025,77,205252,29.21320808425847
0.05,7026,77,205329,29.22000853849438
0.05,7027,-87,205242,29.203471826977804
0.05,7028,-263,204979,29.161900697111964
0.05,7029,87,205066,29.170128022759602
0.05,7030,-53,205013,29.158441189020053
0.05,7031,91,205104,29.167235494880547
0.05,7032,17,205121,29.16550547419309
0.05,7033,88,205209,29.17386977537674
0.05,7034,-82,205127,29.15806680881308
0.05,7035,-338,204789,29.105884025014213
0.05,7036,-170,204619,29.07758988205201
0.05,7037,58,204677,29.08169934640523
0.05,7038,72,204749,29.08779656201165
0.05,7039,-301,204448,29.04090909090909
0.05,7040,93,204541,29.049992898735976
0.05,7041,85,204626,29.057938085771088
0.05,7042,37,204663,29.059065739031663
0.05,7043,82,204745,29.066581487791026
0.05,7044,93,204838,29.07565649396735
0.05,7045,70,204908,29.081464660800453
0.05,7046,93,205001,29.090534979423868
0.05,7047,93,205094,29.09960272417707
0.05,7048,75,205169,29.106114342459925
0.05,7049,74,205243,29.112482269503545
0.05,7050,-5,205238,29.10764430577223
0.05,7051,63,205301,29.112450368689732
0.05,7052,67,205368,29.117822203317736
0.05,7053,56,205424,29.121633115962574
0.05,7054,85,205509,29.12955350815025
0.05,7055,-82,205427,29.113803854875282
0.05,7056,70,205497,29.1195975627037
0.05,7057,90,205587,29.128223292717482
0.05,7058,93,205680,29.137271568210796
0.05,7059,62,205742,29.141926345609065
0.05,7060,86,205828,29.149978756550063
0.05,7061,65,205893,29.155055225148683
0.05,7062,12,205905,29.152626362735383
0.05,7063,86,205991,29.160673839184597
0.05,7064,64,206055,29.1656050955414
0.05,7065,-47,206008,29.154825926974244
0.05,7066,8,206016,29.151832460732983
0.05,7067,79,206095,29.158885116015846
0.05,7068,83,206178,29.166501626821333
0.05,7069,-47,206131,29.155728429985857
0.05,7070,50,206181,29.158676283411115
0.05,7071,4,206185,29.155118778280542
0.05,7072,76,206261,29.161741835147744
0.05,7073,38,206299,29.16299123551032
0.05,7074,93,206392,29.172014134275617
0.05,7075,92,206484,29.180893159977387
0.05,7076,71,206555,29.186802317366116
0.05,7077,74,206629,29.193133653574456
0.05,7078,-1,206628,29.188868484249188
0.05,7079,22,206650,29.187853107344633
0.05,7080,66,206716,29.193051828837735
0.05,7081,56,206772,29.196837051680316
0.05,7082,74,206846,29.20316250176479
0.05,7083,24,206870,29.202428006775833
0.05,7084,-86,206784,29.18616796047989
0.05,7085,54,206838,29.189669771380185
0.05,7086,93,206931,29.198673627769153
0.05,7087,84,207015,29.20640519187359
0.05,7088,62,207077,29.21103117505995
0.05,7089,-121,206956,29.18984485190409
0.05,7090,-12,206944,29.184036102101256
0.05,7091,72,207016,29.190073322053017
0.05,7092,-281,206735,29.146341463414632
0.05,7093,65,206800,29.151395545531436
0.05,7094,42,206842,29.153206483439043
0.05,7095,92,206934,29.16206313416009
0.05,7096,-130,206804,29.139636466112442
0.05,7097,70,206874,29.145393068469993
0.05,7098,64,206938,29.150302859557684
0.05,7099,93,207031,29.159295774647887
0.05,7100,73,207104,29.16546965216167
0.05,7101,-473,206631,29.094762038862292
0.05,7102,90,206721,29.10333661833028
0.05,7103,66,206787,29.108530405405407
0.05,7104,-192,206595,29.07741027445461
0.05,7105,-97,206498,29.059667886293273
0.05,7106,-60,206438,29.047136625861825
0.05,7107,93,206531,29.056133933595948
0.05,7108,77,206608,29.062878041918694
0.05,7109,-12,206596,29.057102672292547
0.05,7110,62,206658,29.061735339614682
0.05,7111,55,206713,29.065382452193475
0.05,7112,92,206805,29.07423028258119
0.05,7113,91,206896,29.082935057632838
0.05,7114,-32,206864,29.074349964862964
0.05,7115,-219,206645,29.039488476672286
0.05,7116,88,206733,29.04777293803569
0.05,7117,-133,206600,29.02500702444507
0.05,7118,94,206694,29.034134007585337
0.05,7119,-8,206686,29.02893258426966
0.05,7120,10,206696,29.026260356691477
0.05,7121,90,206786,29.034821679303565
0.05,7122,51,206837,29.037905376947915
0.05,7123,-30,206807,29.029618192026952
0.05,7124,63,206870,29.034385964912282
0.05,7125,-66,206804,29.02104967723828
0.05,7126,55,206859,29.024694822505964
0.05,7127,-142,206717,29.000701459034794
0.05,7128,80,206797,29.007855239163977
0.05,7129,-91,206706,28.99102384291725
0.05,7130,78,206784,28.997896508203617
0.05,7131,72,206856,29.003925967470554
0.05,7132,27,206883,29.003645030141595
0.05,7133,41,206924,29.005326604990188
0.05,7134,-93,206831,28.98822704975473
0.05,7135,-193,206638,28.957118834080717
0.05,7136,82,206720,28.964550931764048
0.05,7137,84,206804,28.97226113757355
0.05,7138,91,206895,28.980949712844936
0.05,7139,44,206939,28.983053221288515
0.05,7140,58,206997,28.987116650329085
0.05,7141,-38,206959,28.977737328479417
0.05,7142,90,207049,28.986280274394513
0.05,7143,13,207062,28.98404255319149
0.05,7144,88,207150,28.992302309307206
0.05,7145,93,207243,29.00125944584383
0.05,7146,89,207332,29.00965440044774
0.05,7147,89,207421,29.01804700615557
0.05,7148,86,207507,29.026017624842634
0.05,7149,92,207599,29.034825174825176
0.05,7150,-75,207524,29.02027688435184
0.05,7151,89,207613,29.028663310961967
0.05,7152,89,207702,29.037047392702362
0.05,7153,92,207794,29.045848476376854
0.05,7154,-14,207780,29.039832285115303
0.05,7155,65,207845,29.044857462269423
0.05,7156,-129,207716,29.02277490568674
0.05,7157,-70,207646,29.00894104498463
0.05,7158,20,207666,29.00768263723984
0.05,7159,88,207754,29.015921787709498
0.05,7160,83,207837,29.023460410557185
0.05,7161,-57,207780,29.011449315833566
0.05,7162,71,207851,29.01731118246545
0.05,7163,92,207943,29.02610273590173
0.05,7164,12,207955,29.023726448011164
0.05,7165,-89,207866,29.00725648897572
0.05,7166,93,207959,29.01618529370727
0.05,7167,82,208041,29.023577008928573
0.05,7168,44,208085,29.025666062212302
0.05,7169,66,208151,29.030822873082286
0.05,7170,61,208212,29.035280992888023
0.05,7171,-19,208193,29.028583379810375
0.05,7172,-29,208164,29.020493517356755
0.05,7173,29,208193,29.020490660719265
0.05,7174,94,208287,29.029547038327525
0.05,7175,60,208347,29.03386287625418
0.05,7176,74,208421,29.040128187264873
0.05,7177,91,208512,29.04876010030649
0.05,7178,60,208572,29.053071458420394
0.05,7179,-72,208500,29.03899721448468
0.05,7180,-659,207841,28.943183400640578
0.05,7181,59,207900,28.94736842105263
0.05,7182,92,207992,28.956146456912155
0.05,7183,67,208059,28.9614420935412
0.05,7184,91,208150,28.97007654836465
0.05,7185,-7,208143,28.965070971333148
0.05,7186,79,208222,28.972032837066926
0.05,7187,0,208222,28.96800222593211
0.05,7188,69,208291,28.973570733064403
0.05,7189,11,208302,28.97107093184979
0.05,7190,75,208377,28.97747183979975
0.05,7191,89,208466,28.985817575083427
0.05,7192,87,208553,28.99388294174892
0.05,7193,45,208598,28.9961078676675
0.05,7194,83,208681,29.00361362056984
0.05,7195,88,208769,29.011812117843245
0.05,7196,-10,208759,29.00639155203557
0.05,7197,88,208847,29.01458738538483
0.05,7198,-40,208807,29.005000694540907
0.05,7199,63,208870,29.009722222222223
0.05,7200,61,208931,29.01416469934731
0.05,7201,74,209005,29.020410996945294
0.05,7202,17,209022,29.01874219075385
0.05,7203,67,209089,29.02401443642421
0.05,7204,52,209141,29.027203331020125
0.05,7205,-343,208798,28.975575908964753
0.05,7206,-2,208796,28.971277924240322
0.05,7207,-2,208794,28.96698113207547
0.05,7208,85,208879,28.974753779997226
0.05,7209,40,208919,28.976282940360612
0.05,7210,92,209011,28.985022881708502
0.05,7211,-50,208961,28.974070992789795
0.05,7212,60,209021,28.978372383197005
0.05,7213,-184,208837,28.94884945938453
0.05,7214,-250,208587,28.91018711018711
0.05,7215,-4,208583,28.905626385809313
0.05,7216,-35,208548,28.896771511708465
0.05,7217,91,208639,28.905375450263232
0.05,7218,1,208640,28.901509904418894
0.05,7219,91,208731,28.9101108033241
0.05,7220,-114,208617,28.89031990029082
0.05,7221,-88,208529,28.874134588756576
0.05,7222,92,208621,28.8828741520144
0.05,7223,52,208673,28.88607419712071
0.05,7224,46,208719,28.888442906574394
0.05,7225,40,208759,28.88998062551896
0.05,7226,16,208775,28.88819703888197
0.05,7227,75,208850,28.894576646375207
0.05,7228,28,208878,28.894452898049522
0.05,7229,94,208972,28.903457814661135
0.05,7230,91,209063,28.91204536025446
0.05,7231,-94,208969,28.895049778761063
0.05,7232,50,209019,28.897967648278723
0.05,7233,-277,208742,28.855681504008846
0.05,7234,76,208818,28.86219765031099
0.05,7235,1,208819,28.858347153123272
0.05,7236,89,208908,28.86665745474644
0.05,7237,16,208924,28.864879801050012
0.05,7238,-16,208908,28.85868213841691
0.05,7239,-23,208885,28.851519337016576
0.05,7240,94,208979,28.860516503245407
0.05,7241,54,209033,28.863987848660592
0.05,7242,14,209047,28.8619356620185
0.05,7243,64,209111,28.866786305908338
0.05,7244,79,209190,28.873706004140786
0.05,7245,93,209283,28.88255589290643
0.05,7246,61,209344,28.88698771905616
0.05,7247,66,209410,28.89210816777042
0.05,7248,62,209472,28.89667540350393
0.05,7249,86,209558,28.90455172413793
0.05,7250,-28,209530,28.896703902909945
0.05,7251,-51,209479,28.88568670711528
0.05,7252,63,209542,28.890390183372396
0.05,7253,14,209556,28.88833746898263
0.05,7254,27,209583,28.888077188146106
0.05,7255,-205,209378,28.855843439911798
0.05,7256,-15,209363,28.849800192917183
0.05,7257,91,209454,28.858363185450536
0.05,7258,77,209531,28.86499517839923
0.05,7259,-20,209511,28.858264462809917
0.05,7260,-40,209471,28.848781159619886
0.05,7261,78,209549,28.85554943541724
0.05,7262,-70,209479,28.84193859286796
0.05,7263,90,209569,28.850357929515418
0.05,7264,11,209580,28.84790089470062
0.05,7265,-49,209531,28.83718689788054
0.05,7266,-79,209452,28.822347598734
0.05,7267,80,209532,28.829389102916895
0.05,7268,0,209532,28.825423029302517
0.05,7269,-117,209415,28.805364511691884
0.05,7270,44,209459,28.80745427038922
0.05,7271,-55,209404,28.795929592959297
0.05,7272,95,209499,28.805032311288326
0.05,7273,33,209532,28.805609018421777
0.05,7274,92,209624,28.81429553264605
0.05,7275,87,209711,28.822292468389225
0.05,7276,74,209785,28.828500755805965
0.05,7277,-37,209748,28.819455894476505
0.05,7278,51,209799,28.82250309108394
0.05,7279,26,209825,28.822115384615383
0.05,7280,91,209916,28.830655129789864
0.05,7281,-400,209516,28.7717659983521
0.05,7282,87,209603,28.779761087463957
0.05,7283,94,209697,28.788714991762767
0.05,7284,75,209772,28.795058339052847
0.05,7285,82,209854,28.80236069173758
0.05,7286,79,209933,28.809249348154246
0.05,7287,0,209933,28.805296377607025
0.05,7288,55,209988,28.808890108382496
0.05,7289,86,210074,28.81673525377229
0.05,7290,37,210111,28.817857632697848
0.05,7291,62,210173,28.822408118486013
0.05,7292,88,210261,28.830522418757713
0.05,7293,86,210347,28.838360296133807
0.05,7294,70,210417,28.844002741603838
0.05,7295,8,210425,28.841145833333332
0.05,7296,-11,210414,28.835685898314377
0.05,7297,-129,210285,28.81405864620444
0.05,7298,45,210330,28.81627620221948
0.05,7299,91,210421,28.824794520547947
0.05,7300,88,210509,28.83289960279414
0.05,7301,15,210524,28.831005204053685
0.05,7302,91,210615,28.839518006298782
0.05,7303,90,210705,28.84789156626506
0.05,7304,53,210758,28.85119780971937
0.05,7305,72,210830,28.857103750342183
0.05,7306,84,210914,28.86465033529492
0.05,7307,-191,210723,28.83456486042693
0.05,7308,77,210800,28.841154740730605
0.05,7309,5,210805,28.837893296853625
0.05,7310,85,210890,28.845575160716727
0.05,7311,-19,210871,28.83903172866521
0.05,7312,78,210949,28.845754136469303
0.05,7313,92,211041,28.854388843314194
0.05,7314,-135,210906,28.83198906356801
0.05,7315,69,210975,28.83747949699289
0.05,7316,37,211012,28.838595052617194
0.05,7317,-30,210982,28.830554796392455
0.05,7318,62,211044,28.835086760486405
0.05,7319,90,211134,28.84344262295082
0.05,7320,-6,211128,28.838683239994538
0.05,7321,-71,211057,28.825047801147228
0.05,7322,16,211073,28.823296463198144
0.05,7323,-157,210916,28.79792463134899
0.05,7324,-48,210868,28.787440273037543
0.05,7325,62,210930,28.791973791973792
0.05,7326,90,211020,28.800327555616214
0.05,7327,38,211058,28.801582969432314
0.05,7328,89,211147,28.809796698048846
0.05,7329,89,211236,28.818008185538883
0.05,7330,72,211308,28.82389851316328
0.05,7331,-162,211146,28.79787234042553
0.05,7332,90,211236,28.80621846447566
0.05,7333,-7,211229,28.801336242159802
0.05,7334,-187,211042,28.771915473755964
0.05,7335,94,211136,28.78080697928026
0.05,7336,85,211221,28.788469401662805
0.05,7337,50,211271,28.791360043608613
0.05,7338,-29,211242,28.78348548848617
0.05,7339,-340,210902,28.73324250681199
0.05,7340,-82,210820,28.718158289061435
0.05,7341,-128,210692,28.69681285753201
0.05,7342,-20,210672,28.690181124880837
0.05,7343,53,210725,28.69349128540305
0.05,7344,94,210819,28.702382573179033
0.05,7345,93,210912,28.711135311734278
0.05,7346,4,210916,28.70777187967878
0.05,7347,9,210925,28.70508982035928
0.05,7348,24,210949,28.70444958497755
0.05,7349,94,211043,28.713333333333335
0.05,7350,5,211048,28.71010746837165
0.05,7351,22,211070,28.709194776931447
0.05,7352,67,211137,28.714402284781723
0.05,7353,-173,210964,28.686973075877074
0.05,7354,3,210967,28.68348062542488
0.05,7355,82,211049,28.69072865687874
0.05,7356,20,211069,28.68954736985184
0.05,7357,94,211163,28.698423484642564
0.05,7358,90,211253,28.706753635004755
0.05,7359,81,211334,28.713858695652174
0.05,7360,64,211398,28.71865235701671
0.05,7361,72,211470,28.724531377343112
0.05,7362,14,211484,28.722531576802933
0.05,7363,50,211534,28.725420966865833
0.05,7364,84,211618,28.73292600135777
0.05,7365,1,211619,28.72916101004616
0.05,7366,89,211708,28.73734220171033
0.05,7367,46,211754,28.739685124864277
0.05,7368,55,211809,28.743248744741486
0.05,7369,16,211825,28.741519674355494
0.05,7370,-45,211780,28.731515398182065
0.05,7371,-68,211712,28.71839392295171
0.05,7372,83,211795,28.725756137257562
0.05,7373,62,211857,28.73026851098454
0.05,7374,93,211950,28.73898305084746
0.05,7375,-46,211904,28.72885032537961
0.05,7376,93,211997,28.73756269486241
0.05,7377,40,212037,28.73908918406072
0.05,7378,92,212129,28.747662284862447
0.05,7379,37,212166,28.74878048780488
0.05,7380,94,212260,28.75762091857472
0.05,7381,77,212337,28.764156055269574
0.05,7382,-11,212326,28.75877014763646
0.05,7383,81,212407,28.765845070422536
0.05,7384,-20,212387,28.759241706161138
0.05,7385,-168,212219,28.732602220417004
0.05,7386,-128,212091,28.711384865303913
0.05,7387,94,212185,28.72022198159177
0.05,7388,36,212221,28.72120719989173
0.05,7389,81,212302,28.72828146143437
0.05,7390,93,212395,28.73697740495197
0.05,7391,71,212466,28.742694805194805
0.05,7392,74,212540,28.74881644799134
0.05,7393,5,212545,28.745604544225046
0.05,7394,37,212582,28.746720757268424
0.05,7395,50,212632,28.74959437533802
0.05,7396,-38,212594,28.740570501554686
0.05,7397,73,212667,28.74655312246553
0.05,7398,-120,212547,28.726449520205435
0.05,7399,90,212637,28.73472972972973
0.05,7400,94,212731,28.743548169166328
0.05,7401,2,212733,28.73993515266144
0.05,7402,79,212812,28.74672430095907
0.05,7403,60,212872,28.750945434900053
0.05,7404,29,212901,28.750979068197164
0.05,7405,-63,212838,28.73859033216311
0.05,7406,87,212925,28.74645605508303
0.05,7407,93,213018,28.75512958963283
0.05,7408,39,213057,28.756512349844783
0.05,7409,71,213128,28.76221322537112
0.05,7410,81,213209,28.76926190797463
0.05,7411,52,213261,28.772396114409066
0.05,7412,44,213305,28.774450290031027
0.05,7413,89,213394,28.782573509576476
0.05,7414,24,213418,28.781928523263655
0.05,7415,92,213510,28.790453074433657
0.05,7416,26,213536,28.79007685047863
0.05,7417,-45,213491,28.780129414936642
0.05,7418,80,213571,28.787033292896616
0.05,7419,11,213582,28.78463611859838
0.05,7420,89,213671,28.79275030319364
0.05,7421,88,213759,28.800727566693613
0.05,7422,41,213800,28.802371009026
0.05,7423,40,213840,28.80387931034483
0.05,7424,-200,213640,28.773063973063973
0.05,7425,-117,213523,28.753433880958795
0.05,7426,-169,213354,28.726807593914096
0.05,7427,91,213445,28.735191168551427
0.05,7428,62,213507,28.739668865257773
0.05,7429,75,213582,28.745895020188424
0.05,7430,-30,213552,28.73798950343157
0.05,7431,35,213587,28.738832077502693
0.05,7432,22,213609,28.737925467509754
0.05,7433,87,213696,28.74576271186441
0.05,7434,-20,213676,28.73920645595158
0.05,7435,77,213753,28.745696611081225
0.05,7436,94,213847,28.754470888799247
0.05,7437,70,213917,28.760016133369184
0.05,7438,54,213971,28.763409060357574
0.05,7439,87,214058,28.771236559139783
0.05,7440,53,214111,28.774492675715628
0.05,7441,90,214201,28.782719699005643
0.05,7442,19,214220,28.781405347306194
0.05,7443,80,214300,28.788285867813002
0.05,7444,-111,214189,28.769509738079247
0.05,7445,88,214277,28.777464410421704
0.05,7446,86,214363,28.78514838189875
0.05,7447,-58,214305,28.773496240601503
0.05,7448,92,214397,28.78198415894751
0.05,7449,90,214487,28.79020134228188
0.05,7450,72,214559,28.796000536840694
0.05,7451,67,214626,28.80112721417069
0.05,7452,-34,214592,28.79270092580169
0.05,7453,82,214674,28.79983901261068
0.05,7454,-80,214594,28.78524480214621
0.05,7455,87,214681,28.793052575107296
0.05,7456,49,214730,28.795762370926646
0.05,7457,77,214807,28.802225797801018
0.05,7458,56,214863,28.805872100817805
0.05,7459,2,214865,28.802278820375335
0.05,7460,90,214955,28.810481168744136
0.05,7461,43,214998,28.81238273921201
0.05,7462,-88,214910,28.796730537317433
0.05,7463,-3,214907,28.792470525187568
0.05,7464,-8,214899,28.787541862022774
0.05,7465,25,214924,28.787034556656845
0.05,7466,34,214958,28.78773269050489
0.05,7467,89,215047,28.7957953936797
0.05,7468,87,215134,28.803588164412908
0.05,7469,86,215220,28.811244979919678
0.05,7470,68,215288,28.816490429661357
0.05,7471,-6,215282,28.811830835117775
0.05,7472,-5,215277,28.807306302689682
0.05,7473,-182,215095,28.77910088306128
0.05,7474,14,215109,28.7771237458194
0.05,7475,63,215172,28.781701444622794
0.05,7476,73,215245,28.787615353751505
0.05,7477,89,215334,28.795667290719443
0.05,7478,-5,215329,28.79114854927129
0.05,7479,0,215329,28.787299465240643
0.05,7480,-93,215236,28.77101991712338
0.05,7481,49,215285,28.77372360331462
0.05,7482,-46,215239,28.763731123880795
0.05,7483,-111,215128,28.745056119722072
0.05,7484,30,215158,28.745223780895124
0.05,7485,75,215233,28.751402618220677
0.05,7486,88,215321,28.75931614798985
0.05,7487,-27,215294,28.75186965811966
0.05,7488,88,215382,28.759781012151155
0.05,7489,1,215383,28.75607476635514
0.05,7490,91,215474,28.764383927379523
0.05,7491,33,215507,28.76494927923118
0.05,7492,91,215598,28.7732550380355
0.05,7493,88,215686,28.781158259941286
0.05,7494,-27,215659,28.77371581054036
0.05,7495,-24,215635,28.766675560298825
0.05,7496,47,215682,28.76910764305722
0.05,7497,91,215773,28.77740730861563
0.05,7498,84,215857,28.78477130284038
0.05,7499,76,215933,28.791066666666666
0.05,7500,94,216027,28.799760031995735
0.05,7501,92,216119,28.808184484137563
0.05,7502,59,216178,28.812208449953353
0.05,7503,91,216269,28.820495735607675
0.05,7504,-67,216202,28.807728181212525
0.05,7505,-99,216103,28.790700772715162
0.05,7506,72,216175,28.796456640468897
0.05,7507,64,216239,28.801145444858818
0.05,7508,87,216326,28.808895991476895
0.05,7509,0,216326,28.805059920106526
0.05,7510,-26,216300,28.797763280521902
0.05,7511,-100,216200,28.780617678381258
0.05,7512,46,216246,28.78290962331958
0.05,7513,-172,216074,28.75618844822997
0.05,7514,58,216132,28.76007984031936
0.05,7515,-30,216102,28.752261841405
0.05,7516,90,216192,28.760409737927365
0.05,7517,-12,216180,28.754988028731045
0.05,7518,10,216190,28.75249368267057
0.05,7519,93,216283,28.761037234042554
0.05,7520,91,216374,28.769312591410717
0.05,7521,71,216445,28.77492688114863
0.05,7522,2,216447,28.771367805396782
0.05,7523,80,216527,28.778176501860713
0.05,7524,14,216541,28.77621262458472
0.05,7525,44,216585,28.77823545043848
0.05,7526,13,216598,28.77613923209778
0.05,7527,85,216683,28.783607863974495
0.05,7528,-86,216597,28.76836233231505
0.05,7529,86,216683,28.775962815405048
0.05,7530,-109,216574,28.757668304342054
0.05,7531,-29,216545,28.75
0.05,7532,-59,216486,28.738351254480285
0.05,7533,60,216546,28.742500663658085
0.05,7534,85,216631,28.74996682149967
0.05,7535,-32,216599,28.74190552016985
0.05,7536,89,216688,28.749900490911504
0.05,7537,89,216777,28.757893340408597
0.05,7538,53,216830,28.761108900384666
0.05,7539,-123,216707,28.740981432360744
0.05,7540,-40,216667,28.73186580029174
0.05,7541,-160,216507,28.70684168655529
0.05,7542,89,216596,28.714834946307835
0.05,7543,87,216683,28.722560975609756
0.05,7544,5,216688,28.7194168323393
0.05,7545,67,216755,28.724489795918366
0.05,7546,-214,216541,28.69232807738174
0.05,7547,-116,216425,28.673158452570217
0.05,7548,32,216457,28.67359915220559
0.05,7549,66,216523,28.678543046357618
0.05,7550,89,216612,28.6865315852205
0.05,7551,-144,216468,28.663665254237287
0.05,7552,94,216562,28.672315636171056
0.05,7553,88,216650,28.68016944665078
0.05,7554,-45,216605,28.670416942422236
0.05,7555,94,216699,28.679062996294334
0.05,7556,76,216775,28.685324864364166
0.05,7557,56,216831,28.68893887271765
0.05,7558,90,216921,28.697049874322
0.05,7559,86,217007,28.70462962962963
0.05,7560,22,217029,28.703742891151965
0.05,7561,-56,216973,28.692541655646654
0.05,7562,-77,216896,28.678566706333466
0.05,7563,61,216957,28.682839767318878
0.05,7564,51,217008,28.685789821546596
0.05,7565,77,217085,28.69217552207243
0.05,7566,-48,217037,28.68204043874719
0.05,7567,67,217104,28.687103594080337
0.05,7568,81,217185,28.6940150614348
0.05,7569,12,217197,28.691809775429327
0.05,7570,67,217264,28.696869634130234
0.05,7571,76,217340,28.70311674590597
0.05,7572,-11,217329,28.697874026145517
0.05,7573,80,217409,28.704647478214945
0.05,7574,-84,217325,28.68976897689769
0.05,7575,41,217366,28.69139387539599
0.05,7576,-16,217350,28.68549557872509
0.05,7577,71,217421,28.691079440485616
0.05,7578,83,217504,28.69824515107534
0.05,7579,-19,217485,28.691952506596305
0.05,7580,-88,217397,28.67655982060414
0.05,7581,35,217432,28.677393827486153
0.05,7582,71,217503,28.68297507582751
0.05,7583,60,217563,28.687104430379748
0.05,7584,-62,217501,28.67514831905076
0.05,7585,54,217555,28.67848668600053
0.05,7586,25,217580,28.678001845261633
0.05,7587,47,217627,28.680416447021614
0.05,7588,94,217721,28.689023586770325
0.05,7589,22,217743,28.68814229249012
0.05,7590,51,217794,28.691081543933606
0.05,7591,58,217852,28.69494204425711
0.05,7592,7,217859,28.69208481496115
0.05,7593,8,217867,28.689360021069266
0.05,7594,41,217908,28.690980908492428
0.05,7595,90,217998,28.69905213270142
0.05,7596,3,218001,28.695669343161775
0.05,7597,63,218064,28.70018425901553
0.05,7598,72,218136,28.705882352941178
0.05,7599,70,218206,28.711315789473684
0.05,7600,22,218228,28.710432837784502
0.05,7601,91,218319,28.718626677190212
0.05,7602,52,218371,28.721688807049848
0.05,7603,-404,217967,28.664781693845345
0.05,7604,-58,217909,28.653385930309007
0.05,7605,59,217968,28.65737575598212
0.05,7606,43,218011,28.659261206783228
0.05,7607,58,218069,28.663117770767613
0.05,7608,94,218163,28.671704560389013
0.05,7609,-59,218104,28.66018396846255
0.05,7610,90,218194,28.668243332019447
0.05,7611,-38,218156,28.659485023646873
0.05,7612,10,218166,28.657034020753972
0.05,7613,92,218258,28.66535329655897
0.05,7614,62,218320,28.66973079448457
0.05,7615,67,218387,28.674763655462186
0.05,7616,73,218460,28.680582906656163
0.05,7617,90,218550,28.6886321869257
0.05,7618,78,218628,28.695104344402154
0.05,7619,91,218719,28.70328083989501
0.05,7620,95,218814,28.711980055110878
0.05,7621,-42,218772,28.7027027027027
0.05,7622,50,218822,28.70549652367834
0.05,7623,67,218889,28.710519412381952
0.05,7624,79,218968,28.71711475409836
0.05,7625,61,219029,28.721348019931813
0.05,7626,-324,218705,28.67510161269175
0.05,7627,10,218715,28.672653382275826
0.05,7628,-107,218608,28.654869576615546
0.05,7629,-12,218596,28.64954128440367
0.05,7630,61,218657,28.653780631634124
0.05,7631,90,218747,28.66181865828092
0.05,7632,76,218823,28.668020437573695
0.05,7633,73,218896,28.67382761330888
0.05,7634,62,218958,28.67819253438114
0.05,7635,85,219043,28.685568360398115
0.05,7636,87,219130,28.693204137750424
0.05,7637,43,219173,28.695077245352188
0.05,7638,-9,219164,28.690142688833618
0.05,7639,36,219200,28.691099476439792
0.05,7640,80,219280,28.697814422196046
0.05,7641,-221,219059,28.665140015702697
0.05,7642,12,219071,28.662959570849143
0.05,7643,-108,218963,28.645081109366824
0.05,7644,68,219031,28.650228907782864
0.05,7645,80,219111,28.65694480774261
0.05,7646,62,219173,28.66130508696221
0.05,7647,-35,219138,28.652981171548117
0.05,7648,82,219220,28.659955549745064
0.05,7649,84,219304,28.66718954248366
0.05,7650,29,219333,28.667233041432493
0.05,7651,-63,219270,28.655253528489283
0.05,7652,86,219356,28.662746635306416
0.05,7653,71,219427,28.66827802456232
0.05,7654,89,219516,28.67615937295885
0.05,7655,81,219597,28.682993730407524
0.05,7656,-141,219456,28.660833224500458
0.05,7657,84,219540,28.668059545573257
0.05,7658,-12,219528,28.662749706227967
0.05,7659,-107,219421,28.64503916449086
0.05,7660,69,219490,28.650306748466257
0.05,7661,-130,219360,28.629600626468285
0.05,7662,79,219439,28.636173822262823
0.05,7663,94,219533,28.644702505219207
0.05,7664,-72,219461,28.63157208088715
0.05,7665,34,219495,28.632272371510567
0.05,7666,80,219575,28.638972218599193
0.05,7667,16,219591,28.637323943661972
0.05,7668,76,219667,28.643499804407355
0.05,7669,-149,219518,28.620338983050846
0.05,7670,-42,219476,28.61113283796115
0.05,7671,91,219567,28.619264859228362
0.05,7672,-5,219562,28.61488335722664
0.05,7673,84,219646,28.622100599426634
0.05,7674,94,219740,28.630618892508142
0.05,7675,93,219833,28.639004689942677
0.05,7676,88,219921,28.64673700664322
0.05,7677,89,220010,28.65459755144569
0.05,7678,52,220062,28.65763771324391
0.05,7679,73,220135,28.663411458333332
0.05,7680,38,220173,28.664627001692487
0.05,7681,30,220203,28.664800833116377
0.05,7682,53,220256,28.667968241572304
0.05,7683,65,220321,28.672696512233212
0.05,7684,75,220396,28.678724788549122
0.05,7685,91,220487,28.686833203226644
0.05,7686,-65,220422,28.674645505398725
0.05,7687,-9,220413,28.66974505723205
0.05,7688,91,220504,28.677851476134737
0.05,7689,16,220520,28.676202860858258
0.05,7690,-55,220465,28.665323104927836
0.05,7691,93,220558,28.6736869474779
0.05,7692,6,220564,28.67073963343299
0.05,7693,26,220590,28.670392513647
0.05,7694,32,220622,28.670825211176087
0.05,7695,75,220697,28.676845114345113
0.05,7696,-207,220490,28.64622580226062
0.05,7697,81,220571,28.653026760197452
0.05,7698,80,220651,28.65969606442395
0.05,7699,88,220739,28.667402597402596
0.05,7700,83,220822,28.674457862615245
0.05,7701,24,220846,28.673850947805764
0.05,7702,-10,220836,28.668830325847072
0.05,7703,72,220908,28.674454828660437
0.05,7704,-34,220874,28.666320571057756
0.05,7705,11,220885,28.66402803010641
0.05,7706,-22,220863,28.657454262358893
0.05,7707,87,220950,28.66502335236118
0.05,7708,61,221011,28.669217797379687
0.05,7709,75,221086,28.675226977950715
0.05,7710,85,221171,28.68253144857995
0.05,7711,79,221250,28.68905601659751
0.05,7712,76,221326,28.69518993906392
0.05,7713,94,221420,28.703655690951518
0.05,7714,-68,221352,28.69112119248218
0.05,7715,85,221437,28.69841886988077
0.05,7716,56,221493,28.701956718932227
0.05,7717,87,221580,28.709510235812388
0.05,7718,68,221648,28.714600336831197
0.05,7719,-261,221387,28.677072538860102
0.05,7720,-37,221350,28.66856624789535
0.05,7721,-228,221122,28.635327635327634
0.05,7722,60,221182,28.63938883853425
0.05,7723,87,221269,28.64694458829622
0.05,7724,82,221351,28.653851132686086
0.05,7725,30,221381,28.654025368884287
0.05,7726,46,221427,28.656270221301927
0.05,7727,-101,221326,28.639492753623188
0.05,7728,51,221377,28.642385819640317
0.05,7729,90,221467,28.650323415265202
0.05,7730,84,221551,28.657482861208123
0.05,7731,-156,221395,28.633600620796688
0.05,7732,-16,221379,28.627828785723523
0.05,7733,85,221464,28.635117662270495
0.05,7734,69,221533,28.640336134453783
0.05,7735,75,221608,28.646328852119957
0.05,7736,-143,221465,28.624143724957992
0.05,7737,-247,221218,28.58852416645128
0.05,7738,-51,221167,28.578240082698024
0.05,7739,88,221255,28.585917312661497
0.05,7740,92,221347,28.594109288205658
0.05,7741,24,221371,28.593515887367605
0.05,7742,87,221458,28.601059021051274
0.05,7743,92,221550,28.609245867768596
0.05,7744,23,221573,28.608521626856035
0.05,7745,89,221662,28.616318099664344
0.05,7746,90,221752,28.624241641925906
0.05,7747,93,221845,28.63255033557047
0.05,7748,88,221933,28.64021164021164
0.05,7749,23,221956,28.63948387096774
0.05,7750,-106,221850,28.62211327570636
0.05,7751,72,221922,28.627708978328172
0.05,7752,80,222002,28.634335096091835
0.05,7753,12,222014,28.632189837503223
0.05,7754,83,222097,28.63920051579626
0.05,7755,-2,222095,28.63525012893244
0.05,7756,84,222179,28.64238752094882
0.05,7757,59,222238,28.646300592936324
0.05,7758,-89,222149,28.63113803325171
0.05,7759,77,222226,28.63737113402062
0.05,7760,58,222284,28.641154490400723
0.05,7761,84,222368,28.64828652409173
0.05,7762,52,222420,28.651294602602086
0.05,7763,45,222465,28.65340030911901
0.05,7764,80,222545,28.660012878300066
0.05,7765,-147,222398,28.637393767705383
0.05,7766,91,222489,28.64542294322132
0.05,7767,10,222499,28.643022657054583
0.05,7768,-39,222460,28.63431587076844
0.05,7769,77,222537,28.64054054054054
0.05,7770,82,222619,28.647407026122764
0.05,7771,67,222686,28.652341739577974
0.05,7772,18,222704,28.650971310948155
0.05,7773,93,222797,28.659248777977876
0.05,7774,80,222877,28.665852090032153
0.05,7775,-77,222800,28.652263374485596
0.05,7776,-12,222788,28.647036132184645
0.05,7777,17,222805,28.645538698894317
0.05,7778,46,222851,28.647769636200024
0.05,7779,81,222932,28.654498714652956
0.05,7780,91,223023,28.662511245341214
0.05,7781,-143,222880,28.640452325880236
0.05,7782,93,222973,28.648721572658356
0.05,7783,94,223067,28.657117163412128
0.05,7784,40,223107,28.658574181117533
0.05,7785,41,223148,28.660159260210634
0.05,7786,49,223197,28.66277128547579
0.05,7787,89,223286,28.670518746789934
0.05,7788,55,223341,28.673899088458082
0.05,7789,-113,223228,28.655712451861362
0.05,7790,92,223320,28.663842895648827
0.05,7791,38,223358,28.665041067761805
0.05,7792,86,223444,28.672398306172205
0.05,7793,42,223486,28.674108288426996
0.05,7794,-6,223480,28.66966003848621
0.05,7795,-18,223462,28.663673678809644
0.05,7796,22,223484,28.662819032961394
0.05,7797,88,223572,28.670428314952552
0.05,7798,74,223646,28.676240543659443
0.05,7799,-53,223593,28.665769230769232
0.05,7800,64,223657,28.670298679656455
0.05,7801,89,223746,28.6780312740323
0.05,7802,80,223826,28.684608483916442
0.05,7803,68,223894,28.68964633521271
0.05,7804,0,223894,28.685970531710442
0.05,7805,-53,223841,28.67550602100948
0.05,7806,27,223868,28.675291405149224
0.05,7807,84,223952,28.682377049180328
0.05,7808,89,224041,28.690101165322066
0.05,7809,24,224065,28.689500640204866
0.05,7810,94,224159,28.697861989501984
0.05,7811,-13,224146,28.69252432155658
0.05,7812,90,224236,28.70037117624472
0.05,7813,37,224273,28.701433324801638
0.05,7814,68,224341,28.706461932181703
0.05,7815,50,224391,28.709186284544526
0.05,7816,87,224478,28.71664321350902
0.05,7817,-57,224421,28.705679201841903
0.05,7818,-6,224415,28.701240567847552
0.05,7819,91,224506,28.70920716112532
0.05,7820,-32,224474,28.701444828027107
0.05,7821,-81,224393,28.68742009716185
0.05,7822,-94,224299,28.67173718522306
0.05,7823,66,224365,28.6765081799591
0.05,7824,-268,224097,28.63859424920128
0.05,7825,94,224191,28.646946077178637
0.05,7826,-35,224156,28.638814360546824
0.05,7827,93,224249,28.64703628002044
0.05,7828,82,224331,28.653851066547453
0.05,7829,93,224424,28.662068965517243
0.05,7830,79,224503,28.668496999106118
0.05,7831,9,224512,28.665985699693564
0.05,7832,-49,224463,28.656070471083876
0.05,7833,-29,224434,28.648710748021443
0.05,7834,17,224451,28.647223994894702
0.05,7835,94,224545,28.6555640632976
0.05,7836,88,224633,28.663136404236315
0.05,7837,-51,224582,28.65297269711661
0.05,7838,-100,224482,28.636560785814517
0.05,7839,35,224517,28.63737244897959
0.05,7840,94,224611,28.64570845555414
0.05,7841,-69,224542,28.633256822239225
0.05,7842,80,224622,28.63980619660844
0.05,7843,84,224706,28.64686384497705
0.05,7844,67,224773,28.651752708731678
0.05,7845,47,224820,28.65409125669131
0.05,7846,86,224906,28.661399260864023
0.05,7847,-23,224883,28.654816513761467
0.05,7848,-40,224843,28.646069563001657
0.05,7849,92,224935,28.654140127388533
0.05,7850,-75,224860,28.640937460196152
0.05,7851,93,224953,28.649133978604176
0.05,7852,-2,224951,28.645231121864256
0.05,7853,58,225009,28.64896867838044
0.05,7854,69,225078,28.65410566518141
0.05,7855,18,225096,28.65274949083503
0.05,7856,94,225190,28.661066564846635
0.05,7857,20,225210,28.659964367523543
0.05,7858,62,225272,28.66420664206642
0.05,7859,92,225364,28.67226463104326
0.05,7860,82,225446,28.679048467116143
0.05,7861,74,225520,28.684813024675655
0.05,7862,55,225575,28.688159735469924
0.05,7863,-113,225462,28.670142421159714
0.05,7864,85,225547,28.67730451366815
0.05,7865,48,225595,28.679760996694636
0.05,7866,79,225674,28.686157366213298
0.05,7867,-10,225664,28.681240467717338
0.05,7868,77,225741,28.687380861608844
0.05,7869,61,225802,28.69148665819568
0.05,7870,92,225894,28.699529919959346
0.05,7871,15,225909,28.697789634146343
0.05,7872,-140,225769,28.676362250730346
0.05,7873,85,225854,28.683515367030733
0.05,7874,56,225910,28.686984126984125
0.05,7875,-6,225904,28.68257998984256
0.05,7876,88,225992,28.690110448140153
0.05,7877,28,226020,28.69002284843869
0.05,7878,61,226081,28.694123619748698
0.05,7879,-85,225996,28.67969543147208
0.05,7880,8,226004,28.67707143763482
0.05,7881,90,226094,28.684851560517636
0.05,7882,77,226171,28.690980591145504
0.05,7883,59,226230,28.69482496194825
0.05,7884,91,226321,28.70272669625872
0.05,7885,77,226398,28.708851128582296
0.05,7886,2,226400,28.705464688728288
0.05,7887,34,226434,28.706135902636916
0.05,7888,43,226477,28.707947775383445
0.05,7889,-199,226278,28.67908745247148
0.05,7890,-4,226274,28.67494614117349
0.05,7891,57,226331,28.678535225544856
0.05,7892,50,226381,28.681236538705182
0.05,7893,66,226447,28.68596402330884
0.05,7894,92,226539,28.693983533882204
0.05,7895,94,226633,28.70225430597771
0.05,7896,73,226706,28.707863745726225
0.05,7897,-2,226704,28.703975690048114
0.05,7898,82,226786,28.710722876313458
0.05,7899,91,226877,28.71860759493671
0.05,7900,93,226970,28.726743450196178
0.05,7901,92,227062,28.73475069602632
0.05,7902,80,227142,28.741237504745033
0.05,7903,68,227210,28.746204453441294
0.05,7904,60,227270,28.750158127767236
0.05,7905,42,227312,28.75183405008854
0.05,7906,-54,227258,28.741368407739976
0.05,7907,76,227334,28.74734446130501
0.05,7908,80,227414,28.7538247566064
0.05,7909,14,227428,28.7519595448799
0.05,7910,87,227515,28.759322462394135
0.05,7911,25,227540,28.758847320525785
0.05,7912,-17,227523,28.753064577277897
0.05,7913,89,227612,28.76067728076826
0.05,7914,19,227631,28.759444093493368
0.05,7915,0,227631,28.755811015664477
0.05,7916,85,227716,28.762915245673867
0.05,7917,82,227798,28.76963879767618
0.05,7918,-24,227774,28.762975123121606
0.05,7919,-201,227573,28.733964646464646
0.05,7920,92,227665,28.741951773765937
0.05,7921,71,227736,28.74728603887907
0.05,7922,73,227809,28.752871387100846
0.05,7923,-233,227576,28.719838465421503
0.05,7924,9,227585,28.717350157728706
0.05,7925,75,227660,28.723189502901842
0.05,7926,-19,227641,28.71716916866406
0.05,7927,79,227720,28.72351160443996
0.05,7928,-196,227524,28.695169630470424
0.05,7929,85,227609,28.702269861286254
0.05,7930,3,227612,28.699029126213592
0.05,7931,49,227661,28.70158850226929
0.05,7932,91,227752,28.709441573175344
0.05,7933,60,227812,28.713385429795814
0.05,7934,79,227891,28.719722747321992
0.05,7935,74,227965,28.725428427419356
0.05,7936,30,227995,28.725589013481166
0.05,7937,91,228086,28.733434114386494
0.05,7938,90,228176,28.741151278498553
0.05,7939,84,228260,28.748110831234257
0.05,7940,31,228291,28.74839440876464
0.05,7941,85,228376,28.755477209770838
0.05,7942,70,228446,28.760669772126402
0.05,7943,-358,228088,28.711983887210472
0.05,7944,79,228167,28.718313404657017
0.05,7945,85,228252,28.725396425874653
0.05,7946,77,228329,28.731470995344154
0.05,7947,-19,228310,28.72546552591847
0.05,7948,54,228364,28.72864511259278
0.05,7949,92,228456,28.736603773584907
0.05,7950,-313,228143,28.693623443592
0.05,7951,43,228186,28.695422535211268
0.05,7952,74,228260,28.701119074563056
0.05,7953,53,228313,28.704174000502892
0.05,7954,68,228381,28.709113764927718
0.05,7955,93,228474,28.717194570135746
0.05,7956,92,228566,28.725147668719366
0.05,7957,40,228606,28.726564463433025
0.05,7958,5,228611,28.723583364744314
0.05,7959,62,228673,28.72776381909548
0.05,7960,79,228752,28.73407863333752
0.05,7961,94,228846,28.742275810097965
0.05,7962,91,228937,28.75009418560844
0.05,7963,62,228999,28.754269211451533
0.05,7964,94,229093,28.762460765850598
0.05,7965,-154,228939,28.739517951292996
0.05,7966,87,229026,28.746830676540732
0.05,7967,89,229115,28.754392570281123
0.05,7968,84,229199,28.761325134897728
0.05,7969,83,229282,28.768130489335007
0.05,7970,54,229336,28.771295947810813
0.05,7971,40,229376,28.772704465629705
0.05,7972,42,229418,28.774363476733978
0.05,7973,69,229487,28.779408076247805
0.05,7974,-20,229467,28.773291536050156
0.05,7975,67,229534,28.778084252758276
0.05,7976,72,229606,28.78350256988843
0.05,7977,23,229629,28.78277763850589
0.05,7978,48,229677,28.785186113548065
0.05,7979,-64,229613,28.773558897243106
0.05,7980,39,229652,28.77484024558326
0.05,7981,-107,229545,28.75783011776497
0.05,7982,15,229560,28.75610672679444
0.05,7983,-19,229541,28.750125250501004
0.05,7984,85,229626,28.757169693174703
0.05,7985,27,229653,28.75694966190834
0.05,7986,10,229663,28.754601226993866
0.05,7987,63,229726,28.75888833249875
0.05,7988,54,229780,28.76204781574665
0.05,7989,67,229847,28.766833541927408
0.05,7990,24,229871,28.766237016643725
0.05,7991,44,229915,28.768143143143142
0.05,7992,87,230002,28.775428499937444
0.05,7993,66,230068,28.78008506379785
0.05,7994,32,230100,28.78048780487805
0.05,7995,-97,230003,28.764757378689346
0.05,7996,56,230059,28.76816306114793
0.05,7997,-29,230030,28.760940235058765
0.05,7998,93,230123,28.768971121390173
0.05,7999,86,230209,28.776125
0.05,8000,89,230298,28.783652043494563
0.05,8001,10,230308,28.781304673831542
0.05,8002,53,230361,28.78433087592153
0.05,8003,94,230455,28.79247876061969
0.05,8004,-15,230440,28.787008119925048
0.05,8005,-30,230410,28.779665251061704
0.05,8006,88,230498,28.787061321343824
0.05,8007,-5,230493,28.782842157842158
0.05,8008,-19,230474,28.776876014483705
0.05,8009,83,230557,28.783645443196004
0.05,8010,76,230633,28.789539383347897
0.05,8011,21,230654,28.788567149276087
0.05,8012,38,230692,28.789716710345687
0.05,8013,37,230729,28.790741202894935
0.05,8014,80,230809,28.797130380536494
0.05,8015,84,230893,28.804016966067863
0.05,8016,66,230959,28.80865660471498
0.05,8017,56,231015,28.812047892242454
0.05,8018,89,231104,28.819553560294302
0.05,8019,92,231196,28.827431421446384
0.05,8020,51,231247,28.830195736192493
0.05,8021,-127,231120,28.81077038145101
0.05,8022,-25,231095,28.804063317960864
0.05,8023,-29,231066,28.796859421734794
0.05,8024,-33,231033,28.789158878504672
0.05,8025,-200,230833,28.760652878146026
0.05,8026,-108,230725,28.74361529836801
0.05,8027,-286,230439,28.70440956651719
0.05,8028,80,230519,28.710798355959646
0.05,8029,-20,230499,28.70473225404732
0.05,8030,87,230586,28.711991034740382
0.05,8031,-81,230505,28.69833167330677
0.05,8032,93,230598,28.70633636250467
0.05,8033,43,230641,28.708115509086383
0.05,8034,75,230716,28.713876789047916
0.05,8035,11,230727,28.711672473867594
0.05,8036,-67,230660,28.699763593380613
0.05,8037,91,230751,28.707514307041553
0.05,8038,-47,230704,28.698096778206246
0.05,8039,90,230794,28.705721393034825
0.05,8040,58,230852,28.709364506902126
0.05,8041,90,230942,28.716985824421787
0.05,8042,68,231010,28.721869949023997
0.05,8043,-363,230647,28.673172550969667
0.05,8044,33,230680,28.673710379117463
0.05,8045,77,230757,28.67971662938106
0.05,8046,77,230834,28.685721386852244
0.05,8047,-30,230804,28.678429423459246
0.05,8048,51,230855,28.68120263386756
0.05,8049,-27,230828,28.674285714285713
0.05,8050,-322,230506,28.63072910197491
0.05,8051,53,230559,28.633755588673623
0.05,8052,89,230648,28.641251707438222
0.05,8053,84,230732,28.648125155202383
0.05,8054,-12,230720,28.64307883302297
0.05,8055,67,230787,28.64784011916584
0.05,8056,93,230880,28.655827230979273
0.05,8057,94,230974,28.663936460660214
0.05,8058,68,231042,28.668817471150266
0.05,8059,68,231110,28.673697270471465
0.05,8060,88,231198,28.6810569408262
0.05,8061,14,231212,28.679235921607543
0.05,8062,9,231221,28.676795237504653
0.05,8063,-82,231139,28.663070436507937
0.05,8064,65,231204,28.667575945443275
0.05,8065,87,231291,28.674807835358294
0.05,8066,45,231336,28.676831535886947
0.05,8067,37,231373,28.677863163113535
0.05,8068,30,231403,28.67802701697856
0.05,8069,-70,231333,28.665799256505576
0.05,8070,77,231410,28.671787882542436
0.05,8071,92,231502,28.679633300297326
0.05,8072,10,231512,28.677319459928157
0.05,8073,-57,231455,28.666707951449094
0.05,8074,79,231534,28.672941176470587
0.05,8075,-57,231477,28.662332838038633
0.05,8076,93,231570,28.670298378110683
0.05,8077,52,231622,28.67318643228522
0.05,8078,50,231672,28.675826216115855
0.05,8079,90,231762,28.683415841584157
0.05,8080,77,231839,28.689394876871674
0.05,8081,83,231922,28.6961148230636
0.05,8082,57,231979,28.699616479030063
0.05,8083,-11,231968,28.69470559129144
0.05,8084,83,232051,28.701422387136674
0.05,8085,51,232102,28.70418006430868
0.05,8086,73,232175,28.709657474959812
0.05,8087,61,232236,28.71364985163205
0.05,8088,84,232320,28.7204846087279
0.05,8089,-2,232318,28.716687268232384
0.05,8090,84,232402,28.72351996044988
0.05,8091,66,232468,28.72812654473554
0.05,8092,89,232557,28.735573952798713
0.05,8093,-16,232541,28.730046948356808
0.05,8094,20,232561,28.728968499073503
0.05,8095,9,232570,28.72653162055336
0.05,8096,-108,232462,28.70964554773373
0.05,8097,-18,232444,28.703877500617438
0.05,8098,12,232456,28.70181503889369
0.05,8099,-81,232375,28.688271604938272
0.05,8100,60,232435,28.692136773237873
0.05,8101,24,232459,28.691557640088867
0.05,8102,67,232526,28.696285326422313
0.05,8103,85,232611,28.703232971372163
0.05,8104,-80,232531,28.6898210980876
0.05,8105,77,232608,28.695780903034787
0.05,8106,88,232696,28.70309608979894
0.05,8107,-102,232594,28.68697582634435
0.05,8108,93,232687,28.69490689357504
0.05,8109,71,232758,28.70012330456227
0.05,8110,-16,232742,28.694612254962397
0.05,8111,57,232799,28.69810157790927
0.05,8112,90,232889,28.705657586589425
0.05,8113,87,232976,28.712842001478926
0.05,8114,2,232978,28.70955021565003
0.05,8115,61,233039,28.713528831936916
0.05,8116,90,233129,28.721079216459284
0.05,8117,92,233221,28.728874106922888
0.05,8118,-10,233211,28.72410395368888
0.05,8119,-41,233170,28.71551724137931
0.05,8120,93,233263,28.723433074744488
0.05,8121,77,233340,28.729377000738733
0.05,8122,22,233362,28.728548565800814
0.05,8123,59,233421,28.732274741506647
0.05,8124,66,233487,28.73686153846154
0.05,8125,71,233558,28.742062515382724
0.05,8126,62,233620,28.74615479266642
0.05,8127,44,233664,28.748031496062993
0.05,8128,69,233733,28.75298314675852
0.05,8129,77,233810,28.75891758917589
0.05,8130,69,233879,28.763866683064812
0.05,8131,94,233973,28.77188883423512
0.05,8132,26,233999,28.77154801426288
0.05,8133,90,234089,28.779075485615934
0.05,8134,-5,234084,28.774923171481255
0.05,8135,63,234147,28.779129793510325
0.05,8136,-17,234130,28.773503748310187
0.05,8137,-79,234051,28.760260506266896
0.05,8138,85,234136,28.76717041405578
0.05,8139,81,234217,28.773587223587224
0.05,8140,80,234297,28.7798796216681
0.05,8141,86,234383,28.786907393760746
0.05,8142,-54,234329,28.776740758934054
0.05,8143,89,234418,28.784135559921413
0.05,8144,84,234502,28.790914671577656
0.05,8145,83,234585,28.797569359194696
0.05,8146,37,234622,28.798576163004785
0.05,8147,41,234663,28.800073637702504
0.05,8148,-62,234601,28.7889311571972
0.05,8149,-114,234487,28.771411042944784
0.05,8150,94,234581,28.779413568887254
0.05,8151,66,234647,28.783979391560354
0.05,8152,89,234736,28.791365141665644
0.05,8153,-11,234725,28.786485160657346
0.05,8154,91,234816,28.79411404046597
0.05,8155,-84,234732,28.780284453163315
0.05,8156,80,234812,28.786563687630256
0.05,8157,-237,234575,28.75398381956362
0.05,8158,82,234657,28.760509866405197
0.05,8159,3,234660,28.75735294117647
0.05,8160,28,234688,28.757260139688764
0.05,8161,59,234747,28.760965449644694
0.05,8162,-80,234667,28.747641798358448
0.05,8163,35,234702,28.748407643312103
0.05,8164,71,234773,28.753582363747704
0.05,8165,-75,234698,28.7408768062699
0.05,8166,36,234734,28.741765642218684
0.05,8167,75,234809,28.747428991185114
0.05,8168,41,234850,28.74892887746358
0.05,8169,69,234919,28.753855569155448
0.05,8170,-48,234871,28.74446212213927
0.05,8171,69,234940,28.7493881546745
0.05,8172,58,234998,28.752967086749052
0.05,8173,79,235077,28.759114264741864
0.05,8174,70,235147,28.764159021406726
0.05,8175,93,235240,28.7720156555773
0.05,8176,30,235270,28.772165830989362
0.05,8177,84,235354,28.77891905111274
0.05,8178,71,235425,28.78408118351877
0.05,8179,-72,235353,28.771760391198043
0.05,8180,87,235440,28.778877887788777
0.05,8181,57,235497,28.78232705939868
0.05,8182,90,235587,28.78980813882439
0.05,8183,89,235676,28.797165200391007
0.05,8184,-11,235665,28.79230299328039
0.05,8185,83,235748,28.79892499389201
0.05,8186,92,235840,28.80664468059118
0.05,8187,-6,235834,28.802393746946752
0.05,8188,66,235900,28.806936133838075
0.05,8189,-120,235780,28.78876678876679
0.05,8190,77,235857,28.79465266756196
0.05,8191,92,235949,28.8023681640625
0.05,8192,15,235964,28.800683510313682
0.05,8193,-37,235927,28.7926531608494
0.05,8194,91,236018,28.80024405125076
0.05,8195,90,236108,28.807711078574915
0.05,8196,20,236128,28.80663657435647
0.05,8197,94,236222,28.814588924127836
0.05,8198,-67,236155,28.802902793023538
0.05,8199,5,236160,28.8
0.05,8200,82,236242,28.806487013778806
0.05,8201,-57,236185,28.796025359668374
0.05,8202,-10,236175,28.791295867365598
0.05,8203,2,236177,28.788030229156508
0.05,8204,86,236263,28.79500304692261
0.05,8205,-14,236249,28.789787960029248
0.05,8206,20,236269,28.78871694894602
0.05,8207,86,236355,28.795687134502923
0.05,8208,82,236437,28.80216835180899
0.05,8209,47,236484,28.804384896467724
0.05,8210,70,236554,28.80940202167824
0.05,8211,21,236575,28.80845104724793
0.05,8212,24,236599,28.807865578960186
0.05,8213,-15,236584,28.802532261991722
0.05,8214,10,236594,28.800243457090687
0.05,8215,25,236619,28.799780915287243
0.05,8216,25,236644,28.799318486065474
0.05,8217,1,236645,28.795935750790946
0.05,8218,68,236713,28.800705681956444
0.05,8219,76,236789,28.806447688564475
0.05,8220,16,236805,28.804889916068603
0.05,8221,0,236805,28.801386523960108
0.05,8222,35,236840,28.80214033807613
0.05,8223,75,236915,28.807757782101167
0.05,8224,90,237005,28.815197568389056
0.05,8225,46,237051,28.817286652078774
0.05,8226,70,237121,28.82229245168348
0.05,8227,65,237186,28.826689353427323
0.05,8228,78,237264,28.832664965366387
0.05,8229,-8,237256,28.82818955042527
0.05,8230,-416,236840,28.77414651925647
0.05,8231,-75,236765,28.76154033041788
0.05,8232,79,236844,28.767642414672657
0.05,8233,12,236856,28.76560602380374
0.05,8234,83,236939,28.772191863995143
0.05,8235,-44,236895,28.76335599805731
0.05,8236,29,236924,28.763384727449314
0.05,8237,14,236938,28.761592619567857
0.05,8238,74,237012,28.767083383905813
0.05,8239,59,237071,28.770752427184465
0.05,8240,87,237158,28.777818225943452
0.05,8241,42,237200,28.779422470274206
0.05,8242,33,237233,28.779934489870193
0.05,8243,86,237319,28.78687530325085
0.05,8244,78,237397,28.792844147968466
0.05,8245,-421,236976,28.73829735629396
0.05,8246,89,237065,28.745604462228687
0.05,8247,92,237157,28.75327352085354
0.05,8248,94,237251,28.761183173718027
0.05,8249,86,237337,28.768121212121212
0.05,8250,-2,237335,28.764392194885467
0.05,8251,-14,237321,28.759209888511876
0.05,8252,-4,237317,28.755240518599297
0.05,8253,-38,237279,28.747152895565787
0.05,8254,87,237366,28.754209569957602
0.05,8255,82,237448,28.760658914728683
0.05,8256,34,237482,28.76129344798353
0.05,8257,11,237493,28.75914264955195
0.05,8258,61,237554,28.763046373652983
0.05,8259,-26,237528,28.756416464891043
0.05,8260,65,237593,28.76080377678247
0.05,8261,72,237665,28.766037279109174
0.05,8262,52,237717,28.768849086288274
0.05,8263,94,237811,28.776742497579864
0.05,8264,32,237843,28.777132486388386
0.05,8265,-64,237779,28.76590854101137
0.05,8266,90,237869,28.77331559211322
0.05,8267,-51,237818,28.763667150459604
0.05,8268,-8,237810,28.759221187568023
0.05,8269,17,237827,28.757799274486093
0.05,8270,-16,237811,28.75238786120179
0.05,8271,-26,237785,28.745768858800773
0.05,8272,2,237787,28.742535960352956
0.05,8273,-137,237650,28.722504230118442
0.05,8274,59,237709,28.726163141993958
0.05,8275,-104,237605,28.710125664572256
0.05,8276,-126,237479,28.691434094478677
0.05,8277,89,237568,28.698719497463156
0.05,8278,-101,237467,28.683053508877883
0.05,8279,41,237508,28.684541062801934
0.05,8280,59,237567,28.688201907982126
0.05,8281,86,237653,28.695121951219512
0.05,8282,91,237744,28.70264396957624
0.05,8283,30,237774,28.702800579430228
0.05,8284,84,237858,28.709474954737477
0.05,8285,91,237949,28.716992517499396
0.05,8286,89,238038,28.724266924097986
0.05,8287,58,238096,28.727799227799228
0.05,8288,12,238108,28.72578115574858
0.05,8289,85,238193,28.732569360675512
0.05,8290,84,238277,28.739235315402244
0.05,8291,70,238347,28.744211287988424
0.05,8292,87,238434,28.751235982153624
0.05,8293,14,238448,28.74945743911261
0.05,8294,-170,238278,28.725497287522604
0.05,8295,0,238278,28.722034715525556
0.05,8296,55,238333,28.725201880197663
0.05,8297,78,238411,28.73114003374307
0.05,8298,30,238441,28.731292926858657
0.05,8299,94,238535,28.739156626506023
0.05,8300,23,238558,28.738465245151186
0.05,8301,30,238588,28.738617200674536
0.05,8302,82,238670,28.745031916174877
0.05,8303,89,238759,28.752288053949904
0.05,8304,85,238844,28.759060806742927
0.05,8305,56,238900,28.762340476763786
0.05,8306,72,238972,28.767545443601783
0.05,8307,-59,238913,28.75698122291767
0.05,8308,-29,238884,28.75003008785654
0.05,8309,93,238977,28.757761732851986
0.05,8310,-62,238915,28.746841535314644
0.05,8311,-88,238827,28.73279595765159
0.05,8312,19,238846,28.731625165403585
0.05,8313,94,238940,28.73947558335338
0.05,8314,87,239027,28.746482260974144
0.05,8315,86,239113,28.753367003367003
0.05,8316,-23,239090,28.74714440302994
0.05,8317,69,239159,28.751983649915847
0.05,8318,-34,239125,28.74444043755259
0.05,8319,64,239189,28.748677884615386
0.05,8320,47,239236,28.750871289508474
0.05,8321,51,239287,28.753544820956503
0.05,8322,85,239372,28.76030277544155
0.05,8323,93,239465,28.768020182604516
0.05,8324,92,239557,28.775615615615617
0.05,8325,73,239630,28.780927215950037
0.05,8326,-8,239622,28.776510147712262
0.05,8327,-151,239471,28.754923150816524
0.05,8328,37,239508,28.755913074798894
0.05,8329,79,239587,28.761944777911165
0.05,8330,39,239626,28.76317368863282
0.05,8331,91,239717,28.77064330292847
0.05,8332,77,239794,28.77643105724229
0.05,8333,-11,239783,28.771658267338612
0.05,8334,16,239799,28.77012597480504
0.05,8335,91,239890,28.777591170825335
0.05,8336,-112,239778,28.760705289672543
0.05,8337,60,239838,28.764451906932116
0.05,8338,18,239856,28.76316105048567
0.05,8339,91,239947,28.77062350119904
0.05,8340,82,240029,28.777005155257164
0.05,8341,26,240055,28.776672260848716
0.05,8342,94,240149,28.784489991609732
0.05,8343,45,240194,28.786433365292424
0.05,8344,94,240288,28.794248052726182
0.05,8345,74,240362,28.799664509944883
0.05,8346,38,240400,28.80076674254223
0.05,8347,86,240486,28.807618591279347
0.05,8348,84,240570,28.81422924901186
0.05,8349,56,240626,28.81748502994012
0.05,8350,20,240646,28.816429170159264
0.05,8351,93,240739,28.82411398467433
0.05,8352,22,240761,28.823297019035078
0.05,8353,92,240853,28.830859468518074
0.05,8354,-20,240833,28.825014961101136
0.05,8355,80,240913,28.831139301101004
0.05,8356,72,240985,28.836304894100753
0.05,8357,-332,240653,28.793132328308207
0.05,8358,16,240669,28.791601866251945
0.05,8359,91,240760,28.79904306220096
0.05,8360,-234,240526,28.767611529721325
0.05,8361,92,240618,28.775173403491987
0.05,8362,3,240621,28.772091354776993
0.05,8363,42,240663,28.77367288378766
0.05,8364,52,240715,28.776449491930663
0.05,8365,-179,240536,28.751613674396367
0.05,8366,-39,240497,28.74351619457392
0.05,8367,92,240589,28.75107552581262
0.05,8368,79,240668,28.757079698888756
0.05,8369,92,240760,28.76463560334528
0.05,8370,53,240813,28.767530760960458
0.05,8371,89,240902,28.774725274725274
0.05,8372,73,240975,28.78000716589036
0.05,8373,83,241058,28.786481967996178
0.05,8374,19,241077,28.78531343283582
0.05,8375,34,241111,28.785936007640878
0.05,8376,71,241182,28.790975289483107
0.05,8377,81,241263,28.797206970637383
0.05,8378,57,241320,28.800572860723236
0.05,8379,64,241384,28.804773269689736
0.05,8380,63,241447,28.808853358787733
0.05,8381,94,241541,28.816630875685995
0.05,8382,88,241629,28.82369080281522
0.05,8383,85,241714,28.830391221374047
0.05,8384,29,241743,28.8304114490161
0.05,8385,63,241806,28.83448604817553
0.05,8386,-15,241791,28.829259568379634
0.05,8387,71,241862,28.83428707677635
0.05,8388,28,241890,28.83418762665395
0.05,8389,4,241894,28.83122765196663
0.05,8390,91,241985,28.838636634489333
0.05,8391,-48,241937,28.829480457578647
0.05,8392,46,241983,28.831526271893246
0.05,8393,-54,241929,28.8216583273767
0.05,8394,92,242021,28.829184038117926
0.05,8395,5,242026,28.826345878989994
0.05,8396,66,242092,28.830772895081576
0.05,8397,94,242186,28.83853298404382
0.05,8398,87,242273,28.845457792594356
0.05,8399,88,242361,28.8525
0.05,8400,23,242384,28.851803356743243
0.05,8401,25,242409,28.851344917876695
0.05,8402,-25,242384,28.844936332262286
0.05,8403,65,242449,28.849238457877203
0.05,8404,67,242516,28.85377751338489
0.05,8405,55,242571,28.85688793718772
0.05,8406,-103,242468,28.84120375877245
0.05,8407,87,242555,28.848120837297813
0.05,8408,88,242643,28.855155190866927
0.05,8409,49,242692,28.857550535077287
0.05,8410,75,242767,28.86303649982166
0.05,8411,20,242787,28.86198288159772
0.05,8412,77,242864,28.86770474266017
0.05,8413,94,242958,28.875445685761825
0.05,8414,94,243052,28.88318478906714
0.05,8415,50,243102,28.88569391634981
0.05,8416,-41,243061,28.877390994416064
0.05,8417,72,243133,28.882513661202186
0.05,8418,65,243198,28.886803658391734
0.05,8419,-146,243052,28.86603325415677
0.05,8420,84,243136,28.872580453627837
0.05,8421,68,243204,28.877226312039895
0.05,8422,-12,243192,28.872373263682775
0.05,8423,-21,243171,28.86645299145299
0.05,8424,79,243250,28.87240356083086
0.05,8425,-19,243231,28.866722050795158
0.05,8426,43,243274,28.868399193069894
0.05,8427,84,243358,28.874940673943996
0.05,8428,94,243452,28.88266698303476
0.05,8429,93,243545,28.890272835112693
0.05,8430,84,243629,28.896809393903453
0.05,8431,34,243663,28.897414611005694
0.05,8432,11,243674,28.89529230404364
0.05,8433,84,243758,28.901825942613232
0.05,8434,47,243805,28.903971547125074
0.05,8435,8,243813,28.90149359886202
0.05,8436,-46,243767,28.892615858717555
0.05,8437,58,243825,28.89606541834558
0.05,8438,-205,243620,28.868349330489394
0.05,8439,93,243713,28.875947867298578
0.05,8440,65,243778,28.88022746120128
0.05,8441,-124,243654,28.862117981520967
0.05,8442,49,243703,28.864503138694776
0.05,8443,-245,243458,28.832070108953104
0.05,8444,58,243516,28.83552397868561
0.05,8445,15,243531,28.833885863130476
0.05,8446,73,243604,28.839114478513082
0.05,8447,92,243696,28.84659090909091
0.05,8448,55,243751,28.849686353414604
0.05,8449,40,243791,28.851005917159764
0.05,8450,-111,243680,28.834457460655543
0.05,8451,-218,243462,28.805253194510176
0.05,8452,87,243549,28.812137702590796
0.05,8453,-188,243361,28.786491601608706
0.05,8454,68,243429,28.791129509166176
0.05,8455,10,243439,28.78890728476821
0.05,8456,83,243522,28.79531748847109
0.05,8457,89,243611,28.80243556396311
0.05,8458,-6,243605,28.798321314576192
0.05,8459,92,243697,28.80579196217494
0.05,8460,-11,243686,28.801087341921757
0.05,8461,89,243775,28.80820137083432
0.05,8462,89,243864,28.815313718539525
0.05,8463,-169,243695,28.791942344045367
0.05,8464,66,243761,28.796337861783815
0.05,8465,17,243778,28.794944483817623
0.05,8466,7,243785,28.792370379118932
0.05,8467,6,243791,28.789678790741615
0.05,8468,-25,243766,28.783327429448576
0.05,8469,93,243859,28.79090909090909
0.05,8470,-40,243819,28.782788336678077
0.05,8471,78,243897,28.788597733711047
0.05,8472,-109,243788,28.772335654431725
0.05,8473,-23,243765,28.76622610337503
0.05,8474,47,243812,28.768377581120944
0.05,8475,61,243873,28.772180273714017
0.05,8476,92,243965,28.779639023239355
0.05,8477,81,244046,28.785798537390892
0.05,8478,-34,244012,28.778393678499825
0.05,8479,-41,243971,28.77016509433962
0.05,8480,-16,243955,28.764886216248083
0.05,8481,-58,243897,28.75465692053761
0.05,8482,54,243951,28.757632912884592
0.05,8483,20,243971,28.756600660066006
0.05,8484,90,244061,28.763818503241012
0.05,8485,0,244061,28.760428941786472
0.05,8486,85,244146,28.767055496641923
0.05,8487,64,244210,28.77120640904807
0.05,8488,-83,244127,28.75803981623277
0.05,8489,94,244221,28.765724381625443
0.05,8490,85,244306,28.772347191143563
0.05,8491,90,244396,28.779557230334433
0.05,8492,67,244463,28.78405745908395
0.05,8493,38,244501,28.785142453496587
0.05,8494,89,244590,28.792230723955267
0.05,8495,88,244678,28.799199623352166
0.05,8496,24,244702,28.79863481228669
0.05,8497,-102,244600,28.7832431160273
0.05,8498,16,244616,28.781739028120956
0.05,8499,7,244623,28.779176470588236
0.05,8500,39,244662,28.78037877896718
0.05,8501,78,244740,28.786167960479887
0.05,8502,60,244800,28.789838880395155
0.05,8503,7,244807,28.78727657572907
0.05,8504,69,244876,28.792004703115815
0.05,8505,71,244947,28.79696684693158
0.05,8506,43,244990,28.7986364170683
0.05,8507,64,245054,28.80277385989657
0.05,8508,68,245122,28.80738042073099
0.05,8509,85,245207,28.813983548766156
0.05,8510,-33,245174,28.80672071436964
0.05,8511,71,245245,28.81167763157895
0.05,8512,94,245339,28.819335134500175
0.05,8513,26,245365,28.819003993422598
0.05,8514,32,245397,28.81937756899589
0.05,8515,81,245478,28.825504931892908
0.05,8516,26,245504,28.825173183045674
0.05,8517,78,245582,28.830946231509746
0.05,8518,94,245676,28.838596079352037
0.05,8519,-142,245534,28.818544600938967
0.05,8520,54,245588,28.821499823964324
0.05,8521,89,245677,28.828561370570288
0.05,8522,82,245759,28.834799953068167
0.05,8523,91,245850,28.842092914124823
0.05,8524,-26,245824,28.83565982404692
0.05,8525,-171,245653,28.81222144030026
0.05,8526,83,245736,28.818576287088074
0.05,8527,-56,245680,28.808630393996246
0.05,8528,86,245766,28.8153359127682
0.05,8529,-66,245700,28.804220398593202
0.05,8530,2,245702,28.801078419880437
0.05,8531,-37,245665,28.793366150961088
0.05,8532,86,245751,28.80007031524669
0.05,8533,89,245840,28.80712444340286
0.05,8534,90,245930,28.814294083186876
0.05,8535,91,246021,28.821579194001874
0.05,8536,66,246087,28.825934168911797
0.05,8537,94,246181,28.833567580229563
0.05,8538,-13,246168,28.82866846234922
0.05,8539,78,246246,28.834426229508196
0.05,8540,86,246332,28.84111930687273
0.05,8541,-9,246323,28.83668929992976
0.05,8542,89,246412,28.843731710172072
0.05,8543,93,246505,28.85124063670412
0.05,8544,31,246536,28.85149210064365
0.05,8545,73,246609,28.856658085654107
0.05,8546,72,246681,28.86170586170586
0.05,8547,15,246696,28.860084230229294
0.05,8548,-63,246633,28.849339103988772
0.05,8549,35,246668,28.850058479532162
0.05,8550,91,246759,28.857326628464506
0.05,8551,15,246774,28.855706267539755
0.05,8552,71,246845,28.86063369577926
0.05,8553,72,246917,28.865676876315174
0.05,8554,82,246999,28.8718877849211
0.05,8555,89,247088,28.87891538101917
0.05,8556,-58,247030,28.868762416734835
0.05,8557,11,247041,28.86667445664875
0.05,8558,50,247091,28.869143591541068
0.05,8559,86,247177,28.875817757009347
0.05,8560,67,247244,28.88027099637893
0.05,8561,78,247322,28.88600794206961
0.05,8562,46,247368,28.888006539764103
0.05,8563,51,247419,28.890588510042036
0.05,8564,83,247502,28.896906012842965
0.05,8565,78,247580,28.902638337613823
0.05,8566,93,247673,28.910120228784873
0.05,8567,67,247740,28.91456582633053
0.05,8568,61,247801,28.91831018788657
0.05,8569,-71,247730,28.906651108518087
0.05,8570,91,247821,28.91389569478474
0.05,8571,23,247844,28.913205786280916
0.05,8572,41,247885,28.914615653796805
0.05,8573,58,247943,28.918007930954047
0.05,8574,93,248036,28.92548104956268
0.05,8575,10,248046,28.923274253731343
0.05,8576,-16,248030,28.918036609537133
0.05,8577,45,248075,28.919911401259036
0.05,8578,92,248167,28.92726424991258
0.05,8579,74,248241,28.932517482517483
0.05,8580,30,248271,28.932641883230392
0.05,8581,-5,248266,28.928687951526452
0.05,8582,59,248325,28.932191541419083
0.05,8583,43,248368,28.933830382106244
0.05,8584,8,248376,28.931391962725684
0.05,8585,-271,248105,28.896459352434196
0.05,8586,63,248168,28.90043088389426
0.05,8587,85,248253,28.906963204471356
0.05,8588,27,248280,28.90674118057981
0.05,8589,91,248371,28.913969732246798
0.05,8590,70,248441,28.918752182516588
0.05,8591,92,248533,28.926094040968344
0.05,8592,44,248577,28.92784824857442
0.05,8593,91,248668,28.935070979753316
0.05,8594,74,248742,28.940314136125654
0.05,8595,49,248791,28.94264774313634
0.05,8596,92,248883,28.94998255205304
0.05,8597,9,248892,28.947662247034195
0.05,8598,-173,248719,28.924177229910455
0.05,8599,84,248803,28.930581395348838
0.05,8600,-233,248570,28.90012789210557
0.05,8601,89,248659,28.90711462450593
0.05,8602,87,248746,28.91386725560851
0.05,8603,85,248831,28.920385867038586
0.05,8604,71,248902,28.92527600232423
0.05,8605,94,248996,28.93283755519405
0.05,8606,-2,248994,28.92924363889857
0.05,8607,43,249037,28.930878252788105
0.05,8608,-126,248911,28.912881867812754
0.05,8609,8,248919,28.910452961672473
0.05,8610,92,249011,28.9177795842527
0.05,8611,42,249053,28.919298653042265
0.05,8612,93,249146,28.926738650876583
0.05,8613,55,249201,28.92976549802647
0.05,8614,87,249288,28.936506094022054
0.05,8615,-65,249223,28.925603528319407
0.05,8616,93,249316,28.93303934083788
0.05,8617,78,249394,28.938732884660013
0.05,8618,69,249463,28.94338090265692
0.05,8619,77,249540,28.948955916473317
0.05,8620,79,249619,28.95476162858137
0.05,8621,56,249675,28.957898399443284
0.05,8622,16,249691,28.956395685956164
0.05,8623,79,249770,28.962198515769945
0.05,8624,34,249804,28.96278260869565
0.05,8625,19,249823,28.961627637375376
0.05,8626,42,249865,28.963138982264983
0.05,8627,8,249873,28.960709318497912
0.05,8628,79,249952,28.966508286012285
0.05,8629,-192,249760,28.94090382387022
0.05,8630,93,249853,28.948325802340403
0.05,8631,82,249935,28.95447173308619
0.05,8632,74,250009,28.959689563303602
0.05,8633,46,250055,28.961663192031505
0.05,8634,14,250069,28.959930515344528
0.05,8635,89,250158,28.966882816118574
0.05,8636,29,250187,28.966886650457333
0.05,8637,39,250226,28.968048159296135
0.05,8638,91,250317,28.975228614422967
0.05,8639,94,250411,28.98275462962963
0.05,8640,24,250435,28.98217798865872
0.05,8641,62,250497,28.98599861143254
0.05,8642,24,250521,28.98542172856647
0.05,8643,29,250550,28.98542341508561
0.05,8644,88,250638,28.99224985540775
0.05,8645,94,250732,28.99976867915799
0.05,8646,-80,250652,28.987163177980804
0.05,8647,35,250687,28.98785846438483
0.05,8648,85,250772,28.994334605156666
0.05,8649,16,250788,28.992832369942196
0.05,8650,86,250874,28.999422032135012
0.05,8651,46,250920,29.00138696255201
0.05,8652,88,251008,29.008205246735237
0.05,8653,93,251101,29.015599722671595
0.05,8654,94,251195,29.02310803004044
0.05,8655,87,251282,29.029805914972272
0.05,8656,56,251338,29.032921335335566
0.05,8657,89,251427,29.03984753984754
0.05,8658,53,251480,29.042614620625937
0.05,8659,68,251548,29.047113163972288
0.05,8660,-34,251514,29.039833737443715
0.05,8661,16,251530,29.038328330639576
0.05,8662,90,251620,29.045365346877524
0.05,8663,27,251647,29.045129270544784
0.05,8664,12,251659,29.043162146566647
0.05,8665,-35,251624,29.03577198246019
0.05,8666,-59,251565,29.025614399446177
0.05,8667,27,251592,29.0253807106599
0.05,8668,88,251680,29.032183642865384
0.05,8669,19,251699,29.031026528258362
0.05,8670,91,251790,29.038173221081767
0.05,8671,-10,251780,29.03367158671587
0.05,8672,60,251840,29.037242015450246
0.05,8673,43,251883,29.03885174083468
0.05,8674,70,251953,29.0435734870317
0.05,8675,27,251980,29.04333794375288
0.05,8676,94,252074,29.050824017517574
0.05,8677,-12,252062,29.046093569946994
0.05,8678,58,252120,29.049429657794676
0.05,8679,88,252208,29.05622119815668
0.05,8680,93,252301,29.06358714433821
0.05,8681,79,252380,29.06933886201336
0.05,8682,49,252429,29.07163422780145
0.05,8683,94,252523,29.079111008751727
0.05,8684,88,252611,29.085895221646517
0.05,8685,88,252699,29.092677872438408
0.05,8686,-8,252691,29.088407965926095
0.05,8687,-207,252484,29.061233885819522
0.05,8688,53,252537,29.063988951547934
0.05,8689,18,252555,29.06271576524741
0.05,8690,66,252621,29.066965826717293
0.05,8691,-5,252616,29.0630464795214
0.05,8692,44,252660,29.06476475324974
0.05,8693,-12,252648,29.060041407867494
0.05,8694,59,252707,29.063484761357103
0.05,8695,31,252738,29.063707451701934
0.05,8696,-107,252631,29.048062550304703
0.05,8697,25,252656,29.04759714876983
0.05,8698,88,252744,29.054374065984597
0.05,8699,83,252827,29.060574712643678
0.05,8700,-19,252808,29.05505114354672
0.05,8701,1,252809,29.051827166168696
0.05,8702,-63,252746,29.041250143628634
0.05,8703,13,252759,29.03940716911765
0.05,8704,-178,252581,29.015623205054567
0.05,8705,-6,252575,29.01160119457845
0.05,8706,72,252647,29.01653841736534
0.05,8707,60,252707,29.020096463022508
0.05,8708,88,252795,29.026868756458835
0.05,8709,-78,252717,29.014580941446614
0.05,8710,-134,252583,28.995867294225693
0.05,8711,63,252646,28.999770431588612
0.05,8712,-2,252644,28.996212555950876
0.05,8713,91,252735,29.003327977966492
0.05,8714,92,252827,29.01055651176133
0.05,8715,-126,252701,28.992771913721892
0.05,8716,77,252778,28.998279224503843
0.05,8717,76,252854,29.003670566643727
0.05,8718,-20,252834,28.998050235118708
0.05,8719,85,252919,29.00447247706422
0.05,8720,-46,252873,28.995872033023737
0.05,8721,50,252923,28.99828021096079
0.05,8722,21,252944,28.99736329244526
0.05,8723,41,252985,28.99873911049977
0.05,8724,38,253023,28.999770773638968
0.05,8725,24,253047,28.99919779967912
0.05,8726,77,253124,29.00469806348115
0.05,8727,87,253211,29.01134280476627
0.05,8728,91,253302,29.018444266238973
0.05,8729,77,253379,29.023940435280643
0.05,8730,52,253431,29.026571984881457
0.05,8731,39,253470,29.0277141548328
0.05,8732,83,253553,29.033894423451276
0.05,8733,-8,253545,29.02965422486833
0.05,8734,54,253599,29.03251287922152
0.05,8735,87,253686,29.03914835164835
0.05,8736,32,253718,29.039487238182442
0.05,8737,-73,253645,29.02780956740673
0.05,8738,46,253691,29.029751687836136
0.05,8739,-120,253571,29.01270022883295
0.05,8740,-16,253555,29.007550623498457
0.05,8741,24,253579,29.006977808281857
0.05,8742,84,253663,29.013267757062792
0.05,8743,84,253747,29.01955626715462
0.05,8744,59,253806,29.022984562607203
0.05,8745,16,253822,29.02149554081866
0.05,8746,94,253916,29.02892420258374
0.05,8747,13,253929,29.027091906721537
0.05,8748,84,254013,29.0333752428849
0.05,8749,87,254100,29.04
0.05,8750,-44,254056,29.031653525311395
0.05,8751,28,254084,29.031535648994517
0.05,8752,46,254130,29.03347423740432
0.05,8753,53,254183,29.03621201736349
0.05,8754,78,254261,29.041804683038265
0.05,8755,66,254327,29.046025582457744
0.05,8756,53,254380,29.048760991207036
0.05,8757,50,254430,29.051153231331355
0.05,8758,4,254434,29.048293184153444
0.05,8759,83,254517,29.05445205479452
0.05,8760,83,254600,29.06060951946125
0.05,8761,70,254670,29.06528189910979
0.05,8762,17,254687,29.063905055346343
0.05,8763,57,254744,29.06709265175719
0.05,8764,62,254806,29.070849971477468
0.05,8765,94,254900,29.078256901665526
0.05,8766,-70,254830,29.066955629063532
0.05,8767,24,254854,29.066377737226276
0.05,8768,-27,254827,29.05998403466758
0.05,8769,-29,254798,29.053363740022807
0.05,8770,78,254876,29.0589442480903
0.05,8771,77,254953,29.064409484724123
0.05,8772,15,254968,29.06280633762681
0.05,8773,48,255016,29.064964668338273
0.05,8774,-133,254883,29.046495726495728
0.05,8775,46,254929,29.048427529626252
0.05,8776,86,255015,29.054916258402642
0.05,8777,-86,254929,29.04180906812486
0.05,8778,84,255013,29.04806925617952
0.05,8779,48,255061,29.050227790432803
0.05,8780,-33,255028,29.04316137114224
0.05,8781,13,255041,29.041334547938966
0.05,8782,94,255135,29.04873050210634
0.05,8783,13,255148,29.046903460837886
0.05,8784,54,255202,29.04974388161639
0.05,8785,2,255204,29.046665149100843
0.05,8786,62,255266,29.050415386366222
0.05,8787,78,255344,29.05598543468366
0.05,8788,80,255424,29.061781772670383
0.05,8789,-73,255351,29.050170648464164
0.05,8790,28,255379,29.05005118871573
0.05,8791,-9,255370,29.04572338489536
0.05,8792,47,255417,29.04776526782668
0.05,8793,-2,255415,29.04423470548101
0.05,8794,91,255506,29.051279135872655
0.05,8795,83,255589,29.057412460209186
0.05,8796,54,255643,29.060247811754007
0.05,8797,89,255732,29.06706069561264
0.05,8798,36,255768,29.067848619161268
0.05,8799,15,255783,29.06625
0.05,8800,81,255864,29.072150891944098
0.05,8801,93,255957,29.079413769597817
0.05,8802,-22,255935,29.073611268885607
0.05,8803,-31,255904,29.066787823716492
0.05,8804,-46,255858,29.058262350936968
0.05,8805,82,255940,29.064274358392005
0.05,8806,-18,255922,29.05893039627569
0.05,8807,51,255973,29.06142143505904
0.05,8808,-89,255884,29.048019071404244
0.05,8809,-116,255768,29.03155505107832
0.05,8810,88,255856,29.03824764498922
0.05,8811,94,255950,29.04561960962324
0.05,8812,65,256015,29.04969930784069
0.05,8813,38,256053,29.05071477195371
0.05,8814,38,256091,29.051730005672148
0.05,8815,6,256097,29.049115245009073
0.05,8816,83,256180,29.05523420664625
0.05,8817,-66,256114,29.044454524835565
0.05,8818,-6,256108,29.0404807801338
0.05,8819,83,256191,29.046598639455784
0.05,8820,93,256284,29.05384876998073
0.05,8821,13,256297,29.052029018363182
0.05,8822,67,256364,29.056330046469455
0.05,8823,-66,256298,29.04555757026292
0.05,8824,41,256339,29.046912181303117
0.05,8825,93,256432,29.054158169046
0.05,8826,64,256496,29.058117140591367
0.05,8827,-33,256463,29.051087449025825
0.05,8828,47,256510,29.053120398686147
0.05,8829,73,256583,29.05809739524349
0.05,8830,70,256653,29.062733552259086
0.05,8831,19,256672,29.06159420289855
0.05,8832,94,256766,29.06894599796219
0.05,8833,-8,256758,29.064749830201496
0.05,8834,2,256760,29.06168647425014
0.05,8835,-293,256467,29.025237664101404
0.05,8836,94,256561,29.03259024555845
0.05,8837,87,256648,29.039149128762162
0.05,8838,74,256722,29.04423577327752
0.05,8839,68,256790,29.04864253393665
0.05,8840,92,256882,29.055762922746297
0.05,8841,-40,256842,29.047952951820854
0.05,8842,70,256912,29.052583964717854
0.05,8843,76,256988,29.05789235639982
0.05,8844,55,257043,29.060825325042398
0.05,8845,73,257116,29.065792448564324
0.05,8846,59,257175,29.06917599186165
0.05,8847,82,257257,29.0751582278481
0.05,8848,90,257347,29.08204316871963
0.05,8849,-213,257134,29.054689265536723
0.05,8850,82,257216,29.060671110608972
0.05,8851,-47,257169,29.052078626299142
0.05,8852,85,257254,29.058398283067888
0.05,8853,-77,257177,29.04641969731195
0.05,8854,4,257181,29.043591191417278
0.05,8855,-20,257161,29.03805329719964
0.05,8856,91,257252,29.04504911369538
0.05,8857,78,257330,29.0505757507338
0.05,8858,90,257420,29.057455694773676
0.05,8859,86,257506,29.063882618510156
0.05,8860,6,257512,29.061279765263514
0.05,8861,-68,257444,29.0503272399007
0.05,8862,40,257484,29.051562676294708
0.05,8863,7,257491,29.049074909747294
0.05,8864,-71,257420,29.037789058093626
0.05,8865,-83,257337,29.02515226708775
0.05,8866,86,257423,29.031577760234576
0.05,8867,49,257472,29.03382949932341
0.05,8868,75,257547,29.039012289998873
0.05,8869,89,257636,29.045772266065388
0.05,8870,81,257717,29.051628903167625
0.05,8871,-90,257627,29.038210099188458
0.05,8872,-21,257606,29.03257072016229
0.05,8873,-99,257507,29.018142889339643
0.05,8874,6,257513,29.015549295774647
0.05,8875,-78,257435,29.003492564218117
0.05,8876,-68,257367,28.992565055762082
0.05,8877,34,257401,28.99312908312683
0.05,8878,-59,257342,28.983218830949433
0.05,8879,82,257424,28.98918918918919
0.05,8880,72,257496,28.994032203580677
0.05,8881,90,257586,29.000900698040983
0.05,8882,94,257680,29.008217944388157
0.05,8883,92,257772,29.0153084196308
0.05,8884,92,257864,29.022397298818234
0.05,8885,87,257951,29.028921899617377
0.05,8886,60,258011,29.032406886463374
0.05,8887,94,258105,29.039716471647164
0.05,8888,36,258141,29.04049949375633
0.05,8889,94,258235,29.047806524184477
0.05,8890,-191,258044,29.02305702395681
0.05,8891,-382,257662,28.976833108412055
0.05,8892,89,257751,28.983582593050713
0.05,8893,-44,257707,28.975376658421407
0.05,8894,22,257729,28.97459246767847
0.05,8895,56,257785,28.977630395683452
0.05,8896,44,257829,28.979318871529728
0.05,8897,3,257832,28.9763991908294
0.05,8898,72,257904,28.981233846499606
0.05,8899,61,257965,28.984831460674158
0.05,8900,80,258045,28.990562858105832
0.05,8901,57,258102,28.99370927881375
0.05,8902,93,258195,29.000898573514547
0.05,8903,85,258280,29.007187780772686
0.05,8904,81,258361,29.013026389668724
0.05,8905,88,258449,29.019649674376826
0.05,8906,-67,258382,29.008869428539352
0.05,8907,4,258386,29.00606196677144
0.05,8908,75,258461,29.011224604332696
0.05,8909,82,258543,29.017171717171717
0.05,8910,-32,258511,29.010324318258334
0.05,8911,57,258568,29.01346499102334
0.05,8912,51,258619,29.015931785033096
0.05,8913,-154,258465,28.995400493605565
0.05,8914,88,258553,29.002019068984858
0.05,8915,-246,258307,28.971175414984298
0.05,8916,74,258381,28.976225187843443
0.05,8917,79,258460,28.981834492038573
0.05,8918,-47,258413,28.973315394102478
0.05,8919,46,258459,28.975224215246637
0.05,8920,71,258530,28.979934984867167
0.05,8921,66,258596,28.98408428603452
0.05,8922,67,258663,28.988344727109716
0.05,8923,94,258757,28.99562976243837
0.05,8924,91,258848,29.002577030812326
0.05,8925,81,258929,29.00840241989693
0.05,8926,82,259011,29.01433852358015
0.05,8927,-103,258908,28.999551971326166
0.05,8928,87,258995,29.006047709709932
0.05,8929,89,259084,29.01276595744681
0.05,8930,90,259174,29.019594670249692
0.05,8931,6,259180,29.01701746529333
0.05,8932,63,259243,29.020821672450463
0.05,8933,85,259328,29.027087530781284
0.05,8934,52,259380,29.029658645775044
0.05,8935,48,259428,29.031781557743958
0.05,8936,75,259503,29.036925142665325
0.05,8937,24,259527,29.03636160214813
0.05,8938,11,259538,29.034343886340753
0.05,8939,54,259592,29.037136465324384
0.05,8940,79,259671,29.04272452745778
0.05,8941,9,259680,29.04048311339745
0.05,8942,-7,259673,29.036453091803644
0.05,8943,-149,259524,29.01654740608229
0.05,8944,-114,259410,29.000558971492453
0.05,8945,87,259497,29.007042253521128
0.05,8946,56,259553,29.01005923773332
0.05,8947,61,259614,29.013634331694234
0.05,8948,80,259694,29.01933176891273
0.05,8949,-11,259683,29.014860335195532
0.05,8950,-42,259641,29.006926600379845
0.05,8951,3,259644,29.00402144772118
0.05,8952,33,259677,29.004467776164415
0.05,8953,94,259771,29.011726602635694
0.05,8954,3,259774,29.00882188721385
0.05,8955,27,259801,29.00859758820902
0.05,8956,-21,259780,29.003014402143574
0.05,8957,61,259841,29.00658629158294
0.05,8958,3,259844,29.00368344681326
0.05,8959,48,259892,29.005803571428572
0.05,8960,46,259938,29.007700033478407
0.05,8961,-49,259889,28.99899575987503
0.05,8962,58,259947,29.002231395738033
0.05,8963,62,260009,29.00591253904507
0.05,8964,76,260085,29.0111544896821
0.05,8965,79,260164,29.016729868391703
0.05,8966,5,260169,29.014051522248245
0.05,8967,92,260261,29.021074933095452
0.05,8968,-75,260186,29.00947708774668
0.05,8969,-278,259908,28.975250836120402
0.05,8970,92,260000,28.982276223386467
0.05,8971,33,260033,28.98272403031654
0.05,8972,50,260083,28.985066310041233
0.05,8973,89,260172,28.99175395587252
0.05,8974,-123,260049,28.97481894150418
0.05,8975,94,260143,28.982063279857396
0.05,8976,73,260216,28.986966692659017
0.05,8977,25,260241,28.986522610826466
0.05,8978,38,260279,28.98752645060697
0.05,8979,77,260356,28.992873051224944
0.05,8980,44,260400,28.994544037412314
0.05,8981,90,260490,29.001336005344022
0.05,8982,81,260571,29.007124568629635
0.05,8983,92,260663,29.01413624220837
0.05,8984,68,260731,29.018475236505285
0.05,8985,-14,260717,29.013687959047406
0.05,8986,73,260790,29.01858239679537
0.05,8987,91,260881,29.025478415665333
0.05,8988,68,260949,29.029814217376792
0.05,8989,56,261005,29.03281423804227
0.05,8990,74,261079,29.03781559337115
0.05,8991,88,261167,29.04437277580071
0.05,8992,25,261192,29.043923051262095
0.05,8993,74,261266,29.04892150322437
0.05,8994,70,261336,29.053474152306837
0.05,8995,92,261428,29.060471320586927
0.05,8996,-190,261238,29.03612315216183
0.05,8997,-54,261184,29.026894865525673
0.05,8998,77,261261,29.032225802866986
0.05,8999,57,261318,29.035333333333334
0.05,9000,88,261406,29.04188423508499
0.05,9001,94,261500,29.049100199955564
0.05,9002,32,261532,29.04942796845496
0.05,9003,-7,261525,29.045424255886275
0.05,9004,-54,261471,29.036202109938923
0.05,9005,-84,261387,29.0236508994004
0.05,9006,7,261394,29.02120572887754
0.05,9007,59,261453,29.024533747779753
0.05,9008,94,261547,29.03174603174603
0.05,9009,-20,261527,29.02630410654828
0.05,9010,22,261549,29.025524359116634
0.05,9011,94,261643,29.032734132268086
0.05,9012,-41,261602,29.02496394097415
0.05,9013,89,261691,29.031617483913912
0.05,9014,63,261754,29.03538546866334
0.05,9015,94,261848,29.042590949423246
0.05,9016,38,261886,29.043584340689808
0.05,9017,60,261946,29.047017076957196
0.05,9018,67,262013,29.05122519126289
0.05,9019,-8,262005,29.04711751662971
0.05,9020,74,262079,29.052100654029488
0.05,9021,57,262136,29.055198403901574
0.05,9022,86,262222,29.061509475784106
0.05,9023,84,262306,29.067597517730498
0.05,9024,88,262394,29.074127423822716
0.05,9025,18,262412,29.07290050963882
0.05,9026,-48,262364,29.064362468151103
0.05,9027,27,262391,29.064133805937086
0.05,9028,73,262464,29.068999889245763
0.05,9029,3,262467,29.06611295681063
0.05,9030,85,262552,29.072306499833907
0.05,9031,-35,262517,29.065212577502216
0.05,9032,35,262552,29.065869589283736
0.05,9033,91,262643,29.072725260128404
0.05,9034,64,262707,29.076591034864418
0.05,9035,-168,262539,29.054780876494025
0.05,9036,67,262606,29.058979749917007
0.05,9037,84,262690,29.06505864129232
0.05,9038,48,262738,29.067153446177674
0.05,9039,93,262831,29.074225663716813
0.05,9040,-23,262808,29.068465877668398
0.05,9041,12,262820,29.066578190665783
0.05,9042,56,262876,29.06955656308747
0.05,9043,-120,262756,29.053073861123398
0.05,9044,80,262836,29.058706467661693
0.05,9045,79,262915,29.06422728277692
0.05,9046,76,262991,29.069415275782028
0.05,9047,21,263012,29.068523430592396
0.05,9048,92,263104,29.075477953365013
0.05,9049,75,263179,29.080552486187845
0.05,9050,90,263269,29.08728317313004
0.05,9051,94,263363,29.094454264250995
0.05,9052,-19,263344,29.08914172097647
0.05,9053,92,263436,29.0960901259112
0.05,9054,91,263527,29.10292655991165
0.05,9055,46,263573,29.104792402826856
0.05,9056,-6,263567,29.100916418240036
0.05,9057,87,263654,29.107308456612937
0.05,9058,77,263731,29.112595209184235
0.05,9059,-76,263655,29.100993377483444
0.05,9060,49,263704,29.103189493433394
0.05,9061,88,263792,29.109688810417126
0.05,9062,61,263853,29.11320754716981
0.05,9063,21,263874,29.112312444836718
0.05,9064,-44,263830,29.104247104247104
0.05,9065,92,263922,29.111184645929846
0.05,9066,-96,263826,29.09738612551009
0.05,9067,91,263917,29.104212615791795
0.05,9068,93,264010,29.111258132098357
0.05,9069,44,264054,29.11289966923925
0.05,9070,37,264091,29.113769154448242
0.05,9071,93,264184,29.120811287477956
0.05,9072,60,264244,29.124214702964842
0.05,9073,88,264332,29.130703107780473
0.05,9074,93,264425,29.137741046831955
0.05,9075,58,264483,29.14092111062142
0.05,9076,-104,264379,29.12625316734604
0.05,9077,44,264423,29.127891606080635
0.05,9078,14,264437,29.126225355215333
0.05,9079,94,264531,29.133370044052864
0.05,9080,94,264625,29.140513159343683
0.05,9081,57,264682,29.143580709094913
0.05,9082,-56,264626,29.134206759881096
0.05,9083,45,264671,29.13595332452664
0.05,9084,19,264690,29.134837644468906
0.05,9085,-250,264440,29.10411622276029
0.05,9086,67,264507,29.108286563222187
0.05,9087,91,264598,29.115096830985916
0.05,9088,67,264665,29.11926504565959
0.05,9089,89,264754,29.125852585258524
0.05,9090,79,264833,29.131338686613134
0.05,9091,73,264906,29.136163660360758
0.05,9092,45,264951,29.13790828109535
0.05,9093,52,265003,29.140422256432814
0.05,9094,0,265003,29.137218251786695
0.05,9095,77,265080,29.142480211081793
0.05,9096,3,265083,29.13960646366934
0.05,9097,13,265096,29.13783249065729
0.05,9098,-55,265041,29.12858555885262
0.05,9099,-113,264928,29.112967032967035
0.05,9100,71,264999,29.117569497857378
0.05,9101,84,265083,29.123599208965064
0.05,9102,74,265157,29.12852905635505
0.05,9103,19,265176,29.127416520210897
0.05,9104,90,265266,29.134102141680394
0.05,9105,-96,265170,29.12036020206457
0.05,9106,67,265237,29.124519600307455
0.05,9107,-31,265206,29.117918313570488
0.05,9108,50,265256,29.120210780546714
0.05,9109,-121,265135,29.103732162458837
0.05,9110,93,265228,29.110745252990892
0.05,9111,93,265321,29.117756804214224
0.05,9112,91,265412,29.124547349939647
0.05,9113,-376,265036,29.080096554750934
0.05,9114,90,265126,29.08678003291278
0.05,9115,15,265141,29.085234752084247
0.05,9116,85,265226,29.09136777448722
0.05,9117,93,265319,29.098376837025665
0.05,9118,83,265402,29.104287750849874
0.05,9119,32,265434,29.104605263157893
0.05,9120,15,265449,29.10305887512334
0.05,9121,68,265517,29.107322955492215
0.05,9122,72,265589,29.112024553326755
0.05,9123,72,265661,29.116725120561156
0.05,9124,-148,265513,29.09731506849315
0.05,9125,-161,265352,29.07648476879246
0.05,9126,85,265437,29.082612030239947
0.05,9127,91,265528,29.089395267309378
0.05,9128,65,265593,29.09332895169241
0.05,9129,61,265654,29.096823658269443
0.05,9130,30,265684,29.096922571459864
0.05,9131,85,265769,29.103044240035043
0.05,9132,91,265860,29.10982152633308
0.05,9133,57,265917,29.112874972629736
0.05,9134,86,266003,29.119102353585113
0.05,9135,65,266068,29.123029772329247
0.05,9136,90,266158,29.129692459231695
0.05,9137,70,266228,29.134165025169622
0.05,9138,58,266286,29.13732355837619
0.05,9139,-201,266085,29.11214442013129
0.05,9140,-63,266022,29.10206760748277
0.05,9141,93,266115,29.10905709910304
0.05,9142,55,266170,29.1118888767363
0.05,9143,59,266229,29.11515748031496
0.05,9144,90,266319,29.1218151995626
0.05,9145,91,266410,29.12858080034988
0.05,9146,-162,266248,29.107685579971577
0.05,9147,41,266289,29.10898557061653
0.05,9148,73,266362,29.11378292709586
0.05,9149,90,266452,29.120437158469944
0.05,9150,89,266541,29.1269806578516
0.05,9151,-6,266535,29.123142482517483
0.05,9152,90,266625,29.129793510324482
0.05,9153,82,266707,29.135569150098316
0.05,9154,9,266716,29.133369743309668
0.05,9155,91,266807,29.140126692878987
0.05,9156,34,266841,29.140657420552582
0.05,9157,49,266890,29.142825944529374
0.05,9158,86,266976,29.149033737307565
0.05,9159,-80,266896,29.137117903930132
0.05,9160,81,266977,29.142779172579413
0.05,9161,-9,266968,29.138616022702468
0.05,9162,93,267061,29.145585506930043
0.05,9163,41,267102,29.14687909209952
0.05,9164,-118,266984,29.130823786142933
0.05,9165,41,267025,29.132118699541785
0.05,9166,25,267050,29.13166793934766
0.05,9167,-61,266989,29.12183682373473
0.05,9168,5,266994,29.119206020285745
0.05,9169,92,267086,29.126063249727373
0.05,9170,49,267135,29.1282302911351
0.05,9171,-5,267130,29.124509376362845
0.05,9172,69,267199,29.128856426468985
0.05,9173,83,267282,29.134728580771746
0.05,9174,78,267360,29.140054495912807
0.05,9175,28,267388,29.13993025283348
0.05,9176,-155,267233,29.11986487959028
0.05,9177,-78,267155,29.108193506210505
0.05,9178,-15,267140,29.10338816864582
0.05,9179,79,267219,29.108823529411765
0.05,9180,71,267290,29.11338634135715
0.05,9181,89,267379,29.119908516663035
0.05,9182,45,267424,29.121637808994883
0.05,9183,54,267478,29.12434668989547
0.05,9184,82,267560,29.130103429504626
0.05,9185,-133,267427,29.112453733942957
0.05,9186,93,267520,29.119407858931098
0.05,9187,45,267565,29.121136264693078
0.05,9188,91,267656,29.127870279682227
0.05,9189,-10,267646,29.12361262241567
0.05,9190,12,267658,29.12174953759112
0.05,9191,-150,267508,29.102262837249782
0.05,9192,90,267598,29.10888719678016
0.05,9193,-26,267572,29.10289319121166
0.05,9194,-132,267440,29.08537248504622
0.05,9195,94,267534,29.092431491953022
0.05,9196,76,267610,29.09753180384908
0.05,9197,89,267699,29.104044357469014
0.05,9198,93,267792,29.11099032503533
0.05,9199,88,267880,29.117391304347827
0.05,9200,93,267973,29.124334311487882
0.05,9201,-120,267853,29.10812866768094
0.05,9202,-84,267769,29.095838313593394
0.05,9203,-18,267751,29.090721425467187
0.05,9204,82,267833,29.096469310157524
0.05,9205,88,267921,29.102867694981533
0.05,9206,93,268014,29.109807754969044
0.05,9207,82,268096,29.115551694178976
0.05,9208,16,268112,29.11412748398306
0.05,9209,-143,267969,29.09543973941368
0.05,9210,88,268057,29.10183476278363
0.05,9211,72,268129,29.106491532783327
0.05,9212,84,268213,29.11244979919679
0.05,9213,85,268298,29.118515302800088
0.05,9214,80,268378,29.124036896364622
0.05,9215,-29,268349,29.11773003472222
0.05,9216,93,268442,29.12466095258761
0.05,9217,58,268500,29.127793447602517
0.05,9218,65,268565,29.131684564486388
0.05,9219,-31,268534,29.12516268980477
0.05,9220,5,268539,29.12254636156599
0.05,9221,-128,268411,29.10550856647148
0.05,9222,93,268504,29.112436300552964
0.05,9223,74,268578,29.117302688638336
0.05,9224,92,268670,29.12411924119241
0.05,9225,38,268708,29.125081292000868
0.05,9226,11,268719,29.123116939416928
0.05,9227,79,268798,29.128521889900302
0.05,9228,73,268871,29.133275544479357
0.05,9229,93,268964,29.140195016251354
0.05,9230,46,269010,29.142021449463762
0.05,9231,58,269068,29.145147313691506
0.05,9232,-52,269016,29.13635871331095
0.05,9233,84,269100,29.142300194931774
0.05,9234,57,269157,29.14531672983216
0.05,9235,68,269225,29.149523603291467
0.05,9236,57,269282,29.15253870304211
0.05,9237,83,269365,29.15836761203724
0.05,9238,87,269452,29.164628206515857
0.05,9239,91,269543,29.171320346320346
0.05,9240,80,269623,29.17682069040147
0.05,9241,83,269706,29.18264444925341
0.05,9242,73,269779,29.18738504814454
0.05,9243,-2,269777,29.18401125054089
0.05,9244,92,269869,29.190805840995132
0.05,9245,9,269878,29.188622106857018
0.05,9246,84,269962,29.19454958364875
0.05,9247,-23,269939,29.18890570934256
0.05,9248,74,270013,29.19375067574873
0.05,9249,2,270015,29.19081081081081
0.05,9250,-347,269668,29.15014593016971
0.05,9251,-64,269604,29.140077821011673
0.05,9252,92,269696,29.146871284988652
0.05,9253,88,269784,29.15323103522801
0.05,9254,82,269866,29.15894111291194
0.05,9255,-125,269741,29.142286084701816
0.05,9256,30,269771,29.14237874041266
0.05,9257,32,269803,29.142687405487145
0.05,9258,17,269820,29.14137595852684
0.05,9259,60,269880,29.144708423326133
0.05,9260,91,269971,29.15138753914264
0.05,9261,2,269973,29.148456057007127
0.05,9262,57,270030,29.151462809025155
0.05,9263,73,270103,29.15619602763385
0.05,9264,77,270180,29.161359956826768
0.05,9265,46,270226,29.16317720699331
0.05,9266,-90,270136,29.15031833387288
0.05,9267,93,270229,29.157207596029348
0.05,9268,81,270310,29.162800733628224
0.05,9269,86,270396,29.168932038834953
0.05,9270,87,270483,29.175169884586346
0.05,9271,-28,270455,29.16900345125108
0.05,9272,64,270519,29.17275962471692
0.05,9273,-59,270460,29.163252102652578
0.05,9274,79,270539,29.168625336927224
0.05,9275,-18,270521,29.163540319103063
0.05,9276,-27,270494,29.157486256332867
0.05,9277,90,270584,29.164043974994613
0.05,9278,69,270653,29.168337105291517
0.05,9279,93,270746,29.17521551724138
0.05,9280,-23,270723,29.169593793772222
0.05,9281,94,270817,29.17657832363715
0.05,9282,86,270903,29.182699558332434
0.05,9283,-19,270884,29.17750969409737
0.05,9284,-200,270684,29.152827140549274
0.05,9285,77,270761,29.157979754469093
0.05,9286,61,270822,29.161408420372563
0.05,9287,-101,270721,29.147394487510766
0.05,9288,69,270790,29.15168478845947
0.05,9289,91,270881,29.158342303552207
0.05,9290,-13,270868,29.153804757292004
0.05,9291,70,270938,29.158200602668963
0.05,9292,80,271018,29.16367158075971
0.05,9293,-70,270948,29.153001936733375
0.05,9294,7,270955,29.150618612157075
0.05,9295,-138,270817,29.13263769363167
0.05,9296,61,270878,29.136065397440035
0.05,9297,94,270972,29.14304151430415
0.05,9298,14,270986,29.141413055167224
0.05,9299,59,271045,29.14462365591398
0.05,9300,-6,271039,29.140845070422536
0.05,9301,91,271130,29.14749516233068
0.05,9302,93,271223,29.15435880898635
0.05,9303,-35,271188,29.147463456577817
0.05,9304,89,271277,29.153895754970446
0.05,9305,84,271361,29.159789383193637
0.05,9306,-14,271347,29.15515203610186
0.05,9307,93,271440,29.162011173184357
0.05,9308,-53,271387,29.15318508969814
0.05,9309,-23,271364,29.147583243823846
0.05,9310,-15,271349,29.14284180002148
0.05,9311,32,271381,29.143148625429554
0.05,9312,30,271411,29.143240631375498
0.05,9313,80,271491,29.148700880395104
0.05,9314,-18,271473,29.14363929146538
0.05,9315,-4,271469,29.140081580077286
0.05,9316,54,271523,29.1427498121713
0.05,9317,73,271596,29.147456535737284
0.05,9318,-1,271595,29.14422148299174
0.05,9319,65,271660,29.1480686695279
0.05,9320,69,271729,29.15234416908057
0.05,9321,93,271822,29.159193306157476
0.05,9322,83,271905,29.164968357824733
0.05,9323,80,271985,29.17042042042042
0.05,9324,91,272076,29.1770509383378
0.05,9325,-56,272020,29.167917649581813
0.05,9326,61,272081,29.171330545727457
0.05,9327,91,272172,29.17795883361921
0.05,9328,30,272202,29.178046950369815
0.05,9329,90,272292,29.184565916398714
0.05,9330,71,272363,29.189047261815453
0.05,9331,-37,272326,29.181954564937847
0.05,9332,78,272404,29.187185256616306
0.05,9333,63,272467,29.190807799442897
0.05,9334,94,272561,29.19775040171398
0.05,9335,41,272602,29.199014567266495
0.05,9336,79,272681,29.20434829174253
0.05,9337,94,272775,29.21128721353609
0.05,9338,66,272841,29.21522646964343
0.05,9339,35,272876,29.215845824411137
0.05,9340,-118,272758,29.20008564393534
0.05,9341,91,272849,29.206700920573752
0.05,9342,83,272932,29.212458525099006
0.05,9343,91,273023,29.219071061643834
0.05,9344,-39,272984,29.211771000535045
0.05,9345,-47,272937,29.20361652043655
0.05,9346,68,273005,29.207767198031455
0.05,9347,74,273079,29.212558836114678
0.05,9348,53,273132,29.21510321959568
0.05,9349,-57,273075,29.205882352941178
0.05,9350,82,273157,29.211528178804407
0.05,9351,71,273228,29.215996578272026
0.05,9352,46,273274,29.21779108307495
0.05,9353,39,273313,29.218836861235836
0.05,9354,93,273406,29.22565473009086
0.05,9355,94,273500,29.232578024796922
0.05,9356,37,273537,29.23340814363578
0.05,9357,20,273557,29.232421457576404
0.05,9358,90,273647,29.238914413933113
0.05,9359,70,273717,29.24326923076923
0.05,9360,50,273767,29.24548659331268
0.05,9361,79,273846,29.250801110873745
0.05,9362,91,273937,29.257396133717826
0.05,9363,88,274025,29.26366937206322
0.05,9364,53,274078,29.26620395088094
0.05,9365,89,274167,29.272581678411274
0.05,9366,91,274258,29.27917155973097
0.05,9367,88,274346,29.28543979504697
0.05,9368,52,274398,29.28786423310919
0.05,9369,80,274478,29.293276414087515
0.05,9370,15,274493,29.29175114715612
0.05,9371,-514,273979,29.233781476739225
0.05,9372,89,274068,29.240157900352074
0.05,9373,-132,273936,29.222957115425647
0.05,9374,89,274025,29.229333333333333
0.05,9375,-48,273977,29.221096416382252
0.05,9376,-71,273906,29.210408446198144
0.05,9377,88,273994,29.21667732992109
0.05,9378,93,274087,29.22347798272737
0.05,9379,90,274177,29.22995735607676
0.05,9380,33,274210,29.23035923675514
0.05,9381,87,274297,29.23651673417182
0.05,9382,68,274365,29.24064798039007
0.05,9383,89,274454,29.247016197783463
0.05,9384,-129,274325,29.23015450186468
0.05,9385,84,274409,29.235989772000853
0.05,9386,92,274501,29.24267604133376
0.05,9387,-41,274460,29.23519386450788
0.05,9388,81,274541,29.240707210565557
0.05,9389,22,274563,29.23993610223642
0.05,9390,72,274635,29.244489404749228
0.05,9391,77,274712,29.249574105621807
0.05,9392,67,274779,29.25359310124561
0.05,9393,10,274789,29.251543538428784
0.05,9394,44,274833,29.253113358169237
0.05,9395,91,274924,29.25968497232865
0.05,9396,93,275017,29.266468021709056
0.05,9397,0,275017,29.263353905086188
0.05,9398,91,275108,29.269922332162995
0.05,9399,-6,275102,29.266170212765957
0.05,9400,54,275156,29.26880119136262
0.05,9401,18,275174,29.26760263773665
0.05,9402,81,275255,29.27310432840583
0.05,9403,-68,275187,29.262760527435134
0.05,9404,79,275266,29.268048910154175
0.05,9405,34,275300,29.268551988092707
0.05,9406,-106,275194,29.25417242479005
0.05,9407,90,275284,29.26062925170068
0.05,9408,80,275364,29.26602189393134
0.05,9409,-90,275274,29.253347502656748
0.05,9410,79,275353,29.25863351397301
0.05,9411,94,275447,29.265512112197197
0.05,9412,88,275535,29.271751832571976
0.05,9413,-12,275523,29.267367750159337
0.05,9414,82,275605,29.272968667020713
0.05,9415,86,275691,29.278993203058622
0.05,9416,36,275727,29.279706913029628
0.05,9417,93,275820,29.286472711828413
0.05,9418,78,275898,29.29164454825353
0.05,9419,83,275981,29.297346072186837
0.05,9420,84,276065,29.303152531578387
0.05,9421,83,276148,29.308851623859052
0.05,9422,90,276238,29.31529236973363
0.05,9423,3,276241,29.3125
0.05,9424,83,276324,29.318196286472148
0.05,9425,94,276418,29.325058349246763
0.05,9426,52,276470,29.32746366818712
0.05,9427,57,276527,29.330398812049214
0.05,9428,58,276585,29.333439389118677
0.05,9429,67,276652,29.337433722163308
0.05,9430,-10,276642,29.333262644470363
0.05,9431,36,276678,29.333969465648856
0.05,9432,89,276767,29.340294710060427
0.05,9433,40,276807,29.34142463430146
0.05,9434,-51,276756,29.332909379968203
0.05,9435,48,276804,29.334887664264517
0.05,9436,75,276879,29.339726608032212
0.05,9437,62,276941,29.34318711591439
0.05,9438,-24,276917,29.337535755906345
0.05,9439,80,276997,29.342902542372883
0.05,9440,46,277043,29.344666878508633
0.05,9441,-28,277015,29.33859351832239
0.05,9442,82,277097,29.344170284867097
0.05,9443,76,277173,29.349110546378654
0.05,9444,89,277262,29.35542615140286
0.05,9445,-68,277194,29.345119627355494
0.05,9446,-60,277134,29.335662114957127
0.05,9447,-13,277121,29.33118120237087
0.05,9448,51,277172,29.333474441739867
0.05,9449,85,277257,29.33936507936508
0.05,9450,83,277340,29.345042852608188
0.05,9451,35,277375,29.345641134151503
0.05,9452,77,277452,29.35068232307204
0.05,9453,14,277466,29.34905859953459
0.05,9454,92,277558,29.355684822845056
0.05,9455,-149,277409,29.33682318104907
0.05,9456,74,277483,29.341545944802792
0.05,9457,89,277572,29.347853668851766
0.05,9458,64,277636,29.351517073686438
0.05,9459,89,277725,29.357822410147993
0.05,9460,56,277781,29.360638410316035
0.05,9461,-36,277745,29.353730712322974
0.05,9462,87,277832,29.35982246644827
0.05,9463,92,277924,29.366441251056635
0.05,9464,94,278018,29.373269941891177
0.05,9465,33,278051,29.373653074160153
0.05,9466,78,278129,29.37878947924369
0.05,9467,-93,278036,29.36586396282214
0.05,9468,-145,277891,29.34744957228852
0.05,9469,94,277985,29.35427666314678
0.05,9470,-277,277708,29.32193010241791
0.05,9471,77,277785,29.32696368243243
0.05,9472,-12,277773,29.32260107674443
0.05,9473,90,277863,29.329005699810008
0.05,9474,89,277952,29.335303430079154
0.05,9475,-18,277934,29.330308146897426
0.05,9476,91,278025,29.336815447926558
0.05,9477,12,278037,29.334986284026165
0.05,9478,94,278131,29.341808207616836
0.05,9479,93,278224,29.348523206751054
0.05,9480,12,278236,29.34669338677355
0.05,9481,47,278283,29.348555157139845
0.05,9482,-26,278257,29.34271854898239
0.05,9483,88,278345,29.348903416280052
0.05,9484,8,278353,29.346652609383238
0.05,9485,26,278379,29.34629981024668
0.05,9486,-5,278374,29.34267945609782
0.05,9487,72,278446,29.347175379426645
0.05,9488,91,278537,29.35367267362209
0.05,9489,58,278595,29.356691253951528
0.05,9490,94,278689,29.36350226530397
0.05,9491,-16,278673,29.35872313527181
0.05,9492,65,278738,29.3624776150848
0.05,9493,83,278821,29.36812723825574
0.05,9494,73,278894,29.372722485518693
0.05,9495,24,278918,29.372156697556868
0.05,9496,92,279010,29.378751184584605
0.05,9497,-7,279003,29.37492103600758
0.05,9498,-27,278976,29.368986209074638
0.05,9499,-7,278969,29.365157894736843
0.05,9500,-36,278933,29.358278075992
0.05,9501,-9,278924,29.35424121237634
0.05,9502,92,279016,29.36083342102494
0.05,9503,70,279086,29.36510942760943
0.05,9504,-98,278988,29.351709626512363
0.05,9505,21,279009,29.35083105407111
0.05,9506,86,279095,29.356789733880298
0.05,9507,-13,279082,29.352334875893984
0.05,9508,90,279172,29.358712798401513
0.05,9509,85,279257,29.364563617245004
0.05,9510,-384,278873,29.321101882031332
0.05,9511,5,278878,29.318544995794785
0.05,9512,55,278933,29.32124461263534
0.05,9513,82,279015,29.326781585032585
0.05,9514,74,279089,29.33147661586968
0.05,9515,83,279172,29.337116435477093
0.05,9516,64,279236,29.340758642429336
0.05,9517,38,279274,29.34166841773482
0.05,9518,94,279368,29.34846097279126
0.05,9519,45,279413,29.350105042016807
0.05,9520,-195,279218,29.326541329692258
0.05,9521,92,279310,29.33312329342575
0.05,9522,67,279377,29.337078651685392
0.05,9523,-349,279028,29.29735405291894
0.05,9524,77,279105,29.30236220472441
0.05,9525,-74,279031,29.2915179508713
0.05,9526,67,279098,29.295476015534796
0.05,9527,10,279108,29.29345088161209
0.05,9528,-36,279072,29.28659880365201
0.05,9529,55,279127,29.289296956977964
0.05,9530,-160,278967,29.269436575385583
0.05,9531,-149,278818,29.25073436844314
0.05,9532,69,278887,29.254904017622994
0.05,9533,-101,278786,29.24124187119782
0.05,9534,-79,278707,29.229889879391713
0.05,9535,12,278719,29.228083053691275
0.05,9536,66,278785,29.23193876481074
0.05,9537,-56,278729,29.22300272593835
0.05,9538,68,278797,29.227067826816228
0.05,9539,72,278869,29.231551362683437
0.05,9540,-46,278823,29.22366628236034
0.05,9541,44,278867,29.225214839656257
0.05,9542,-122,278745,29.209368123231688
0.05,9543,74,278819,29.214061190276613
0.05,9544,-104,278715,29.200104766893663
0.05,9545,46,278761,29.201864655353027
0.05,9546,8,278769,29.199643867183408
0.05,9547,85,278854,29.20548806032677
0.05,9548,68,278922,29.209550738297203
0.05,9549,91,279013,29.216020942408377
0.05,9550,-144,278869,29.197885038215894
0.05,9551,27,278896,29.197654941373536
0.05,9552,12,278908,29.19585470532817
0.05,9553,17,278925,29.194578187146746
0.05,9554,43,278968,29.196023024594453
0.05,9555,-104,278864,29.18208455420678
0.05,9556,95,278959,29.18897143455059
0.05,9557,-105,278854,29.174931994141033
0.05,9558,-39,278815,29.16779997907731
0.05,9559,83,278898,29.173430962343097
0.05,9560,7,278905,29.171111808388243
0.05,9561,-124,278781,29.155093076762185
0.05,9562,83,278864,29.16072362229426
0.05,9563,70,278934,29.16499372647428
0.05,9564,53,278987,29.167485624673287
0.05,9565,22,279009,29.16673635793435
0.05,9566,93,279102,29.17340859203512
0.05,9567,-24,279078,29.16785117056856
0.05,9568,43,279121,29.169296687219145
0.05,9569,83,279204,29.174921630094044
0.05,9570,10,279214,29.172918190366733
0.05,9571,10,279224,29.170915169243628
0.05,9572,86,279310,29.176851561683904
0.05,9573,61,279371,29.180175475245456
0.05,9574,82,279453,29.18569190600522
0.05,9575,72,279525,29.19016290726817
0.05,9576,51,279576,29.192440221363682
0.05,9577,-199,279377,29.168615577364793
0.05,9578,64,279441,29.17225180081428
0.05,9579,84,279525,29.177974947807932
0.05,9580,4,279529,29.175347041018682
0.05,9581,-7,279522,29.171571696931746
0.05,9582,83,279605,29.177188771783367
0.05,9583,74,279679,29.181865609348915
0.05,9584,69,279748,29.18601982263954
0.05,9585,47,279795,29.18787815564365
0.05,9586,-379,279416,29.14530092834046
0.05,9587,49,279465,29.147371714643302
0.05,9588,95,279560,29.154239232453854
0.05,9589,94,279654,29.16100104275287
0.05,9590,88,279742,29.167135856532166
0.05,9591,-112,279630,29.152418682235197
0.05,9592,51,279681,29.154696132596683
0.05,9593,-148,279533,29.136230977694392
0.05,9594,1,279534,29.133298593017198
0.05,9595,93,279627,29.139954147561483
0.05,9596,-6,279621,29.136292591434824
0.05,9597,91,279712,29.14273807043134
0.05,9598,61,279773,29.146056880925098
0.05,9599,-174,279599,29.124895833333333
0.05,9600,76,279675,29.129778148109573
0.05,9601,93,279768,29.136429910435325
0.05,9602,87,279855,29.142455482661667
0.05,9603,36,279891,29.14316951270304
0.05,9604,-31,279860,29.136907860489327
0.05,9605,52,279912,29.139287945034354
0.05,9606,-64,279848,29.129593005100446
0.05,9607,90,279938,29.135928393005827
0.05,9608,65,280003,29.13966073472786
0.05,9609,-55,279948,29.130905306971904
0.05,9610,65,280013,29.13463739465196
0.05,9611,45,280058,29.136287973366624
0.05,9612,76,280134,29.14116300842609
0.05,9613,89,280223,29.14738922404826
0.05,9614,73,280296,29.15195007800312
0.05,9615,20,280316,29.15099833610649
0.05,9616,70,280386,29.15524591868566
0.05,9617,72,280458,29.159700561447288
0.05,9618,92,280550,29.166233496205425
0.05,9619,-12,280538,29.16195426195426
0.05,9620,51,280589,29.16422409312961
0.05,9621,-106,280483,29.15017667844523
0.05,9622,-81,280402,29.138730125740413
0.05,9623,74,280476,29.143391521197007
0.05,9624,38,280514,29.14431168831169
0.05,9625,55,280569,29.146997714523167
0.05,9626,30,280599,29.147086319725773
0.05,9627,82,280681,29.152575820523474
0.05,9628,-184,280497,29.130439297954098
0.05,9629,88,280585,29.136552440290757
0.05,9630,14,280599,29.134980791195098
0.05,9631,-18,280581,29.130087209302324
0.05,9632,75,280656,29.134848956711306
0.05,9633,88,280744,29.14095910317625
0.05,9634,24,280768,29.140425531914893
0.05,9635,-126,280642,29.124325446243255
0.05,9636,81,280723,29.129708415481996
0.05,9637,71,280794,29.134052708030712
0.05,9638,92,280886,29.140574748417887
0.05,9639,86,280972,29.146473029045644
0.05,9640,93,281065,29.153096151851468
0.05,9641,-10,281055,29.14903546981954
0.05,9642,-42,281013,29.141657160634658
0.05,9643,80,281093,29.146930734135214
0.05,9644,-121,280972,29.131363400725764
0.05,9645,54,281026,29.133941530167945
0.05,9646,64,281090,29.137555716803153
0.05,9647,75,281165,29.14230928689884
0.05,9648,16,281181,29.140947248419526
0.05,9649,-11,281170,29.136787564766838
0.05,9650,-48,281122,29.12879494352917
0.05,9651,52,281174,29.131164525486945
0.05,9652,94,281268,29.137884595462552
0.05,9653,78,281346,29.14294592914854
0.05,9654,19,281365,29.141895390989124
0.05,9655,-354,281011,29.10221623860812
0.05,9656,62,281073,29.105622864243553
0.05,9657,86,281159,29.111513770967075
0.05,9658,-62,281097,29.102080960761985
0.05,9659,74,281171,29.106728778467907
0.05,9660,-156,281015,29.08756857468171
0.05,9661,9,281024,29.085489546677707
0.05,9662,30,281054,29.085584187105454
0.05,9663,12,281066,29.083816225165563
0.05,9664,15,281081,29.08235902741852
0.05,9665,19,281100,29.081315952824333
0.05,9666,47,281147,29.083169545877727
0.05,9667,32,281179,29.08347124534547
0.05,9668,9,281188,29.081394146240562
0.05,9669,48,281236,29.08335056876939
0.05,9670,53,281289,29.085823596318892
0.05,9671,51,281340,29.088089330024815
0.05,9672,-184,281156,29.066060167476483
0.05,9673,84,281240,29.07173868100062
0.05,9674,72,281312,29.076175710594317
0.05,9675,-99,281213,29.062939231087228
0.05,9676,80,281293,29.068202955461402
0.05,9677,75,281368,29.07294895639595
0.05,9678,73,281441,29.077487343733857
0.05,9679,29,281470,29.077479338842974
0.05,9680,94,281564,29.084185518025
0.05,9681,82,281646,29.089650898574675
0.05,9682,-34,281612,29.08313539192399
0.05,9683,29,281641,29.083126807104502
0.05,9684,54,281695,29.085699535363965
0.05,9685,45,281740,29.087342556266776
0.05,9686,93,281833,29.09394033240425
0.05,9687,78,281911,29.098988439306357
0.05,9688,78,281989,29.104035504179997
0.05,9689,-59,281930,29.094943240454075
0.05,9690,89,282019,29.101124754927252
0.05,9691,51,282070,29.10338423442014
0.05,9692,73,282143,29.107912926854432
0.05,9693,94,282237,29.114606973385598
0.05,9694,15,282252,29.11315110881898
0.05,9695,21,282273,29.112314356435643
0.05,9696,-39,282234,29.105290295967826
0.05,9697,94,282328,29.11198185192823
0.05,9698,83,282411,29.117537890504174
0.05,9699,33,282444,29.117938144329898
0.05,9700,-249,282195,29.089269147510567
0.05,9701,68,282263,29.09327973613688
0.05,9702,63,282326,29.096774193548388
0.05,9703,79,282405,29.10191673536686
0.05,9704,48,282453,29.10386398763524
0.05,9705,52,282505,29.106222954873274
0.05,9706,87,282592,29.112187081487587
0.05,9707,60,282652,29.11536876802637
0.05,9708,42,282694,29.11669584921207
0.05,9709,51,282745,29.118949536560248
0.05,9710,25,282770,29.118525383585624
0.05,9711,67,282837,29.122425864909392
0.05,9712,93,282930,29.129002367960464
0.05,9713,88,283018,29.135062795964586
0.05,9714,90,283108,29.141327843540918
0.05,9715,53,283161,29.143783449979416
0.05,9716,39,283200,29.144797777091696
0.05,9717,-28,283172,29.138917472731016
0.05,9718,87,283259,29.144870871488838
0.05,9719,-184,283075,29.122942386831276
0.05,9720,-33,283042,29.11655179508281
0.05,9721,-10,283032,29.11252828636083
0.05,9722,37,283069,29.11333950426823
0.05,9723,91,283160,29.11970382558618
0.05,9724,-17,283143,29.11496143958869
0.05,9725,78,283221,29.119987661937074
0.05,9726,79,283300,29.12511565744834
0.05,9727,71,283371,29.129420230263158
0.05,9728,70,283441,29.133621132696064
0.05,9729,62,283503,29.136998972250773
0.05,9730,58,283561,29.139965060117152
0.05,9731,-50,283511,29.13183312782573
0.05,9732,85,283596,29.1375732045618
0.05,9733,94,283690,29.144236696116703
0.05,9734,69,283759,29.14833076527992
0.05,9735,9,283768,29.146261298274446
0.05,9736,39,283807,29.1472732874602
0.05,9737,-1,283806,29.144177449168208
0.05,9738,70,283876,29.148372522846287
0.05,9739,92,283968,29.15482546201232
0.05,9740,-25,283943,29.14926598911816
0.05,9741,94,284037,29.15592280845822
0.05,9742,-60,283977,29.146772041465667
0.05,9743,-360,283617,29.10683497536946
0.05,9744,82,283699,29.112262698819908
0.05,9745,-19,283680,29.107326082495383
0.05,9746,71,283751,29.111624089463426
0.05,9747,49,283800,29.113664341403364
0.05,9748,74,283874,29.118268540363115
0.05,9749,-22,283852,29.11302564102564
0.05,9750,-8,283844,29.109219567223874
0.05,9751,92,283936,29.115668580803938
0.05,9752,-159,283777,29.096380600840767
0.05,9753,-88,283689,29.084375640762765
0.05,9754,69,283758,29.088467452588418
0.05,9755,79,283837,29.093583435834358
0.05,9756,60,283897,29.096751050527825
0.05,9757,-66,283831,29.087005533920884
0.05,9758,25,283856,29.08658674044472
0.05,9759,70,283926,29.09077868852459
0.05,9760,86,284012,29.096608954000615
0.05,9761,-37,283975,29.089838147920506
0.05,9762,60,284035,29.093004199528835
0.05,9763,58,284093,29.095964768537485
0.05,9764,71,284164,29.10025601638505
0.05,9765,59,284223,29.10331763260291
0.05,9766,92,284315,29.10975734616566
0.05,9767,75,284390,29.114455364455363
0.05,9768,-44,284346,29.106971030811753
0.05,9769,43,284389,29.108393039918116
0.05,9770,-79,284310,29.09732883021185
0.05,9771,16,284326,29.095988538681947
0.05,9772,-13,284313,29.091681162386166
0.05,9773,16,284329,29.09034172293841
0.05,9774,93,284422,29.09687979539642
0.05,9775,77,284499,29.1017798690671
0.05,9776,80,284579,29.10698578296001
0.05,9777,54,284633,29.10953160155451
0.05,9778,32,284665,29.109827180693323
0.05,9779,6,284671,29.107464212678938
0.05,9780,85,284756,29.113178611593906
0.05,9781,76,284832,29.11797178491106
0.05,9782,31,284863,29.118164162322397
0.05,9783,-157,284706,29.099141455437447
0.05,9784,73,284779,29.103628002043944
0.05,9785,93,284872,29.110157367668098
0.05,9786,93,284965,29.116685398998673
0.05,9787,83,285048,29.122190437270127
0.05,9788,64,285112,29.125753396669733
0.05,9789,69,285181,29.12982635342186
0.05,9790,88,285269,29.135839035849248
0.05,9791,23,285292,29.135212418300654
0.05,9792,92,285384,29.14163177780047
0.05,9793,83,285467,29.147130896467225
0.05,9794,62,285529,29.15048494129658
0.05,9795,-1,285528,29.147407104940793
0.05,9796,-50,285478,29.139328365826273
0.05,9797,69,285547,29.143396611553378
0.05,9798,78,285625,29.14838248800898
0.05,9799,92,285717,29.15479591836735
0.05,9800,-22,285695,29.149576573818997
0.05,9801,79,285774,29.154662313813507
0.05,9802,47,285821,29.156482709374682
0.05,9803,-56,285765,29.14779681762546
0.05,9804,72,285837,29.152167261601225
0.05,9805,77,285914,29.157046706098306
0.05,9806,7,285921,29.154787396757417
0.05,9807,87,286008,29.160685154975532
0.05,9808,79,286087,29.16576613314303
0.05,9809,44,286131,29.167278287461773
0.05,9810,-99,286032,29.154214657017633
0.05,9811,52,286084,29.156543008560945
0.05,9812,56,286140,29.159278508101497
0.05,9813,13,286153,29.157631954350926
0.05,9814,90,286243,29.16383087111564
0.05,9815,71,286314,29.168092909535453
0.05,9816,81,286395,29.173372720790464
0.05,9817,78,286473,29.178345895294356
0.05,9818,86,286559,29.184132803747836
0.05,9819,-5,286554,29.180651731160896
0.05,9820,91,286645,29.18694633947663
0.05,9821,35,286680,29.187538179596825
0.05,9822,88,286768,29.193525399572433
0.05,9823,24,286792,29.19299674267101
0.05,9824,-8,286784,29.189211195928753
0.05,9825,27,286811,29.188988398127417
0.05,9826,48,286859,29.190902615243715
0.05,9827,-77,286782,29.18009768009768
0.05,9828,74,286856,29.184657645742192
0.05,9829,88,286944,29.190640895218717
0.05,9830,90,287034,29.19682636557827
0.05,9831,89,287123,29.202908868999188
0.05,9832,74,287197,29.207464659818978
0.05,9833,85,287282,29.213138092332724
0.05,9834,94,287376,29.219725470259277
0.05,9835,93,287469,29.226209841398944
0.05,9836,78,287547,29.23116803903629
0.05,9837,71,287618,29.235413701971947
0.05,9838,25,287643,29.23498323000305
0.05,9839,-49,287594,29.227032520325203
0.05,9840,87,287681,29.232903160247943
0.05,9841,41,287722,29.23409876041455
0.05,9842,30,287752,29.234176572183276
0.05,9843,-137,287615,29.21728971962617
0.05,9844,75,287690,29.221940071102082
0.05,9845,89,287779,29.228011375177736
0.05,9846,-87,287692,29.216207982126537
0.05,9847,75,287767,29.220857026807472
0.05,9848,92,287859,29.227231190983858
0.05,9849,78,287937,29.232182741116752
0.05,9850,-68,287869,29.222312455588266
0.05,9851,63,287932,29.22574096630126
0.05,9852,-20,287912,29.220744950776414
0.05,9853,21,287933,29.219910696163993
0.05,9854,33,287966,29.220294266869608
0.05,9855,24,287990,29.21976461038961
0.05,9856,79,288069,29.224814852389166
0.05,9857,-85,287984,29.213227835260703
0.05,9858,-266,287718,29.18328430875342
0.05,9859,90,287808,29.1894523326572
0.05,9860,-31,287777,29.183348544772336
0.05,9861,16,287793,29.182011762320016
0.05,9862,35,287828,29.18260164250228
0.05,9863,-7,287821,29.178933495539336
0.05,9864,44,287865,29.180435884439937
0.05,9865,79,287944,29.185485505777418
0.05,9866,-30,287914,29.17948717948718
0.05,9867,1,287915,29.17663153627888
0.05,9868,43,287958,29.178032222109636
0.05,9869,-86,287872,29.166362715298884
0.05,9870,29,287901,29.166345861614833
0.05,9871,-5,287896,29.16288492706645
0.05,9872,74,287970,29.167426314190216
0.05,9873,39,288009,29.168422118695563
0.05,9874,94,288103,29.17498734177215
0.05,9875,-47,288056,29.167274200081003
0.05,9876,64,288120,29.170800850460665
0.05,9877,93,288213,29.177262603765943
0.05,9878,84,288297,29.182812025508653
0.05,9879,-99,288198,29.169838056680163
0.05,9880,-190,288008,29.147657119724723
0.05,9881,65,288073,29.151285164946366
0.05,9882,67,288140,29.15511484367095
0.05,9883,-14,288126,29.150748684743018
0.05,9884,-34,288092,29.14436014162873
0.05,9885,49,288141,29.146368602063525
0.05,9886,14,288155,29.144836654192375
0.05,9887,65,288220,29.14846278317152
0.05,9888,90,288310,29.154616240266964
0.05,9889,78,288388,29.159555106167847
0.05,9890,91,288479,29.165807299565262
0.05,9891,87,288566,29.171653861706428
0.05,9892,52,288618,29.173961386839178
0.05,9893,-11,288607,29.16990095007075
0.05,9894,94,288701,29.17645275391612
0.05,9895,13,288714,29.174818108326598
0.05,9896,76,288790,29.17954935839143
0.05,9897,66,288856,29.183269347342897
0.05,9898,93,288949,29.18971613294272
0.05,9899,80,289029,29.194848484848485
0.05,9900,86,289115,29.2005857994142
0.05,9901,26,289141,29.200262573217532
0.05,9902,3,289144,29.197616883772593
0.05,9903,93,289237,29.204058966074314
0.05,9904,74,289311,29.208581524482586
0.05,9905,38,289349,29.20946900868161
0.05,9906,61,289410,29.21267790451196
0.05,9907,74,289484,29.21719822365765
0.05,9908,43,289527,29.218589161368453
0.05,9909,80,289607,29.223713420787085
0.05,9910,-23,289584,29.218444152961357
0.05,9911,-17,289567,29.213781275221955
0.05,9912,23,289590,29.21315444365984
0.05,9913,94,289684,29.219689328222714
0.05,9914,91,289775,29.225920322743317
0.05,9915,44,289819,29.227410246066963
0.05,9916,78,289897,29.232328325098315
0.05,9917,-44,289853,29.224944545271224
0.05,9918,55,289908,29.227543099102732
0.05,9919,-1,289907,29.224495967741934
0.05,9920,-189,289718,29.202499748009274
0.05,9921,93,289811,29.208929651279984
0.05,9922,79,289890,29.213947394941044
0.05,9923,78,289968,29.21886336154776
0.05,9924,77,290045,29.22367758186398
0.05,9925,93,290138,29.23010276042716
0.05,9926,86,290224,29.23582149692757
0.05,9927,71,290295,29.240028203062046
0.05,9928,94,290389,29.24655050861114
0.05,9929,77,290466,29.251359516616315
0.05,9930,84,290550,29.256872419695902
0.05,9931,34,290584,29.25734997986307
0.05,9932,91,290675,29.26356589147287
0.05,9933,-140,290535,29.24652707871955
0.05,9934,88,290623,29.25244086562657
0.05,9935,77,290700,29.257246376811594
0.05,9936,26,290726,29.25691858709872
0.05,9937,21,290747,29.25608774401288
0.05,9938,53,290800,29.2584767079183
0.05,9939,90,290890,29.264587525150905
0.05,9940,87,290977,29.270395332461522
0.05,9941,25,291002,29.26996580164957
0.05,9942,-100,290902,29.256964698783065
0.05,9943,42,290944,29.25824617860016
0.05,9944,68,291012,29.262141779788838
0.05,9945,40,291052,29.263221395535894
0.05,9946,11,291063,29.261385342314266
0.05,9947,67,291130,29.265178930438278
0.05,9948,94,291224,29.271685596542365
0.05,9949,91,291315,29.27788944723618
0.05,9950,90,291405,29.28399155863732
0.05,9951,40,291445,29.285068327974276
0.05,9952,81,291526,29.290264241937106
0.05,9953,-25,291501,29.28481012658228
0.05,9954,89,291590,29.29080863887494
0.05,9955,70,291660,29.294897549216554
0.05,9956,77,291737,29.299688661243348
0.05,9957,22,291759,29.298955613577025
0.05,9958,-28,291731,29.293202128727785
0.05,9959,87,291818,29.298995983935743
0.05,9960,73,291891,29.303383194458387
0.05,9961,78,291969,29.30827143143947
0.05,9962,-14,291955,29.30392452072669
0.05,9963,68,292023,29.307808109193097
0.05,9964,44,292067,29.309282488710487
0.05,9965,-69,291998,29.299418021272327
0.05,9966,48,292046,29.301294271094612
0.05,9967,90,292136,29.307383627608345
0.05,9968,80,292216,29.312468652823753
0.05,9969,43,292259,29.31384152457372
0.05,9970,71,292330,29.318022264567244
0.05,9971,-13,292317,29.313778580024067
0.05,9972,84,292401,29.319262007420033
0.05,9973,92,292493,29.325546420693804
0.05,9974,-91,292402,29.313483709273182
0.05,9975,78,292480,29.318364073777065
0.05,9976,47,292527,29.320136313521097
0.05,9977,44,292571,29.321607536580476
0.05,9978,63,292634,29.324982463172663
0.05,9979,28,292662,29.324849699398797
0.05,9980,93,292755,29.331229335737902
0.05,9981,-48,292707,29.32348226808255
0.05,9982,-42,292665,29.316337774216166
0.05,9983,27,292692,29.31610576923077
0.05,9984,77,292769,29.320881321982974
0.05,9985,93,292862,29.327258161425995
0.05,9986,73,292935,29.331631120456592
0.05,9987,77,293012,29.336403684421306
0.05,9988,36,293048,29.33707077785564
0.05,9989,74,293122,29.34154154154154
0.05,9990,31,293153,29.341707536783105
0.05,9991,36,293189,29.342373899119295
0.05,9992,30,293219,29.342439707795457
0.05,9993,-78,293141,29.331699019411648
0.05,9994,-18,293123,29.326963481740872
0.05,9995,78,293201,29.331832733093236
0.05,9996,71,293272,29.336000800240072
0.05,9997,29,293301,29.335967193438687
0.05,9998,-17,293284,29.331333133313333
0.05,9999,81,293365,29.3365
